*************************************************
******************* ORCA 6.1.1 ******************
*************************************************
$Calculation_Status
   &GeometryIndex 1
   &version [&Type "String"] "6.1.1"
   &progName [&Type "String"] "ProgCIS"
   &Status [&Type "String"] "NORMAL TERMINATION"
$End
$Geometry
   &GeometryIndex 1
   &NAtoms [&Type "Integer"] 44
   &NCorelessECP [&Type "Integer"] 0
   &NGhostAtoms [&Type "Integer"] 0
   &CartesianCoordinates [&Type "Coordinates", &Dim(44,4), &Units "Bohr"] 
              C    -11.329806841831   -0.417425204438    3.040559406905
              C     -9.496424043142    0.476896975372    0.983905050388
              C     -9.385386748115   -1.337845743967   -1.274603305150
              C     -7.630267399933   -0.481790888939   -3.421609354654
              N     -4.972127101639   -0.324112403515   -2.686551301419
              C     -3.681412687205    1.933303563337   -2.171690488398
              O     -4.602199641392    4.053248297659   -2.239316513173
              C     -1.046775096624    1.201476072125   -1.561581407106
              C     -0.852434948632   -1.392603662795   -1.744293986692
              C     -3.356693096162   -2.412271048037   -2.478504888937
              O     -3.959459760253   -4.613598465995   -2.854213553481
              C      1.412250520659   -2.723792530017   -1.286183252633
              N      1.451018513277   -5.267379302694   -1.511242506365
              C      3.544604430124   -1.196258368421   -0.594971505631
              C      3.342454605457    1.500738701356   -0.404443790102
              C      1.000227515123    2.776804065362   -0.898147762759
              N      0.659603039537    5.304145490735   -0.765514749289
              C      5.560547450551    3.034869438704    0.310618985985
              O      5.455804811892    5.372731768376    0.490020278904
              C      7.990355129696    1.732511202914    0.831335679654
              C      8.188226217744   -0.907095353222    0.644843123876
              C      5.973030991140   -2.469414799140   -0.078656925714
              O      6.217679132780   -4.798803149134   -0.229860988267
              C     10.503734139778   -2.093289445354    1.146019067987
              C     12.599136152672   -0.657633343433    1.826637320807
              C     12.401681647843    1.977505221557    2.012473357546
              C     10.109514371840    3.167274781513    1.517264994534
              H    -10.782726785780   -2.277340314371    3.776008596632
              H    -11.371422836815    0.903310840104    4.635448993510
              H    -13.262103922615   -0.579562637542    2.305785342965
              H    -10.047203417266    2.366527065851    0.323411673955
              H     -7.599682014541    0.686407233972    1.799659478565
              H     -8.799872891101   -3.226554600241   -0.646829531970
              H    -11.285968880560   -1.553223181840   -2.086008489487
              H     -8.153005855255    1.402508603710   -4.093814783852
              H     -7.754245862529   -1.804689341104   -5.007338701587
              H     -0.163728817356   -6.157837648356   -2.017571444347
              H      3.096507686839   -6.181908704683   -1.172672437317
              H     -1.075379600854    6.007305369212   -1.155495795146
              H      2.154160045514    6.396042159831   -0.283332004935
              H     10.607749619065   -4.134534296289    0.988382348768
              H     14.391359563125   -1.582518182907    2.214273079986
              H     14.040877104863    3.094737991375    2.543988878407
              H      9.907805522287    5.203137773372    1.647299835832
$End
$SCF_Mulliken_Population_Analysis
   &GeometryIndex 1
   &NAtoms [&Type "Integer"] 44
   &ATNO [&Type "ArrayOfIntegers", &Dim (44,1)] 
                                                         0

0                                                        6
1                                                        6
2                                                        6
3                                                        6
4                                                        7
5                                                        6
6                                                        8
7                                                        6
8                                                        6
9                                                        6
10                                                       8
11                                                       6
12                                                       7
13                                                       6
14                                                       6
15                                                       6
16                                                       7
17                                                       6
18                                                       8
19                                                       6
20                                                       6
21                                                       6
22                                                       8
23                                                       6
24                                                       6
25                                                       6
26                                                       6
27                                                       1
28                                                       1
29                                                       1
30                                                       1
31                                                       1
32                                                       1
33                                                       1
34                                                       1
35                                                       1
36                                                       1
37                                                       1
38                                                       1
39                                                       1
40                                                       1
41                                                       1
42                                                       1
43                                                       1
   &AtomicCharges [&Type "ArrayOfDoubles", &Dim (44,1)] 
                                                         0

0                                     -4.4900845715548154e-01
1                                     -2.4981051861117720e-01
2                                     -2.5969020205067661e-01
3                                     -1.5853252313098132e-01
4                                     -4.9017009343670814e-01
5                                      5.3487931220749463e-01
6                                     -4.6324928231658369e-01
7                                     -2.9788428419506907e-02
8                                     -2.6041599618251254e-02
9                                      5.3269894900846371e-01
10                                    -4.6472533126653559e-01
11                                     2.6566508490344809e-01
12                                    -8.2608116900953643e-01
13                                     4.9706783876484195e-03
14                                     5.0623326114802580e-03
15                                     2.6621940770919483e-01
16                                    -8.2602347370686324e-01
17                                     3.0198189538148412e-01
18                                    -4.9114196895433615e-01
19                                     5.5124420372153260e-02
20                                     5.5126113554338829e-02
21                                     3.0204000201937653e-01
22                                    -4.9107272351086628e-01
23                                    -1.7957737813983776e-01
24                                    -1.3155420357922765e-01
25                                    -1.3151408169502332e-01
26                                    -1.7968118764571894e-01
27                                     1.4612029833175244e-01
28                                     1.4713169894750133e-01
29                                     1.4517774168966469e-01
30                                     1.4081479309246059e-01
31                                     1.3905976178010582e-01
32                                     1.5342647843083324e-01
33                                     1.4515034768712098e-01
34                                     1.7751102848386102e-01
35                                     1.7427201250111635e-01
36                                     3.6923039976061212e-01
37                                     3.8463686670928388e-01
38                                     3.6930291123481784e-01
39                                     3.8464929626638233e-01
40                                     1.6612984221931204e-01
41                                     1.5755591451184037e-01
42                                     1.5757373491079296e-01
43                                     1.6615129953482133e-01
   &Method [&Type "String"] "SCF"
   &Level [&Type "String"] "Relaxed density"
   &Mult [&Type "Integer"] 1
   &State [&Type "Integer"] -1
   &Irrep [&Type "Integer"] 0
$End
$SCF_Loewdin_Population_Analysis
   &GeometryIndex 1
   &NAtoms [&Type "Integer"] 44
   &ATNO [&Type "ArrayOfIntegers", &Dim (44,1)] 
                                                         0

0                                                        6
1                                                        6
2                                                        6
3                                                        6
4                                                        7
5                                                        6
6                                                        8
7                                                        6
8                                                        6
9                                                        6
10                                                       8
11                                                       6
12                                                       7
13                                                       6
14                                                       6
15                                                       6
16                                                       7
17                                                       6
18                                                       8
19                                                       6
20                                                       6
21                                                       6
22                                                       8
23                                                       6
24                                                       6
25                                                       6
26                                                       6
27                                                       1
28                                                       1
29                                                       1
30                                                       1
31                                                       1
32                                                       1
33                                                       1
34                                                       1
35                                                       1
36                                                       1
37                                                       1
38                                                       1
39                                                       1
40                                                       1
41                                                       1
42                                                       1
43                                                       1
   &AtomicCharges [&Type "ArrayOfDoubles", &Dim (44,1)] 
                                                         0

0                                     -3.6540962870019822e-01
1                                     -2.3630739931974976e-01
2                                     -2.3646189409763085e-01
3                                     -1.5348064313908072e-01
4                                     -5.0097137570338290e-02
5                                      1.3680650624814827e-01
6                                     -2.4387160493801296e-01
7                                     -5.3810246660193073e-02
8                                     -5.3258734870369473e-02
9                                      1.3794372016281375e-01
10                                    -2.4492331019725810e-01
11                                     6.1556015507216344e-02
12                                    -3.4371621634272120e-01
13                                    -6.5363147279034806e-02
14                                    -6.5441319728797964e-02
15                                     6.1661463635333646e-02
16                                    -3.4365802279656510e-01
17                                     1.2158992437184146e-01
18                                    -2.5770129816855558e-01
19                                    -4.1388104306222750e-02
20                                    -4.1411790187219744e-02
21                                     1.2160261346871337e-01
22                                    -2.5766979157032921e-01
23                                    -9.9606792595626992e-02
24                                    -1.1292453412580539e-01
25                                    -1.1292847751643187e-01
26                                    -9.9626421789790420e-02
27                                     1.2397568361417632e-01
28                                     1.2657151165781744e-01
29                                     1.2315668228963061e-01
30                                     1.2218022557901098e-01
31                                     1.2055341935818609e-01
32                                     1.2873949894423031e-01
33                                     1.2922509932223436e-01
34                                     1.4558879499073940e-01
35                                     1.4320362542897602e-01
36                                     2.6710418676640169e-01
37                                     2.7280116283625788e-01
38                                     2.6710118298798780e-01
39                                     2.7281078832661576e-01
40                                     1.5243792787597066e-01
41                                     1.4499689116843828e-01
42                                     1.4501574932456052e-01
43                                     1.5243384203460675e-01
   &Method [&Type "String"] "SCF"
   &Level [&Type "String"] "Relaxed density"
   &Mult [&Type "Integer"] 1
   &State [&Type "Integer"] -1
   &Irrep [&Type "Integer"] 0
$End
$SCF_Mayer_Population_Analysis
   &GeometryIndex 1
   &NAtoms [&Type "Integer"] 44 "Total number of atoms"
   &NBondOrdersPrint [&Type "Integer"] 49 "The number of bond orders larger than threshold"
   &bondThresh [&Type "Double"]       1.0000000000000001e-01  "The threshold for printing"
   &components [&Type "ArrayOfIntegers", &Dim (49,4)] "The indices and atomic numbers of the bonding atoms"
                                                         0                           1                           2                           3

0                                                        0                           6                           1                           6
1                                                        0                           6                          27                           1
2                                                        0                           6                          28                           1
3                                                        0                           6                          29                           1
4                                                        1                           6                           2                           6
5                                                        1                           6                          30                           1
6                                                        1                           6                          31                           1
7                                                        2                           6                           3                           6
8                                                        2                           6                          32                           1
9                                                        2                           6                          33                           1
10                                                       3                           6                           4                           7
11                                                       3                           6                          34                           1
12                                                       3                           6                          35                           1
13                                                       4                           7                           5                           6
14                                                       4                           7                           9                           6
15                                                       5                           6                           6                           8
16                                                       5                           6                           7                           6
17                                                       7                           6                           8                           6
18                                                       7                           6                          15                           6
19                                                       8                           6                           9                           6
20                                                       8                           6                          11                           6
21                                                       9                           6                          10                           8
22                                                      11                           6                          12                           7
23                                                      11                           6                          13                           6
24                                                      12                           7                          36                           1
25                                                      12                           7                          37                           1
26                                                      13                           6                          14                           6
27                                                      13                           6                          21                           6
28                                                      14                           6                          15                           6
29                                                      14                           6                          17                           6
30                                                      15                           6                          16                           7
31                                                      16                           7                          38                           1
32                                                      16                           7                          39                           1
33                                                      17                           6                          18                           8
34                                                      17                           6                          19                           6
35                                                      18                           8                          39                           1
36                                                      19                           6                          20                           6
37                                                      19                           6                          26                           6
38                                                      20                           6                          21                           6
39                                                      20                           6                          23                           6
40                                                      21                           6                          22                           8
41                                                      22                           8                          37                           1
42                                                      23                           6                          24                           6
43                                                      23                           6                          40                           1
44                                                      24                           6                          25                           6
45                                                      24                           6                          41                           1
46                                                      25                           6                          26                           6
47                                                      25                           6                          42                           1
48                                                      26                           6                          43                           1
   &BondOrders [&Type "ArrayOfDoubles", &Dim (49,1)] "The bond orders"
                                                         0

0                                      1.0197922507593724e+00
1                                      9.5151616951608009e-01
2                                      9.5189989162712818e-01
3                                      9.5224961706078681e-01
4                                      1.0176993930806559e+00
5                                      9.4104207816273200e-01
6                                      9.3980475609098679e-01
7                                      9.9739677775582281e-01
8                                      9.3319527291868465e-01
9                                      9.3303545061772630e-01
10                                     9.1070357551517167e-01
11                                     9.2024608355941506e-01
12                                     9.2583609324284333e-01
13                                     1.0076585657761217e+00
14                                     1.0089939228952445e+00
15                                     1.8112070274738894e+00
16                                     9.6426089072816890e-01
17                                     1.4387892873158830e+00
18                                     1.2280657624653770e+00
19                                     9.6738810222790828e-01
20                                     1.2275234168611269e+00
21                                     1.8133171619135529e+00
22                                     1.1663727408643845e+00
23                                     1.2270455751923632e+00
24                                     7.8126260182423679e-01
25                                     7.4174663739555124e-01
26                                     1.2994687699175143e+00
27                                     1.0190274454944563e+00
28                                     1.2275027114905634e+00
29                                     1.0189781248896974e+00
30                                     1.1666438444869194e+00
31                                     7.8107646501904537e-01
32                                     7.4173224172183849e-01
33                                     1.7168082723413560e+00
34                                     9.9426556052206605e-01
35                                     1.0157988818115422e-01
36                                     1.3654764174234191e+00
37                                     1.3738904421718467e+00
38                                     9.9432480916663901e-01
39                                     1.3739016576076524e+00
40                                     1.7169098396833491e+00
41                                     1.0157902772418696e-01
42                                     1.4288384567976562e+00
43                                     9.0693945120924591e-01
44                                     1.4022175204180303e+00
45                                     9.2691680632904827e-01
46                                     1.4288260781728777e+00
47                                     9.2690902659666796e-01
48                                     9.0693929895340464e-01
   &ATNO [&Type "ArrayOfIntegers", &Dim (44,1)] "Atomic number of the elements"
                                                         0

0                                                        6
1                                                        6
2                                                        6
3                                                        6
4                                                        7
5                                                        6
6                                                        8
7                                                        6
8                                                        6
9                                                        6
10                                                       8
11                                                       6
12                                                       7
13                                                       6
14                                                       6
15                                                       6
16                                                       7
17                                                       6
18                                                       8
19                                                       6
20                                                       6
21                                                       6
22                                                       8
23                                                       6
24                                                       6
25                                                       6
26                                                       6
27                                                       1
28                                                       1
29                                                       1
30                                                       1
31                                                       1
32                                                       1
33                                                       1
34                                                       1
35                                                       1
36                                                       1
37                                                       1
38                                                       1
39                                                       1
40                                                       1
41                                                       1
42                                                       1
43                                                       1
   &NA [&Type "ArrayOfDoubles", &Dim (44,1)] "Mulliken gross atomic population"
                                                         0

0                                      6.4490084571554789e+00
1                                      6.2498105186111799e+00
2                                      6.2596902020506766e+00
3                                      6.1585325231309822e+00
4                                      7.4901700934367037e+00
5                                      5.4651206877925071e+00
6                                      8.4632492823165855e+00
7                                      6.0297884284195051e+00
8                                      6.0260415996182557e+00
9                                      5.4673010509915354e+00
10                                     8.4647253312665374e+00
11                                     5.7343349150965519e+00
12                                     7.8260811690095355e+00
13                                     5.9950293216123480e+00
14                                     5.9949376673885197e+00
15                                     5.7337805922908043e+00
16                                     7.8260234737068632e+00
17                                     5.6980181046185141e+00
18                                     8.4911419689543379e+00
19                                     5.9448755796278459e+00
20                                     5.9448738864456612e+00
21                                     5.6979599979806190e+00
22                                     8.4910727235108734e+00
23                                     6.1795773781398395e+00
24                                     6.1315542035792276e+00
25                                     6.1315140816950242e+00
26                                     6.1796811876457163e+00
27                                     8.5387970166824778e-01
28                                     8.5286830105249833e-01
29                                     8.5482225831033520e-01
30                                     8.5918520690753974e-01
31                                     8.6094023821989429e-01
32                                     8.4657352156916676e-01
33                                     8.5484965231287879e-01
34                                     8.2248897151613876e-01
35                                     8.2572798749888343e-01
36                                     6.3076960023938788e-01
37                                     6.1536313329071568e-01
38                                     6.3069708876518216e-01
39                                     6.1535070373361744e-01
40                                     8.3387015778068818e-01
41                                     8.4244408548815952e-01
42                                     8.4242626508920715e-01
43                                     8.3384870046517856e-01
   &ZA [&Type "ArrayOfDoubles", &Dim (44,1)] "Total nuclear charge"
                                                         0

0                                      6.0000000000000000e+00
1                                      6.0000000000000000e+00
2                                      6.0000000000000000e+00
3                                      6.0000000000000000e+00
4                                      7.0000000000000000e+00
5                                      6.0000000000000000e+00
6                                      8.0000000000000000e+00
7                                      6.0000000000000000e+00
8                                      6.0000000000000000e+00
9                                      6.0000000000000000e+00
10                                     8.0000000000000000e+00
11                                     6.0000000000000000e+00
12                                     7.0000000000000000e+00
13                                     6.0000000000000000e+00
14                                     6.0000000000000000e+00
15                                     6.0000000000000000e+00
16                                     7.0000000000000000e+00
17                                     6.0000000000000000e+00
18                                     8.0000000000000000e+00
19                                     6.0000000000000000e+00
20                                     6.0000000000000000e+00
21                                     6.0000000000000000e+00
22                                     8.0000000000000000e+00
23                                     6.0000000000000000e+00
24                                     6.0000000000000000e+00
25                                     6.0000000000000000e+00
26                                     6.0000000000000000e+00
27                                     1.0000000000000000e+00
28                                     1.0000000000000000e+00
29                                     1.0000000000000000e+00
30                                     1.0000000000000000e+00
31                                     1.0000000000000000e+00
32                                     1.0000000000000000e+00
33                                     1.0000000000000000e+00
34                                     1.0000000000000000e+00
35                                     1.0000000000000000e+00
36                                     1.0000000000000000e+00
37                                     1.0000000000000000e+00
38                                     1.0000000000000000e+00
39                                     1.0000000000000000e+00
40                                     1.0000000000000000e+00
41                                     1.0000000000000000e+00
42                                     1.0000000000000000e+00
43                                     1.0000000000000000e+00
   &QA [&Type "ArrayOfDoubles", &Dim (44,1)] "Mulliken gross atomic charge"
                                                         0

0                                     -4.4900845715547888e-01
1                                     -2.4981051861117987e-01
2                                     -2.5969020205067661e-01
3                                     -1.5853252313098221e-01
4                                     -4.9017009343670370e-01
5                                      5.3487931220749285e-01
6                                     -4.6324928231658546e-01
7                                     -2.9788428419505131e-02
8                                     -2.6041599618255695e-02
9                                      5.3269894900846460e-01
10                                    -4.6472533126653737e-01
11                                     2.6566508490344809e-01
12                                    -8.2608116900953554e-01
13                                     4.9706783876519722e-03
14                                     5.0623326114802580e-03
15                                     2.6621940770919572e-01
16                                    -8.2602347370686324e-01
17                                     3.0198189538148590e-01
18                                    -4.9114196895433793e-01
19                                     5.5124420372154148e-02
20                                     5.5126113554338829e-02
21                                     3.0204000201938097e-01
22                                    -4.9107272351087339e-01
23                                    -1.7957737813983954e-01
24                                    -1.3155420357922765e-01
25                                    -1.3151408169502421e-01
26                                    -1.7968118764571628e-01
27                                     1.4612029833175222e-01
28                                     1.4713169894750167e-01
29                                     1.4517774168966480e-01
30                                     1.4081479309246026e-01
31                                     1.3905976178010571e-01
32                                     1.5342647843083324e-01
33                                     1.4515034768712121e-01
34                                     1.7751102848386124e-01
35                                     1.7427201250111657e-01
36                                     3.6923039976061212e-01
37                                     3.8463686670928432e-01
38                                     3.6930291123481784e-01
39                                     3.8464929626638256e-01
40                                     1.6612984221931182e-01
41                                     1.5755591451184048e-01
42                                     1.5757373491079285e-01
43                                     1.6615129953482144e-01
   &VA [&Type "ArrayOfDoubles", &Dim (44,1)] "Mayer's total valence"
                                                         0

0                                      3.8629378581770366e+00
1                                      3.8856413439060957e+00
2                                      3.8514828804290131e+00
3                                      3.8078139173625014e+00
4                                      3.0736986485379836e+00
5                                      3.8772444101962669e+00
6                                      2.0985236116921828e+00
7                                      3.8622619487223351e+00
8                                      3.8621616014087818e+00
9                                      3.8789374857161407e+00
10                                     2.0947920630284478e+00
11                                     3.7834678908300514e+00
12                                     2.8661702860825593e+00
13                                     3.7640691256219716e+00
14                                     3.7646254541999720e+00
15                                     3.7838504405548319e+00
16                                     2.8664861524435699e+00
17                                     3.8703656028280018e+00
18                                     2.0651328961690578e+00
19                                     3.8796928927547931e+00
20                                     3.8797983154305706e+00
21                                     3.8704794176412101e+00
22                                     2.0652452603683371e+00
23                                     3.8822371284196393e+00
24                                     3.8909341759070615e+00
25                                     3.8908871640964220e+00
26                                     3.8822418584083067e+00
27                                     9.3438192694365951e-01
28                                     9.3348217135342104e-01
29                                     9.3441840019618905e-01
30                                     9.3231762380553396e-01
31                                     9.3254162659401119e-01
32                                     9.3633427027657057e-01
33                                     9.3239935578560340e-01
34                                     9.3816497537481758e-01
35                                     9.2962332107235623e-01
36                                     8.6190530752823513e-01
37                                     8.6222127947366900e-01
38                                     8.6188911690360015e-01
39                                     8.6222474390243886e-01
40                                     9.4540789770125255e-01
41                                     9.3317793262155113e-01
42                                     9.3317237753346527e-01
43                                     9.4541612804064257e-01
   &BVA [&Type "ArrayOfDoubles", &Dim (44,1)] "Mayer's bonded valence"
                                                         0

0                                      3.8629378581770579e+00
1                                      3.8856413439061193e+00
2                                      3.8514828804290202e+00
3                                      3.8078139173625565e+00
4                                      3.0736986485380315e+00
5                                      3.8772444101962522e+00
6                                      2.0985236116921975e+00
7                                      3.8622619487222809e+00
8                                      3.8621616014087552e+00
9                                      3.8789374857161008e+00
10                                     2.0947920630283701e+00
11                                     3.7834678908300656e+00
12                                     2.8661702860826237e+00
13                                     3.7640691256219814e+00
14                                     3.7646254541999560e+00
15                                     3.7838504405547275e+00
16                                     2.8664861524435308e+00
17                                     3.8703656028279982e+00
18                                     2.0651328961690751e+00
19                                     3.8796928927547842e+00
20                                     3.8797983154305387e+00
21                                     3.8704794176412154e+00
22                                     2.0652452603682931e+00
23                                     3.8822371284196042e+00
24                                     3.8909341759070806e+00
25                                     3.8908871640964495e+00
26                                     3.8822418584083396e+00
27                                     9.3438192694366329e-01
28                                     9.3348217135342626e-01
29                                     9.3441840019618527e-01
30                                     9.3231762380553806e-01
31                                     9.3254162659400974e-01
32                                     9.3633427027656602e-01
33                                     9.3239935578560673e-01
34                                     9.3816497537482302e-01
35                                     9.2962332107235623e-01
36                                     8.6190530752823724e-01
37                                     8.6222127947367533e-01
38                                     8.6188911690359959e-01
39                                     8.6222474390244475e-01
40                                     9.4540789770123634e-01
41                                     9.3317793262156035e-01
42                                     9.3317237753346793e-01
43                                     9.4541612804064501e-01
   &FA [&Type "ArrayOfDoubles", &Dim (44,1)] "Mayer's free valence"
                                                         0

0                                      0.0000000000000000e+00
1                                      0.0000000000000000e+00
2                                      0.0000000000000000e+00
3                                      0.0000000000000000e+00
4                                      0.0000000000000000e+00
5                                      0.0000000000000000e+00
6                                      0.0000000000000000e+00
7                                      0.0000000000000000e+00
8                                      0.0000000000000000e+00
9                                      0.0000000000000000e+00
10                                     0.0000000000000000e+00
11                                     0.0000000000000000e+00
12                                     0.0000000000000000e+00
13                                     0.0000000000000000e+00
14                                     0.0000000000000000e+00
15                                     0.0000000000000000e+00
16                                     0.0000000000000000e+00
17                                     0.0000000000000000e+00
18                                     0.0000000000000000e+00
19                                     0.0000000000000000e+00
20                                     0.0000000000000000e+00
21                                     0.0000000000000000e+00
22                                     0.0000000000000000e+00
23                                     0.0000000000000000e+00
24                                     0.0000000000000000e+00
25                                     0.0000000000000000e+00
26                                     0.0000000000000000e+00
27                                     0.0000000000000000e+00
28                                     0.0000000000000000e+00
29                                     0.0000000000000000e+00
30                                     0.0000000000000000e+00
31                                     0.0000000000000000e+00
32                                     0.0000000000000000e+00
33                                     0.0000000000000000e+00
34                                     0.0000000000000000e+00
35                                     0.0000000000000000e+00
36                                     0.0000000000000000e+00
37                                     0.0000000000000000e+00
38                                     0.0000000000000000e+00
39                                     0.0000000000000000e+00
40                                     0.0000000000000000e+00
41                                     0.0000000000000000e+00
42                                     0.0000000000000000e+00
43                                     0.0000000000000000e+00
   &Method [&Type "String"] "SCF"
   &Level [&Type "String"] "Relaxed density"
   &Mult [&Type "Integer"] 1
   &State [&Type "Integer"] -1
   &Irrep [&Type "Integer"] 0
$End
$SCF_Energy
   &GeometryIndex 1
   &Method [&Type "String"] "SCF"
   &totalEnergy [&Type "ArrayOfDoubles", &Dim (1,1)] "Total energy of each state"
                                                         0

0                                     -1.2368944492858973e+03
   &Mult [&Type "ArrayOfIntegers", &Dim (1,1)] "Multiplicity of each state"
                                                         0

0                                                        1
$End
$DFT_Energy
   &GeometryIndex 1
   &nAlphaEl [&Type "Integer"] 95
   &nBetaEl [&Type "Integer"] 95
   &nTotalEl [&Type "Integer"] 190
   &finalEn [&Type "Double"]      -1.2368944492858973e+03  "No Van der Waals correction"
   &eExchange [&Type "Double"]      -1.2931564136856613e+02
   &eCorr [&Type "Double"]      -7.7120340904384692e+00
   &eXC [&Type "Double"]      -1.3702767545900460e+02
   &eCNL [&Type "Double"]       0.0000000000000000e+00
$End
$Solvation_Details
   &GeometryIndex 1
   &Solvent [&Type "String"] "TOLUENE"
   &Epsilon [&Type "Double"]       2.3870000000000000e+00
   &Refrac [&Type "Double"]       1.4961000000000000e+00
   &RSolv [&Type "Double"]       1.3000000000000000e+00
   &SurfaceType [&Type "String"] "GAUSSIAN VDW"
   &CPCMDielEnergy [&Type "Double"]      -9.0762240000000008e-03
   &NPoints [&Type "Integer"] 3737
   &SurfaceArea [&Type "Double"]       1.3472918289380000e+03
$End
$SCF_Timings
   &GeometryIndex 1
   &TOTAL [&Type "Double"]       5.7065870000000004e+01
   &PREP [&Type "Double"]       1.1028470000000001e+00
   &FOCK [&Type "Double"]       5.3785420000000002e+01
   &DENS [&Type "Double"]       1.1891800000000075e-01
   &ETOT [&Type "Double"]       6.6844000000004122e-02
   &POP [&Type "Double"]       5.2683000000001812e-02
   &TRAFO [&Type "Double"]       1.1964500000000200e-01
   &DIIS [&Type "Double"]       5.2242299999999720e-01
   &SOSCF [&Type "Double"]       3.6513899999999566e-01
   &XC [&Type "Double"]       5.4288339999999904e+00
   &FOCKSTART [&Type "Double"]       1.4540000000009767e-02
   &SOLV [&Type "Double"]       9.0590900000000136e+00
   &SOLV_INIT [&Type "Double"]       4.4062100000000015e-01
   &SOLV_FINAL [&Type "Double"]       1.0000000045806701e-06
   &INT_PREP [&Type "Double"]       8.0000000028945806e-06
   &INT_BF [&Type "Double"]       1.4060099999999309e+00
   &INT_DENS [&Type "Double"]       1.2320140000000075e+00
   &INT_DENSIO [&Type "Double"]       1.6599608463700031e+05
   &INT_FUNC [&Type "Double"]       1.5766499999973771e-01
   &INT_POT [&Type "Double"]       1.2475910000000470e+00
   &INT_POTIO [&Type "Double"]       3.8031000000198212e-02
   &INT_SUM [&Type "Double"]       6.1799999999934130e-04
   &SPLITRIJ [&Type "Double"]       5.5069939999999926e+00
   &COSX [&Type "Double"]       3.5599738000000002e+01
   &FROZCORE [&Type "Double"]       7.9510000000055925e-03
$End
$CIS_Absorption_Spectrum
   &GeometryIndex 1
   &Method [&Type "Integer"] 20
   &RelCorrection [&Type "Integer"] 1 "Type of relativistic treatment in QDPT. 0->Unknow, 1->None, 2->SOC, 3->SSC, 4->SOC/SSC"
   &DensType [&Type "Integer"] 3 "Type of density (electron/spin ...). 0->Unknow, 1->Electronic, 2->Spin, 3->Trans/Electronic, 4->Tran/Spin"
   &DeriType [&Type "Integer"] 0 "Type of derivative (w.r.t. to what perturbation). 0->Unknown, 1->No Derivative, 2->Electric/Dipole, 3->Electric/Quad, 4->Magnetic/Dipole, 5->Magnetic/Quad"
   &DensLevel [&Type "Integer"] 0 "// Source of density: relaxed, unrelaxed, ... 0->Unknown, 1->Linearized, 2->Unrelaxed, 3->Relaxed"
   &Density_name [&Type "String"] "Tdens-CIS"
   &Representation [&Type "String"] "Length" "Possible values: Unknown,  Length, Velocity"
   &PointGroup [&Type "String"] "C1"
   &DoHigherMoments [&Type "Boolean"] false
   &NTrans [&Type "Integer"] 8
   &ExcitationEnergies [&Type "ArrayOfDoubles", &Dim (8,11)] 
                                                         0                           1                           2                           3                           4                           5                           6                           7

0                                      2.0658002131685249e+00         1.6661804127430481e+04         6.0017510249906900e+02         4.6403867748427008e-01         9.1686995806476741e+00        -2.9298385653140095e+00         0.0000000000000000e+00        -1.6692587217550015e-01
1                                      2.7743775235642625e+00         2.2376866155063330e+04         4.4689010206807922e+02         1.5778469965629015e-05         2.3213531254491376e-04        -1.9049389568960831e-03         0.0000000000000000e+00        -1.2182721875622384e-03
2                                      3.0951267875676414e+00         2.4963883707280907e+04         4.0057869669868006e+02         4.0086979126097216e-08         5.2864821050122622e-07        -2.0646941979420963e-04         0.0000000000000000e+00        -6.8256650052299567e-04
3                                      3.2743201341749768e+00         2.6409175668758024e+04         3.7865627179836474e+02         2.1088051155501372e-03         2.6287978342216165e-02        -1.5214054200457824e-01         0.0000000000000000e+00        -8.9133089561879205e-03
4                                      3.3142184903169913e+00         2.6730977646900468e+04         3.7409780263534537e+02         7.4316175705763333e-03         9.1525918818852775e-02         2.3675007989247612e-02         0.0000000000000000e+00        -3.0081098249805910e-01
5                                      3.3954688871500149e+00         2.7386306361012375e+04         3.6514599187556649e+02         2.8015193982775959e-03         3.3677183173833440e-02         9.9659523156774080e-03         0.0000000000000000e+00        -1.8292866533152990e-01
6                                      3.4852634682373820e+00         2.8110548575842819e+04         3.5573834402483465e+02         2.6419403697615666e-04         3.0940638911530027e-03         1.5352884925436336e-02         0.0000000000000000e+00        -2.2139791434876246e-03
7                                      3.4908236310809659e+00         2.8155394318246108e+04         3.5517172613418160e+02         2.7291074045471351e-02         3.1910572879006283e-01         5.4543882406997601e-01         0.0000000000000000e+00         3.0389813830932637e-02
                                                         8                           9                          10

0                                      0.0000000000000000e+00        -7.4624480905723545e-01         0.0000000000000000e+00
1                                      0.0000000000000000e+00         1.5067260301475704e-02         0.0000000000000000e+00
2                                      0.0000000000000000e+00         1.4185049014670361e-04         0.0000000000000000e+00
3                                      0.0000000000000000e+00        -5.5333414355350156e-02         0.0000000000000000e+00
4                                      0.0000000000000000e+00        -2.1866998516354003e-02         0.0000000000000000e+00
5                                      0.0000000000000000e+00        -1.0722237094012054e-02         0.0000000000000000e+00
6                                      0.0000000000000000e+00         5.3417704106143632e-02         0.0000000000000000e+00
7                                      0.0000000000000000e+00         1.4380082476309300e-01         0.0000000000000000e+00
   &States [&Type "ArrayOfIntegers", &Dim (8,4)] "The initial and Final states. Col1: Initial State  Col2: Initial Irrep Col3: Final State Col4: Final Irrep"
                                                         0                           1                           2                           3

0                                                        0                           0                           1                           0
1                                                        0                           0                           2                           0
2                                                        0                           0                           3                           0
3                                                        0                           0                           4                           0
4                                                        0                           0                           5                           0
5                                                        0                           0                           6                           0
6                                                        0                           0                           7                           0
7                                                        0                           0                           8                           0
   &Multiplicities [&Type "ArrayOfDoubles", &Dim (8,2)] "Col1: Multiplicity of the initial state  Col2: Multiplicity of the final state"
                                                         0                           1

0                                      1.0000000000000000e+00         1.0000000000000000e+00
1                                      1.0000000000000000e+00         1.0000000000000000e+00
2                                      1.0000000000000000e+00         1.0000000000000000e+00
3                                      1.0000000000000000e+00         1.0000000000000000e+00
4                                      1.0000000000000000e+00         1.0000000000000000e+00
5                                      1.0000000000000000e+00         1.0000000000000000e+00
6                                      1.0000000000000000e+00         1.0000000000000000e+00
7                                      1.0000000000000000e+00         1.0000000000000000e+00
   &Temperature [&Type "Double"]       2.9814999999999998e+02
$End
$CIS_Absorption_Spectrum
   &GeometryIndex 1
   &Method [&Type "Integer"] 20
   &RelCorrection [&Type "Integer"] 1 "Type of relativistic treatment in QDPT. 0->Unknow, 1->None, 2->SOC, 3->SSC, 4->SOC/SSC"
   &DensType [&Type "Integer"] 3 "Type of density (electron/spin ...). 0->Unknow, 1->Electronic, 2->Spin, 3->Trans/Electronic, 4->Tran/Spin"
   &DeriType [&Type "Integer"] 0 "Type of derivative (w.r.t. to what perturbation). 0->Unknown, 1->No Derivative, 2->Electric/Dipole, 3->Electric/Quad, 4->Magnetic/Dipole, 5->Magnetic/Quad"
   &DensLevel [&Type "Integer"] 0 "// Source of density: relaxed, unrelaxed, ... 0->Unknown, 1->Linearized, 2->Unrelaxed, 3->Relaxed"
   &Density_name [&Type "String"] "Tdens-CIS"
   &Representation [&Type "String"] "Velocity" "Possible values: Unknown,  Length, Velocity"
   &PointGroup [&Type "String"] "C1"
   &DoHigherMoments [&Type "Boolean"] false
   &NTrans [&Type "Integer"] 8
   &ExcitationEnergies [&Type "ArrayOfDoubles", &Dim (8,11)] 
                                                         0                           1                           2                           3                           4                           5                           6                           7

0                                      2.0658002131685249e+00         1.6661804127430481e+04         6.0017510249906900e+02         7.5835822716879249e-03         8.6358155573049427e-04         2.8780876977527219e-02         0.0000000000000000e+00         2.1504318252064222e-03
1                                      2.7743775235642625e+00         2.2376866155063330e+04         4.4689010206807922e+02         2.0226981671262685e-04         3.0934085099637473e-05        -1.3221483302544303e-03         0.0000000000000000e+00        -4.8840060057357844e-04
2                                      3.0951267875676414e+00         2.4963883707280907e+04         4.0057869669868006e+02         4.4830099094189272e-09         7.6487203106919444e-10         7.1600159189190506e-06         0.0000000000000000e+00        -1.8553884554414196e-05
3                                      3.2743201341749768e+00         2.6409175668758024e+04         3.7865627179836474e+02         1.0451893445092549e-03         1.8864997404460150e-04         1.0856499212425008e-02         0.0000000000000000e+00         4.0027123169908012e-04
4                                      3.3142184903169913e+00         2.6730977646900468e+04         3.7409780263534537e+02         1.0127608732133032e-03         1.8502426519078293e-04         1.0512923020310062e-03         0.0000000000000000e+00        -1.3540049255359524e-02
5                                      3.3954688871500149e+00         2.7386306361012375e+04         3.6514599187556649e+02         8.5091028461811713e-04         1.5926640083154211e-04         1.0351206714664051e-03         0.0000000000000000e+00        -1.2498868780377825e-02
6                                      3.4852634682373820e+00         2.8110548575842819e+04         3.5573834402483465e+02         1.0825417875975872e-03         2.0797968756455776e-04        -5.6974257360245606e-03         0.0000000000000000e+00        -1.1299650315984419e-03
7                                      3.4908236310809659e+00         2.8155394318246108e+04         3.5517172613418160e+02         1.1326975662848441e-02         2.1796286721984704e-03        -4.5060404640677648e-02         0.0000000000000000e+00        -2.5088011774081756e-03
                                                         8                           9                          10

0                                      0.0000000000000000e+00        -5.5333822477827560e-03         0.0000000000000000e+00
1                                      0.0000000000000000e+00         5.3802856565244063e-03         0.0000000000000000e+00
2                                      0.0000000000000000e+00        -1.9218729694011792e-05         0.0000000000000000e+00
3                                      0.0000000000000000e+00         8.4039384717102001e-03         0.0000000000000000e+00
4                                      0.0000000000000000e+00        -7.6558203277720272e-04         0.0000000000000000e+00
5                                      0.0000000000000000e+00        -1.4047082394367835e-03         0.0000000000000000e+00
6                                      0.0000000000000000e+00         1.3200083582099299e-02         0.0000000000000000e+00
7                                      0.0000000000000000e+00        -1.1953849692425533e-02         0.0000000000000000e+00
   &States [&Type "ArrayOfIntegers", &Dim (8,4)] "The initial and Final states. Col1: Initial State  Col2: Initial Irrep Col3: Final State Col4: Final Irrep"
                                                         0                           1                           2                           3

0                                                        0                           0                           1                           0
1                                                        0                           0                           2                           0
2                                                        0                           0                           3                           0
3                                                        0                           0                           4                           0
4                                                        0                           0                           5                           0
5                                                        0                           0                           6                           0
6                                                        0                           0                           7                           0
7                                                        0                           0                           8                           0
   &Multiplicities [&Type "ArrayOfDoubles", &Dim (8,2)] "Col1: Multiplicity of the initial state  Col2: Multiplicity of the final state"
                                                         0                           1

0                                      1.0000000000000000e+00         1.0000000000000000e+00
1                                      1.0000000000000000e+00         1.0000000000000000e+00
2                                      1.0000000000000000e+00         1.0000000000000000e+00
3                                      1.0000000000000000e+00         1.0000000000000000e+00
4                                      1.0000000000000000e+00         1.0000000000000000e+00
5                                      1.0000000000000000e+00         1.0000000000000000e+00
6                                      1.0000000000000000e+00         1.0000000000000000e+00
7                                      1.0000000000000000e+00         1.0000000000000000e+00
   &Temperature [&Type "Double"]       2.9814999999999998e+02
$End
$CIS_ECD_Spectrum
   &GeometryIndex 1
   &Method [&Type "Integer"] 20
   &RelCorrection [&Type "Integer"] 1 "Type of relativistic treatment in QDPT. 0->Unknow, 1->None, 2->SOC, 3->SSC, 4->SOC/SSC"
   &DensType [&Type "Integer"] 3 "Type of density (electron/spin ...). 0->Unknow, 1->Electronic, 2->Spin, 3->Trans/Electronic, 4->Tran/Spin"
   &DeriType [&Type "Integer"] 0 "Type of derivative (w.r.t. to what perturbation). 0->Unknown, 1->No Derivative, 2->Electric/Dipole, 3->Electric/Quad, 4->Magnetic/Dipole, 5->Magnetic/Quad"
   &DensLevel [&Type "Integer"] 0 "// Source of density: relaxed, unrelaxed, ... 0->Unknown, 1->Linearized, 2->Unrelaxed, 3->Relaxed"
   &Density_name [&Type "String"] "Tdens-CIS"
   &Representation [&Type "String"] "Length" "Possible values: Unknown,  Length, Velocity"
   &PointGroup [&Type "String"] "C1"
   &DoHigherMoments [&Type "Boolean"] false
   &NTrans [&Type "Integer"] 8
   &ExcitationEnergies [&Type "ArrayOfDoubles", &Dim (8,10)] 
                                                         0                           1                           2                           3                           4                           5                           6                           7

0                                      2.0658002131685249e+00         1.6661804127430481e+04         6.0017510249906900e+02        -4.1393856352634689e-01         3.7120118431686784e-03         0.0000000000000000e+00        -5.3497224177156077e-02         0.0000000000000000e+00
1                                      2.7743775235642625e+00         2.2376866155063330e+04         4.4689010206807922e+02         3.4448120746011198e-03         1.3479208562694512e-02         0.0000000000000000e+00        -1.7136982500582812e-01         0.0000000000000000e+00
2                                      3.0951267875676414e+00         2.4963883707280907e+04         4.0057869669868006e+02         3.8031020519940085e-03         3.3606602332089695e-02         0.0000000000000000e+00         3.3740511922995642e-03         0.0000000000000000e+00
3                                      3.2743201341749768e+00         2.6409175668758024e+04         3.7865627179836474e+02         7.2729494879469555e-04        -1.2016024022137228e-03         0.0000000000000000e+00         1.7691794439371699e-02         0.0000000000000000e+00
4                                      3.3142184903169913e+00         2.6730977646900468e+04         3.7409780263534537e+02         1.1051130286853797e-01        -6.9901733769818411e-02         0.0000000000000000e+00        -2.3175640374412804e-02         0.0000000000000000e+00
5                                      3.3954688871500149e+00         2.7386306361012375e+04         3.6514599187556649e+02         1.0885980681372628e-03        -3.5394672517960593e-02         0.0000000000000000e+00        -8.7490030424085350e-03         0.0000000000000000e+00
6                                      3.4852634682373820e+00         2.8110548575842819e+04         3.5573834402483465e+02        -5.2853257709442096e-02        -2.7090384296211075e-02         0.0000000000000000e+00         4.1412361304137207e-01         0.0000000000000000e+00
7                                      3.4908236310809659e+00         2.8155394318246108e+04         3.5517172613418160e+02         3.0976668792031061e-02         3.7769970321562424e-04         0.0000000000000000e+00        -1.8693451141469407e-03         0.0000000000000000e+00
                                                         8                           9

0                                     -3.7836579653729835e-03         0.0000000000000000e+00
1                                     -1.2636992655034684e-02         0.0000000000000000e+00
2                                      8.2829520136259212e-03         0.0000000000000000e+00
3                                      4.8185505990349015e-04         0.0000000000000000e+00
4                                      2.5385148320277434e-01         0.0000000000000000e+00
5                                      1.1658116301090772e-01         0.0000000000000000e+00
6                                      2.7048791236862216e-02         0.0000000000000000e+00
7                                     -1.4944841042769234e-03         0.0000000000000000e+00
   &States [&Type "ArrayOfIntegers", &Dim (8,4)] "The initial and Final states. Col1: Initial State  Col2: Initial Irrep Col3: Final State Col4: Final Irrep"
                                                         0                           1                           2                           3

0                                                        0                           0                           1                           0
1                                                        0                           0                           2                           0
2                                                        0                           0                           3                           0
3                                                        0                           0                           4                           0
4                                                        0                           0                           5                           0
5                                                        0                           0                           6                           0
6                                                        0                           0                           7                           0
7                                                        0                           0                           8                           0
   &Multiplicities [&Type "ArrayOfDoubles", &Dim (8,2)] "Col1: Multiplicity of the initial state  Col2: Multiplicity of the final state"
                                                         0                           1

0                                      1.0000000000000000e+00         1.0000000000000000e+00
1                                      1.0000000000000000e+00         1.0000000000000000e+00
2                                      1.0000000000000000e+00         1.0000000000000000e+00
3                                      1.0000000000000000e+00         1.0000000000000000e+00
4                                      1.0000000000000000e+00         1.0000000000000000e+00
5                                      1.0000000000000000e+00         1.0000000000000000e+00
6                                      1.0000000000000000e+00         1.0000000000000000e+00
7                                      1.0000000000000000e+00         1.0000000000000000e+00
   &Temperature [&Type "Double"]       2.9814999999999998e+02
$End
$CIS_ECD_Spectrum
   &GeometryIndex 1
   &Method [&Type "Integer"] 20
   &RelCorrection [&Type "Integer"] 1 "Type of relativistic treatment in QDPT. 0->Unknow, 1->None, 2->SOC, 3->SSC, 4->SOC/SSC"
   &DensType [&Type "Integer"] 3 "Type of density (electron/spin ...). 0->Unknow, 1->Electronic, 2->Spin, 3->Trans/Electronic, 4->Tran/Spin"
   &DeriType [&Type "Integer"] 0 "Type of derivative (w.r.t. to what perturbation). 0->Unknown, 1->No Derivative, 2->Electric/Dipole, 3->Electric/Quad, 4->Magnetic/Dipole, 5->Magnetic/Quad"
   &DensLevel [&Type "Integer"] 0 "// Source of density: relaxed, unrelaxed, ... 0->Unknown, 1->Linearized, 2->Unrelaxed, 3->Relaxed"
   &Density_name [&Type "String"] "Tdens-CIS"
   &Representation [&Type "String"] "Velocity" "Possible values: Unknown,  Length, Velocity"
   &PointGroup [&Type "String"] "C1"
   &DoHigherMoments [&Type "Boolean"] false
   &NTrans [&Type "Integer"] 8
   &ExcitationEnergies [&Type "ArrayOfDoubles", &Dim (8,10)] 
                                                         0                           1                           2                           3                           4                           5                           6                           7

0                                      2.0658002131685249e+00         1.6661804127430481e+04         6.0017510249906900e+02         7.9049889262734457e-02         3.7120118431686784e-03         0.0000000000000000e+00        -5.3497224177156077e-02         0.0000000000000000e+00
1                                      2.7743775235642625e+00         2.2376866155063330e+04         4.4689010206807922e+02        -9.7799203827008442e-03         1.3479208562694512e-02         0.0000000000000000e+00        -1.7136982500582812e-01         0.0000000000000000e+00
2                                      3.0951267875676414e+00         2.4963883707280907e+04         4.0057869669868006e+02         7.8065001047285053e-05         3.3606602332089695e-02         0.0000000000000000e+00         3.3740511922995642e-03         0.0000000000000000e+00
3                                      3.2743201341749768e+00         2.6409175668758024e+04         3.7865627179836474e+02        -7.4998528284337717e-03        -1.2016024022137228e-03         0.0000000000000000e+00         1.7691794439371699e-02         0.0000000000000000e+00
4                                      3.3142184903169913e+00         2.6730977646900468e+04         3.7409780263534537e+02         1.7793505075130034e-01        -6.9901733769818411e-02         0.0000000000000000e+00        -2.3175640374412804e-02         0.0000000000000000e+00
5                                      3.3954688871500149e+00         2.7386306361012375e+04         3.6514599187556649e+02        -3.4399785686511380e-01        -3.5394672517960593e-02         0.0000000000000000e+00        -8.7490030424085350e-03         0.0000000000000000e+00
6                                      3.4852634682373820e+00         2.8110548575842819e+04         3.5573834402483465e+02         1.5992139179281328e-01        -2.7090384296211075e-02         0.0000000000000000e+00         4.1412361304137207e-01         0.0000000000000000e+00
7                                      3.4908236310809659e+00         2.8155394318246108e+04         3.5517172613418160e+02         2.0342492342765188e-02         3.7769970321562424e-04         0.0000000000000000e+00        -1.8693451141469407e-03         0.0000000000000000e+00
                                                         8                           9

0                                     -3.7836579653729835e-03         0.0000000000000000e+00
1                                     -1.2636992655034684e-02         0.0000000000000000e+00
2                                      8.2829520136259212e-03         0.0000000000000000e+00
3                                      4.8185505990349015e-04         0.0000000000000000e+00
4                                      2.5385148320277434e-01         0.0000000000000000e+00
5                                      1.1658116301090772e-01         0.0000000000000000e+00
6                                      2.7048791236862216e-02         0.0000000000000000e+00
7                                     -1.4944841042769234e-03         0.0000000000000000e+00
   &States [&Type "ArrayOfIntegers", &Dim (8,4)] "The initial and Final states. Col1: Initial State  Col2: Initial Irrep Col3: Final State Col4: Final Irrep"
                                                         0                           1                           2                           3

0                                                        0                           0                           1                           0
1                                                        0                           0                           2                           0
2                                                        0                           0                           3                           0
3                                                        0                           0                           4                           0
4                                                        0                           0                           5                           0
5                                                        0                           0                           6                           0
6                                                        0                           0                           7                           0
7                                                        0                           0                           8                           0
   &Multiplicities [&Type "ArrayOfDoubles", &Dim (8,2)] "Col1: Multiplicity of the initial state  Col2: Multiplicity of the final state"
                                                         0                           1

0                                      1.0000000000000000e+00         1.0000000000000000e+00
1                                      1.0000000000000000e+00         1.0000000000000000e+00
2                                      1.0000000000000000e+00         1.0000000000000000e+00
3                                      1.0000000000000000e+00         1.0000000000000000e+00
4                                      1.0000000000000000e+00         1.0000000000000000e+00
5                                      1.0000000000000000e+00         1.0000000000000000e+00
6                                      1.0000000000000000e+00         1.0000000000000000e+00
7                                      1.0000000000000000e+00         1.0000000000000000e+00
   &Temperature [&Type "Double"]       2.9814999999999998e+02
$End
$CIS_Energies
   &GeometryIndex 1
   &e0 [&Type "Double"]      -1.2368944492858973e+03  "Ground state energy"
   &multP1 [&Type "Boolean"] false "Do the higher multiplicity too?"
   &mode [&Type "String"] "TDA" "CIS mode: CIS, RPA, TDA, TD-DFT, sTDA, sTD-DFT"
   &dCorr [&Type "Integer"] 0 "(D) Correction algorithm"
   &Method [&Type "String"] "TDA/CIS"
   &totalEnergy [&Type "ArrayOfDoubles", &Dim (8,1)] "Total energy of each state"
                                                         0

0                                     -1.2368185325203731e+03
1                                     -1.2367924927817835e+03
2                                     -1.2367807054625102e+03
3                                     -1.2367741202277953e+03
4                                     -1.2367726539900978e+03
5                                     -1.2367696680927754e+03
6                                     -1.2367663682024402e+03
7                                     -1.2367661638702032e+03
   &Mult [&Type "ArrayOfIntegers", &Dim (8,1)] "Multiplicity of each state"
                                                         0

0                                                        1
1                                                        1
2                                                        1
3                                                        1
4                                                        1
5                                                        1
6                                                        1
7                                                        1
   &RelCorr [&Type "String"] "None" "Relativistic correction (SOC and/or SSC)"
   &NBlocks [&Type "Integer"] 1 "Number of multiplicity blocks"
   &NRoots [&Type "ArrayOfIntegers", &Dim (1,1)] "Number of roots in each block"
                                                         0

0                                                        8
   &NTotalRoots [&Type "Integer"] 8 "Total number of roots"
   &Block [&Type "ArrayOfIntegers", &Dim (8,1)] "Block index of each state"
                                                         0

0                                                        0
1                                                        0
2                                                        0
3                                                        0
4                                                        0
5                                                        0
6                                                        0
7                                                        0
   &Root [&Type "ArrayOfIntegers", &Dim (8,1)] "Root index within the block"
                                                         0

0                                                        0
1                                                        1
2                                                        2
3                                                        3
4                                                        4
5                                                        5
6                                                        6
7                                                        7
$End
$Single_Point_Data
   &GeometryIndex 1
   &FinalEnergy [&Type "Double"]      -1.2368185325203731e+03  "Final single point energy"
   &Converged [&Type "Boolean"] true
$End
$Calculation_Info
   &GeometryIndex 1
   &Mult [&Type "Integer"] 1
   &Charge [&Type "Integer"] 0
   &NumOfAtoms [&Type "Integer"] 44
   &NumOfElectrons [&Type "Integer"] 190
   &NumOfBasisFuncts [&Type "Integer"] 412
   &NumOfAuxCBasisFuncts [&Type "Integer"] 0
   &NumOfAuxJBasisFuncts [&Type "Integer"] 1510
   &NumOfAuxJKBasisFuncts [&Type "Integer"] 0
   &NumOfCABSBasisFuncts [&Type "Integer"] 0
$End
$SCF_Dipole_Moment
   &GeometryIndex 1
   &dipoleMagnitude [&Type "Double", &Units "a.u."]       2.6585351207533447e-01
   &dipoleElecContrib [&Type "ArrayOfDoubles", &Dim (3,1)] "Electronic contribution"
                                                         0

0                                      2.7550953338390919e+01
1                                      1.0891222000669705e+00
2                                     -6.0211898968241533e+00
   &dipoleNucContrib [&Type "ArrayOfDoubles", &Dim (3,1)] "Nuclear contribution"
                                                         0

0                                     -2.7329710927842008e+01
1                                     -1.0719056239453408e+00
2                                      6.1675916562532853e+00
   &dipoleTotal [&Type "ArrayOfDoubles", &Dim (3,1)] "Total"
                                                         0

0                                      2.2124241054891058e-01
1                                      1.7216576121629634e-02
2                                      1.4640175942913203e-01
   &doAtomicDipole [&Type "Boolean"] false
   &Method [&Type "String"] "SCF"
   &Level [&Type "String"] "Relaxed density"
   &Mult [&Type "Integer"] 1
   &State [&Type "Integer"] -1
   &Irrep [&Type "Integer"] 0
$End
$Calculation_Timings
   &GeometryIndex 1
   &GTOINT [&Type "Double"]       5.7814949999999996e+00
   &SCF [&Type "Double"]       6.4772328000000002e+01
   &CIS [&Type "Double"]       4.1935700999999995e+01
   &PROPINT [&Type "Double"]       3.2241259999999983e+00
   &PROP [&Type "Double"]       3.1302790000000016e+00
   &SUM [&Type "Double"]       1.1884392899999999e+02
$End
