*************************************************
******************* ORCA 6.1.1 ******************
*************************************************
$Calculation_Status
   &GeometryIndex 1
   &version [&Type "String"] "6.1.1"
   &progName [&Type "String"] "ProgCIS"
   &Status [&Type "String"] "NORMAL TERMINATION"
$End
$Geometry
   &GeometryIndex 1
   &NAtoms [&Type "Integer"] 42
   &NCorelessECP [&Type "Integer"] 0
   &NGhostAtoms [&Type "Integer"] 0
   &CartesianCoordinates [&Type "Coordinates", &Dim(42,4), &Units "Bohr"] 
              O     -5.512622938027   -7.528721854997   -1.979044613921
              C     -3.596338525489   -8.095990377316   -0.195350399845
              C     -3.785608765461   -6.477584601544    2.211211806251
              N     -3.645696145921   -3.781031173508    1.772003107372
              C     -1.489475250243   -2.419843262320    1.356548984202
              C      0.927992282189   -3.525559612052    1.780725147423
              C      3.123607042368   -2.193326227716    1.466727828896
              C      3.134001223366    0.383986293779    0.691316938978
              C      0.752942370143    1.553493864596    0.214587270755
              C     -1.560780074584    0.148017606392    0.544033321450
              C     -4.013220584587    1.344498772781    0.031093261405
              O     -6.070218556754    0.218910833521    0.286510003468
              C     -4.054987799992    4.013082018524   -0.831313660923
              C     -1.804161429218    5.381828864988   -1.140778887455
              C      0.683945142899    4.197134311136   -0.623805354125
              O      2.629020426214    5.499170804987   -0.928646902071
              C     -1.897907478429    7.904527581499   -1.951443014773
              C     -4.212445526908    9.046065670011   -2.448216437236
              C     -6.461400630440    7.678333044636   -2.139955010220
              C     -6.382869024739    5.177462137232   -1.335775362375
              N      5.361185650333    1.664073380152    0.444260052069
              C      7.875181565882    0.647322830679    0.806514870324
              C      8.899375110475   -0.812796018506   -1.494783693088
              O     11.425709850413   -1.631670456007   -1.108265474296
              H     -7.129397898050   -7.990789783237   -1.247204620470
              H     -1.808908218040   -7.714389925916   -1.165426925221
              H     -3.606373411671  -10.111549331758    0.341533411789
              H     -5.612898904799   -6.845640212422    3.125643517669
              H     -2.340984187937   -7.079775520028    3.571881717431
              H     -5.238048213628   -2.864114303934    1.194570227715
              H      1.052276827504   -5.483698506987    2.370725934989
              H      4.903862648168   -3.145804724628    1.816230686693
              H     -0.130980561351    8.919328384780   -2.174866426537
              H     -4.277132063129   11.000731267990   -3.076240718265
              H     -8.268906291107    8.573049691702   -2.529564976111
              H     -8.093943371748    4.077792389425   -1.081599352023
              H      5.144056827345    3.478803921300   -0.164021817711
              H      7.937131588686   -0.567025664270    2.492454520696
              H      9.150579101034    2.231770543037    1.185502830527
              H      7.633909708301   -2.396638610878   -1.967208389897
              H      8.947365066871    0.443737727262   -3.136431516586
              H     11.413163438959   -2.917171829080    0.198375371457
$End
$SCF_Mulliken_Population_Analysis
   &GeometryIndex 1
   &NAtoms [&Type "Integer"] 42
   &ATNO [&Type "ArrayOfIntegers", &Dim (42,1)] 
                                                         0

0                                                        8
1                                                        6
2                                                        6
3                                                        7
4                                                        6
5                                                        6
6                                                        6
7                                                        6
8                                                        6
9                                                        6
10                                                       6
11                                                       8
12                                                       6
13                                                       6
14                                                       6
15                                                       8
16                                                       6
17                                                       6
18                                                       6
19                                                       6
20                                                       7
21                                                       6
22                                                       6
23                                                       8
24                                                       1
25                                                       1
26                                                       1
27                                                       1
28                                                       1
29                                                       1
30                                                       1
31                                                       1
32                                                       1
33                                                       1
34                                                       1
35                                                       1
36                                                       1
37                                                       1
38                                                       1
39                                                       1
40                                                       1
41                                                       1
   &AtomicCharges [&Type "ArrayOfDoubles", &Dim (42,1)] 
                                                         0

0                                     -6.4667775829925667e-01
1                                     -2.0057695419604116e-02
2                                     -1.7954148521309232e-01
3                                     -6.2656604560041629e-01
4                                      2.8103491633444655e-01
5                                     -1.9034501770377865e-01
6                                     -1.9094139440210434e-01
7                                      2.8796346736211476e-01
8                                     -3.0931908170943601e-02
9                                     -3.0182649145254814e-02
10                                     2.9795890639726164e-01
11                                    -5.0132074693527251e-01
12                                     4.5019091644093123e-02
13                                     4.5020361188694125e-02
14                                     2.9732396072956746e-01
15                                    -5.0412206984319496e-01
16                                    -1.8489031876534234e-01
17                                    -1.4043160086022954e-01
18                                    -1.4052224235747346e-01
19                                    -1.8462855321958038e-01
20                                    -6.4817622818955822e-01
21                                    -1.6888223976553363e-01
22                                    -2.7280188793418425e-02
23                                    -6.5051979147883188e-01
24                                     4.1678464541872862e-01
25                                     1.5528517382258655e-01
26                                     1.3220558465410881e-01
27                                     1.6229727476092881e-01
28                                     1.6077549299733196e-01
29                                     3.7809472395206289e-01
30                                     1.6374746374318594e-01
31                                     1.6150595226429376e-01
32                                     1.7011555427475866e-01
33                                     1.5944972973923099e-01
34                                     1.5939677258254381e-01
35                                     1.7017329614841203e-01
36                                     3.8212923080993899e-01
37                                     1.5182255829434554e-01
38                                     1.7381926752676247e-01
39                                     1.3628387506743544e-01
40                                     1.5958409587573397e-01
41                                     4.1822653857421321e-01
   &Method [&Type "String"] "SCF"
   &Level [&Type "String"] "Relaxed density"
   &Mult [&Type "Integer"] 1
   &State [&Type "Integer"] -1
   &Irrep [&Type "Integer"] 0
$End
$SCF_Loewdin_Population_Analysis
   &GeometryIndex 1
   &NAtoms [&Type "Integer"] 42
   &ATNO [&Type "ArrayOfIntegers", &Dim (42,1)] 
                                                         0

0                                                        8
1                                                        6
2                                                        6
3                                                        7
4                                                        6
5                                                        6
6                                                        6
7                                                        6
8                                                        6
9                                                        6
10                                                       6
11                                                       8
12                                                       6
13                                                       6
14                                                       6
15                                                       8
16                                                       6
17                                                       6
18                                                       6
19                                                       6
20                                                       7
21                                                       6
22                                                       6
23                                                       8
24                                                       1
25                                                       1
26                                                       1
27                                                       1
28                                                       1
29                                                       1
30                                                       1
31                                                       1
32                                                       1
33                                                       1
34                                                       1
35                                                       1
36                                                       1
37                                                       1
38                                                       1
39                                                       1
40                                                       1
41                                                       1
   &AtomicCharges [&Type "ArrayOfDoubles", &Dim (42,1)] 
                                                         0

0                                     -4.2558448574314944e-01
1                                     -1.2024724512272211e-01
2                                     -1.8789337730907096e-01
3                                     -2.1645129279238962e-01
4                                      5.4616678244456374e-02
5                                     -1.3393483430763187e-01
6                                     -1.3533902136686127e-01
7                                      5.4630450617654702e-02
8                                     -9.9756249558971000e-02
9                                     -9.7850684081045358e-02
10                                     1.2793816730908780e-01
11                                    -2.8101701135826573e-01
12                                    -4.2430528150393165e-02
13                                    -4.2681782739506069e-02
14                                     1.2762296572315623e-01
15                                    -2.8421916534615299e-01
16                                    -1.0578206683134539e-01
17                                    -1.1975753288308244e-01
18                                    -1.1973091516875023e-01
19                                    -1.0560099509827303e-01
20                                    -2.1615806070873234e-01
21                                    -1.8686143842554692e-01
22                                    -1.2139125267108231e-01
23                                    -4.2570568586676849e-01
24                                     3.2268697700265525e-01
25                                     1.2801322566473528e-01
26                                     1.1181105717666906e-01
27                                     1.3596347856807212e-01
28                                     1.3315131865904495e-01
29                                     2.7346953192108647e-01
30                                     1.4836974504143463e-01
31                                     1.4786352974167549e-01
32                                     1.5296154653226535e-01
33                                     1.4467605173071962e-01
34                                     1.4465069380053519e-01
35                                     1.5300351042509286e-01
36                                     2.7571577253408641e-01
37                                     1.2422164315992101e-01
38                                     1.4256535936973247e-01
39                                     1.1085576770752614e-01
40                                     1.3036363071634038e-01
41                                     3.2324252388367747e-01
   &Method [&Type "String"] "SCF"
   &Level [&Type "String"] "Relaxed density"
   &Mult [&Type "Integer"] 1
   &State [&Type "Integer"] -1
   &Irrep [&Type "Integer"] 0
$End
$SCF_Mayer_Population_Analysis
   &GeometryIndex 1
   &NAtoms [&Type "Integer"] 42 "Total number of atoms"
   &NBondOrdersPrint [&Type "Integer"] 46 "The number of bond orders larger than threshold"
   &bondThresh [&Type "Double"]       1.0000000000000001e-01  "The threshold for printing"
   &components [&Type "ArrayOfIntegers", &Dim (46,4)] "The indices and atomic numbers of the bonding atoms"
                                                         0                           1                           2                           3

0                                                        0                           8                           1                           6
1                                                        0                           8                          24                           1
2                                                        1                           6                           2                           6
3                                                        1                           6                          25                           1
4                                                        1                           6                          26                           1
5                                                        2                           6                           3                           7
6                                                        2                           6                          27                           1
7                                                        2                           6                          28                           1
8                                                        3                           7                           4                           6
9                                                        3                           7                          29                           1
10                                                       4                           6                           5                           6
11                                                       4                           6                           9                           6
12                                                       5                           6                           6                           6
13                                                       5                           6                          30                           1
14                                                       6                           6                           7                           6
15                                                       6                           6                          31                           1
16                                                       7                           6                           8                           6
17                                                       7                           6                          20                           7
18                                                       8                           6                           9                           6
19                                                       8                           6                          14                           6
20                                                       9                           6                          10                           6
21                                                      10                           6                          11                           8
22                                                      10                           6                          12                           6
23                                                      11                           8                          29                           1
24                                                      12                           6                          13                           6
25                                                      12                           6                          19                           6
26                                                      13                           6                          14                           6
27                                                      13                           6                          16                           6
28                                                      14                           6                          15                           8
29                                                      15                           8                          36                           1
30                                                      16                           6                          17                           6
31                                                      16                           6                          32                           1
32                                                      17                           6                          18                           6
33                                                      17                           6                          33                           1
34                                                      18                           6                          19                           6
35                                                      18                           6                          34                           1
36                                                      19                           6                          35                           1
37                                                      20                           7                          21                           6
38                                                      20                           7                          36                           1
39                                                      21                           6                          22                           6
40                                                      21                           6                          37                           1
41                                                      21                           6                          38                           1
42                                                      22                           6                          23                           8
43                                                      22                           6                          39                           1
44                                                      22                           6                          40                           1
45                                                      23                           8                          41                           1
   &BondOrders [&Type "ArrayOfDoubles", &Dim (46,1)] "The bond orders"
                                                         0

0                                      9.7516241770345125e-01
1                                      7.7841876840210389e-01
2                                      9.6746892533701190e-01
3                                      9.3979612388837830e-01
4                                      9.3213243842254268e-01
5                                      9.7602496920156800e-01
6                                      9.4187795413289410e-01
7                                      9.2333722074676372e-01
8                                      1.1423580049269004e+00
9                                      7.1819608715971539e-01
10                                     1.2335745702835330e+00
11                                     1.3296457788076839e+00
12                                     1.5922211457788598e+00
13                                     9.1430715450861699e-01
14                                     1.2347883784708529e+00
15                                     9.1404883979173301e-01
16                                     1.3261520938850604e+00
17                                     1.1379645290771572e+00
18                                     1.2319492266329051e+00
19                                     1.0526613008775652e+00
20                                     1.0492157866119456e+00
21                                     1.7089933394950032e+00
22                                     9.9877074465576809e-01
23                                     1.2882048954281963e-01
24                                     1.3864902663295684e+00
25                                     1.3812312906733855e+00
26                                     9.9919291014434153e-01
27                                     1.3805810811478481e+00
28                                     1.7042914688457769e+00
29                                     1.3222535153255763e-01
30                                     1.4386352342597069e+00
31                                     9.1169613384373016e-01
32                                     1.4058156563605784e+00
33                                     9.3246357086326270e-01
34                                     1.4385202159994148e+00
35                                     9.3247436261133343e-01
36                                     9.1156009900917168e-01
37                                     9.4583738955161190e-01
38                                     7.1828615343692814e-01
39                                     9.6677651791933150e-01
40                                     9.3185958608625041e-01
41                                     9.3882198296843389e-01
42                                     9.5762709856870121e-01
43                                     9.3576975138471874e-01
44                                     9.4228085099164505e-01
45                                     7.7863568634411817e-01
   &ATNO [&Type "ArrayOfIntegers", &Dim (42,1)] "Atomic number of the elements"
                                                         0

0                                                        8
1                                                        6
2                                                        6
3                                                        7
4                                                        6
5                                                        6
6                                                        6
7                                                        6
8                                                        6
9                                                        6
10                                                       6
11                                                       8
12                                                       6
13                                                       6
14                                                       6
15                                                       8
16                                                       6
17                                                       6
18                                                       6
19                                                       6
20                                                       7
21                                                       6
22                                                       6
23                                                       8
24                                                       1
25                                                       1
26                                                       1
27                                                       1
28                                                       1
29                                                       1
30                                                       1
31                                                       1
32                                                       1
33                                                       1
34                                                       1
35                                                       1
36                                                       1
37                                                       1
38                                                       1
39                                                       1
40                                                       1
41                                                       1
   &NA [&Type "ArrayOfDoubles", &Dim (42,1)] "Mulliken gross atomic population"
                                                         0

0                                      8.6466777582992584e+00
1                                      6.0200576954196041e+00
2                                      6.1795414852130923e+00
3                                      7.6265660456004163e+00
4                                      5.7189650836655561e+00
5                                      6.1903450177037760e+00
6                                      6.1909413944020990e+00
7                                      5.7120365326378835e+00
8                                      6.0309319081709480e+00
9                                      6.0301826491452539e+00
10                                     5.7020410936027393e+00
11                                     8.5013207469352707e+00
12                                     5.9549809083559033e+00
13                                     5.9549796388113068e+00
14                                     5.7026760392704325e+00
15                                     8.5041220698431932e+00
16                                     6.1848903187653406e+00
17                                     6.1404316008602287e+00
18                                     6.1405222423574770e+00
19                                     6.1846285532195813e+00
20                                     7.6481762281895547e+00
21                                     6.1688822397655354e+00
22                                     6.0272801887934158e+00
23                                     8.6505197914788319e+00
24                                     5.8321535458127149e-01
25                                     8.4471482617741289e-01
26                                     8.6779441534589119e-01
27                                     8.3770272523907163e-01
28                                     8.3922450700266826e-01
29                                     6.2190527604793733e-01
30                                     8.3625253625681395e-01
31                                     8.3849404773570624e-01
32                                     8.2988444572524123e-01
33                                     8.4055027026076923e-01
34                                     8.4060322741745619e-01
35                                     8.2982670385158797e-01
36                                     6.1787076919006123e-01
37                                     8.4817744170565434e-01
38                                     8.2618073247323731e-01
39                                     8.6371612493256444e-01
40                                     8.4041590412426603e-01
41                                     5.8177346142578690e-01
   &ZA [&Type "ArrayOfDoubles", &Dim (42,1)] "Total nuclear charge"
                                                         0

0                                      8.0000000000000000e+00
1                                      6.0000000000000000e+00
2                                      6.0000000000000000e+00
3                                      7.0000000000000000e+00
4                                      6.0000000000000000e+00
5                                      6.0000000000000000e+00
6                                      6.0000000000000000e+00
7                                      6.0000000000000000e+00
8                                      6.0000000000000000e+00
9                                      6.0000000000000000e+00
10                                     6.0000000000000000e+00
11                                     8.0000000000000000e+00
12                                     6.0000000000000000e+00
13                                     6.0000000000000000e+00
14                                     6.0000000000000000e+00
15                                     8.0000000000000000e+00
16                                     6.0000000000000000e+00
17                                     6.0000000000000000e+00
18                                     6.0000000000000000e+00
19                                     6.0000000000000000e+00
20                                     7.0000000000000000e+00
21                                     6.0000000000000000e+00
22                                     6.0000000000000000e+00
23                                     8.0000000000000000e+00
24                                     1.0000000000000000e+00
25                                     1.0000000000000000e+00
26                                     1.0000000000000000e+00
27                                     1.0000000000000000e+00
28                                     1.0000000000000000e+00
29                                     1.0000000000000000e+00
30                                     1.0000000000000000e+00
31                                     1.0000000000000000e+00
32                                     1.0000000000000000e+00
33                                     1.0000000000000000e+00
34                                     1.0000000000000000e+00
35                                     1.0000000000000000e+00
36                                     1.0000000000000000e+00
37                                     1.0000000000000000e+00
38                                     1.0000000000000000e+00
39                                     1.0000000000000000e+00
40                                     1.0000000000000000e+00
41                                     1.0000000000000000e+00
   &QA [&Type "ArrayOfDoubles", &Dim (42,1)] "Mulliken gross atomic charge"
                                                         0

0                                     -6.4667775829925844e-01
1                                     -2.0057695419604116e-02
2                                     -1.7954148521309232e-01
3                                     -6.2656604560041629e-01
4                                      2.8103491633444388e-01
5                                     -1.9034501770377599e-01
6                                     -1.9094139440209901e-01
7                                      2.8796346736211653e-01
8                                     -3.0931908170948041e-02
9                                     -3.0182649145253926e-02
10                                     2.9795890639726075e-01
11                                    -5.0132074693527073e-01
12                                     4.5019091644096676e-02
13                                     4.5020361188693236e-02
14                                     2.9732396072956746e-01
15                                    -5.0412206984319319e-01
16                                    -1.8489031876534057e-01
17                                    -1.4043160086022866e-01
18                                    -1.4052224235747701e-01
19                                    -1.8462855321958127e-01
20                                    -6.4817622818955467e-01
21                                    -1.6888223976553540e-01
22                                    -2.7280188793415761e-02
23                                    -6.5051979147883188e-01
24                                     4.1678464541872851e-01
25                                     1.5528517382258711e-01
26                                     1.3220558465410881e-01
27                                     1.6229727476092837e-01
28                                     1.6077549299733174e-01
29                                     3.7809472395206267e-01
30                                     1.6374746374318605e-01
31                                     1.6150595226429376e-01
32                                     1.7011555427475877e-01
33                                     1.5944972973923077e-01
34                                     1.5939677258254381e-01
35                                     1.7017329614841203e-01
36                                     3.8212923080993877e-01
37                                     1.5182255829434566e-01
38                                     1.7381926752676269e-01
39                                     1.3628387506743556e-01
40                                     1.5958409587573397e-01
41                                     4.1822653857421310e-01
   &VA [&Type "ArrayOfDoubles", &Dim (42,1)] "Mayer's total valence"
                                                         0

0                                      1.7890841619075539e+00
1                                      3.8016591288358845e+00
2                                      3.8402880104280777e+00
3                                      2.9734364926381396e+00
4                                      3.8833032833077281e+00
5                                      3.9178965734924693e+00
6                                      3.9193257409336044e+00
7                                      3.8773825085088336e+00
8                                      3.8107633621228527e+00
9                                      3.8112559682626777e+00
10                                     3.8940978614800743e+00
11                                     2.0616418382709627e+00
12                                     3.9025888783706795e+00
13                                     3.9018482414948483e+00
14                                     3.8933425201452874e+00
15                                     2.0601525046573728e+00
16                                     3.8973814310107322e+00
17                                     3.9024518462047979e+00
18                                     3.9022930954626704e+00
19                                     3.8978424567833674e+00
20                                     2.9571731387880096e+00
21                                     3.8237619881486511e+00
22                                     3.7979116760201479e+00
23                                     1.7853690218717042e+00
24                                     7.9321962156095283e-01
25                                     9.3687280531000505e-01
26                                     9.3166721151998499e-01
27                                     9.3410407856668720e-01
28                                     9.3274102018708127e-01
29                                     8.7249783588905039e-01
30                                     9.3812184159351708e-01
31                                     9.3966515824923924e-01
32                                     9.4718480931057591e-01
33                                     9.3562239901060384e-01
34                                     9.3564290882943657e-01
35                                     9.4722180748328211e-01
36                                     8.6734914077710290e-01
37                                     9.3621837676629749e-01
38                                     9.3290979082606351e-01
39                                     9.3393829049199573e-01
40                                     9.3424942500122476e-01
41                                     7.9113728701074426e-01
   &BVA [&Type "ArrayOfDoubles", &Dim (42,1)] "Mayer's bonded valence"
                                                         0

0                                      1.7890841619076365e+00
1                                      3.8016591288359551e+00
2                                      3.8402880104280772e+00
3                                      2.9734364926381831e+00
4                                      3.8833032833077699e+00
5                                      3.9178965734925031e+00
6                                      3.9193257409335542e+00
7                                      3.8773825085087954e+00
8                                      3.8107633621228252e+00
9                                      3.8112559682627021e+00
10                                     3.8940978614800423e+00
11                                     2.0616418382709512e+00
12                                     3.9025888783707692e+00
13                                     3.9018482414948377e+00
14                                     3.8933425201453029e+00
15                                     2.0601525046573723e+00
16                                     3.8973814310106758e+00
17                                     3.9024518462047779e+00
18                                     3.9022930954626243e+00
19                                     3.8978424567833181e+00
20                                     2.9571731387881117e+00
21                                     3.8237619881486689e+00
22                                     3.7979116760201537e+00
23                                     1.7853690218717357e+00
24                                     7.9321962156096060e-01
25                                     9.3687280531000861e-01
26                                     9.3166721151998866e-01
27                                     9.3410407856669253e-01
28                                     9.3274102018708782e-01
29                                     8.7249783588905605e-01
30                                     9.3812184159350875e-01
31                                     9.3966515824921781e-01
32                                     9.4718480931057769e-01
33                                     9.3562239901060007e-01
34                                     9.3564290882943157e-01
35                                     9.4722180748329177e-01
36                                     8.6734914077710679e-01
37                                     9.3621837676628994e-01
38                                     9.3290979082606851e-01
39                                     9.3393829049199484e-01
40                                     9.3424942500122055e-01
41                                     7.9113728701074848e-01
   &FA [&Type "ArrayOfDoubles", &Dim (42,1)] "Mayer's free valence"
                                                         0

0                                      0.0000000000000000e+00
1                                      0.0000000000000000e+00
2                                      0.0000000000000000e+00
3                                      0.0000000000000000e+00
4                                      0.0000000000000000e+00
5                                      0.0000000000000000e+00
6                                      0.0000000000000000e+00
7                                      0.0000000000000000e+00
8                                      0.0000000000000000e+00
9                                      0.0000000000000000e+00
10                                     0.0000000000000000e+00
11                                     0.0000000000000000e+00
12                                     0.0000000000000000e+00
13                                     0.0000000000000000e+00
14                                     0.0000000000000000e+00
15                                     0.0000000000000000e+00
16                                     0.0000000000000000e+00
17                                     0.0000000000000000e+00
18                                     0.0000000000000000e+00
19                                     0.0000000000000000e+00
20                                     0.0000000000000000e+00
21                                     0.0000000000000000e+00
22                                     0.0000000000000000e+00
23                                     0.0000000000000000e+00
24                                     0.0000000000000000e+00
25                                     0.0000000000000000e+00
26                                     0.0000000000000000e+00
27                                     0.0000000000000000e+00
28                                     0.0000000000000000e+00
29                                     0.0000000000000000e+00
30                                     0.0000000000000000e+00
31                                     0.0000000000000000e+00
32                                     0.0000000000000000e+00
33                                     0.0000000000000000e+00
34                                     0.0000000000000000e+00
35                                     0.0000000000000000e+00
36                                     0.0000000000000000e+00
37                                     0.0000000000000000e+00
38                                     0.0000000000000000e+00
39                                     0.0000000000000000e+00
40                                     0.0000000000000000e+00
41                                     0.0000000000000000e+00
   &Method [&Type "String"] "SCF"
   &Level [&Type "String"] "Relaxed density"
   &Mult [&Type "Integer"] 1
   &State [&Type "Integer"] -1
   &Irrep [&Type "Integer"] 0
$End
$SCF_Energy
   &GeometryIndex 1
   &Method [&Type "String"] "SCF"
   &totalEnergy [&Type "ArrayOfDoubles", &Dim (1,1)] "Total energy of each state"
                                                         0

0                                     -1.1066009076546761e+03
   &Mult [&Type "ArrayOfIntegers", &Dim (1,1)] "Multiplicity of each state"
                                                         0

0                                                        1
$End
$DFT_Energy
   &GeometryIndex 1
   &nAlphaEl [&Type "Integer"] 85
   &nBetaEl [&Type "Integer"] 85
   &nTotalEl [&Type "Integer"] 171
   &finalEn [&Type "Double"]      -1.1066009076546761e+03  "No Van der Waals correction"
   &eExchange [&Type "Double"]       0.0000000000000000e+00
   &eCorr [&Type "Double"]       0.0000000000000000e+00
   &eXC [&Type "Double"]      -1.1103944650499668e+02
   &eCNL [&Type "Double"]       0.0000000000000000e+00
$End
$Solvation_Details
   &GeometryIndex 1
   &Solvent [&Type "String"] "TOLUENE"
   &Epsilon [&Type "Double"]       2.3870000000000000e+00
   &Refrac [&Type "Double"]       1.4961000000000000e+00
   &RSolv [&Type "Double"]       1.3000000000000000e+00
   &SurfaceType [&Type "String"] "GAUSSIAN VDW"
   &CPCMDielEnergy [&Type "Double"]      -1.7034997000000000e-02
   &NPoints [&Type "Integer"] 3563
   &SurfaceArea [&Type "Double"]       1.2798638928870000e+03
$End
$SCF_Timings
   &GeometryIndex 1
   &TOTAL [&Type "Double"]       9.0536140000000003e+01
   &PREP [&Type "Double"]       1.0713530000000000e+00
   &FOCK [&Type "Double"]       8.7145268000000002e+01
   &DENS [&Type "Double"]       1.1356100000001845e-01
   &ETOT [&Type "Double"]       6.5266999999963105e-02
   &POP [&Type "Double"]       4.8153999999996699e-02
   &TRAFO [&Type "Double"]       8.1837000000003712e-02
   &DIIS [&Type "Double"]       3.6532499999999501e-01
   &SOSCF [&Type "Double"]       4.3380099999998478e-01
   &XC [&Type "Double"]       5.5033729999999874e+00
   &FOCKSTART [&Type "Double"]       1.3489000000018958e-02
   &SOLV [&Type "Double"]       9.3674939999999935e+00
   &SOLV_INIT [&Type "Double"]       4.2853600000000003e-01
   &SOLV_FINAL [&Type "Double"]       1.0000000116860974e-06
   &INT_PREP [&Type "Double"]       7.0000000089720515e-06
   &INT_BF [&Type "Double"]       1.5273499999996725e+00
   &INT_DENS [&Type "Double"]       1.2757680000002853e+00
   &INT_DENSIO [&Type "Double"]       2.9941578728700045e+05
   &INT_FUNC [&Type "Double"]       5.2768399999946602e-01
   &INT_POT [&Type "Double"]       1.1495050000003086e+00
   &INT_POTIO [&Type "Double"]       4.7038000000081404e-02
   &INT_SUM [&Type "Double"]       9.7900000001871490e-04
   &SPLITRIJ [&Type "Double"]       5.5352400000000008e+00
   &COSX [&Type "Double"]       6.8742818999999997e+01
   &FROZCORE [&Type "Double"]       6.1929999999961183e-03
$End
$CIS_Absorption_Spectrum
   &GeometryIndex 1
   &Method [&Type "Integer"] 20
   &RelCorrection [&Type "Integer"] 1 "Type of relativistic treatment in QDPT. 0->Unknow, 1->None, 2->SOC, 3->SSC, 4->SOC/SSC"
   &DensType [&Type "Integer"] 3 "Type of density (electron/spin ...). 0->Unknow, 1->Electronic, 2->Spin, 3->Trans/Electronic, 4->Tran/Spin"
   &DeriType [&Type "Integer"] 0 "Type of derivative (w.r.t. to what perturbation). 0->Unknown, 1->No Derivative, 2->Electric/Dipole, 3->Electric/Quad, 4->Magnetic/Dipole, 5->Magnetic/Quad"
   &DensLevel [&Type "Integer"] 0 "// Source of density: relaxed, unrelaxed, ... 0->Unknown, 1->Linearized, 2->Unrelaxed, 3->Relaxed"
   &Density_name [&Type "String"] "Tdens-CIS"
   &Representation [&Type "String"] "Length" "Possible values: Unknown,  Length, Velocity"
   &PointGroup [&Type "String"] "C1"
   &DoHigherMoments [&Type "Boolean"] false
   &NTrans [&Type "Integer"] 8
   &ExcitationEnergies [&Type "ArrayOfDoubles", &Dim (8,11)] 
                                                         0                           1                           2                           3                           4                           5                           6                           7

0                                      2.6031530095888660e+00         2.0995847170029559e+04         4.7628466329639036e+02         4.8013867018978595e-01         7.5285071939147556e+00        -1.4476862900740963e+00         0.0000000000000000e+00         2.2186724066642722e+00
1                                      3.5055108467024940e+00         2.8273854713546338e+04         3.5368364523741013e+02         5.8478092015794422e-04         6.8090066694806136e-03        -6.2653225404629698e-02         0.0000000000000000e+00         5.3623649748530650e-02
2                                      3.7359961909570973e+00         3.0132844578942531e+04         3.3186378981917329e+02         8.2541342611506841e-05         9.0179325888595219e-04        -2.2805304150474489e-02         0.0000000000000000e+00         1.7762231558306696e-02
3                                      3.9510529733180704e+00         3.1867394687482803e+04         3.1380036234740896e+02         4.6546315368517117e-02         4.8085522083737992e-01         5.9473753598120827e-01         0.0000000000000000e+00         3.4830893270684610e-01
4                                      4.2831290131002939e+00         3.4545768856966366e+04         2.8947105046074086e+02         7.3906688392086578e-03         7.0431099349690732e-02        -2.2381189627408984e-01         0.0000000000000000e+00        -1.3918378834583686e-01
5                                      4.5257189223069005e+00         3.6502388633034650e+04         2.7395467459765092e+02         5.3309345420310912e-02         4.8079246477895082e-01         3.5876055367213205e-01         0.0000000000000000e+00        -5.5960613082322597e-01
6                                      4.6559143171513186e+00         3.7552485420402059e+04         2.6629395865678322e+02         4.0342865462604204e-03         3.5367441434012853e-02        -9.6722911836848544e-02         0.0000000000000000e+00         1.4729679539854093e-01
7                                      4.7896589185552054e+00         3.8631208492211052e+04         2.5885806813463347e+02         1.8553669327174652e-01         1.5811282748632438e+00        -1.0776080963057197e+00         0.0000000000000000e+00        -6.3225063566404993e-01
                                                         8                           9                          10

0                                      0.0000000000000000e+00        -7.1428590308980666e-01         0.0000000000000000e+00
1                                      0.0000000000000000e+00        -2.8432733818939669e-03         0.0000000000000000e+00
2                                      0.0000000000000000e+00        -8.1372287395277878e-03         0.0000000000000000e+00
3                                      0.0000000000000000e+00        -7.6311018398385361e-02         0.0000000000000000e+00
4                                      0.0000000000000000e+00         3.1099959768270860e-02         0.0000000000000000e+00
5                                      0.0000000000000000e+00         1.9729244347636479e-01         0.0000000000000000e+00
6                                      0.0000000000000000e+00        -6.5694549432463917e-02         0.0000000000000000e+00
7                                      0.0000000000000000e+00         1.4194435297683122e-01         0.0000000000000000e+00
   &States [&Type "ArrayOfIntegers", &Dim (8,4)] "The initial and Final states. Col1: Initial State  Col2: Initial Irrep Col3: Final State Col4: Final Irrep"
                                                         0                           1                           2                           3

0                                                        0                           0                           1                           0
1                                                        0                           0                           2                           0
2                                                        0                           0                           3                           0
3                                                        0                           0                           4                           0
4                                                        0                           0                           5                           0
5                                                        0                           0                           6                           0
6                                                        0                           0                           7                           0
7                                                        0                           0                           8                           0
   &Multiplicities [&Type "ArrayOfDoubles", &Dim (8,2)] "Col1: Multiplicity of the initial state  Col2: Multiplicity of the final state"
                                                         0                           1

0                                      1.0000000000000000e+00         1.0000000000000000e+00
1                                      1.0000000000000000e+00         1.0000000000000000e+00
2                                      1.0000000000000000e+00         1.0000000000000000e+00
3                                      1.0000000000000000e+00         1.0000000000000000e+00
4                                      1.0000000000000000e+00         1.0000000000000000e+00
5                                      1.0000000000000000e+00         1.0000000000000000e+00
6                                      1.0000000000000000e+00         1.0000000000000000e+00
7                                      1.0000000000000000e+00         1.0000000000000000e+00
   &Temperature [&Type "Double"]       2.9814999999999998e+02
$End
$CIS_Absorption_Spectrum
   &GeometryIndex 1
   &Method [&Type "Integer"] 20
   &RelCorrection [&Type "Integer"] 1 "Type of relativistic treatment in QDPT. 0->Unknow, 1->None, 2->SOC, 3->SSC, 4->SOC/SSC"
   &DensType [&Type "Integer"] 3 "Type of density (electron/spin ...). 0->Unknow, 1->Electronic, 2->Spin, 3->Trans/Electronic, 4->Tran/Spin"
   &DeriType [&Type "Integer"] 0 "Type of derivative (w.r.t. to what perturbation). 0->Unknown, 1->No Derivative, 2->Electric/Dipole, 3->Electric/Quad, 4->Magnetic/Dipole, 5->Magnetic/Quad"
   &DensLevel [&Type "Integer"] 0 "// Source of density: relaxed, unrelaxed, ... 0->Unknown, 1->Linearized, 2->Unrelaxed, 3->Relaxed"
   &Density_name [&Type "String"] "Tdens-CIS"
   &Representation [&Type "String"] "Velocity" "Possible values: Unknown,  Length, Velocity"
   &PointGroup [&Type "String"] "C1"
   &DoHigherMoments [&Type "Boolean"] false
   &NTrans [&Type "Integer"] 8
   &ExcitationEnergies [&Type "ArrayOfDoubles", &Dim (8,11)] 
                                                         0                           1                           2                           3                           4                           5                           6                           7

0                                      2.6031530095888660e+00         2.0995847170029559e+04         4.7628466329639036e+02         2.8459945650271993e-02         4.0838934252185669e-03         3.1240610860938853e-02         0.0000000000000000e+00        -5.4935748537276764e-02
1                                      3.5055108467024940e+00         2.8273854713546338e+04         3.5368364523741013e+02         9.4037079479092789e-05         1.8171512851466291e-05         3.5751187371658487e-03         0.0000000000000000e+00        -2.3185767436821846e-03
2                                      3.7359961909570973e+00         3.0132844578942531e+04         3.3186378981917329e+02         6.5934700193430860e-05         1.3578790821852661e-05         3.6490457199940931e-03         0.0000000000000000e+00         4.5802210158736730e-04
3                                      3.9510529733180704e+00         3.1867394687482803e+04         3.1380036234740896e+02         2.6451829065680402e-02         5.7611501964095983e-03        -6.6267894519487891e-02         0.0000000000000000e+00        -3.6996647614403882e-02
4                                      4.2831290131002939e+00         3.4545768856966366e+04         2.8947105046074086e+02         1.8465637267376326e-02         4.3597952498044754e-03         5.6705760465304844e-02         0.0000000000000000e+00         3.3618250565322763e-02
5                                      4.5257189223069005e+00         3.6502388633034650e+04         2.7395467459765092e+02         3.3094575049662074e-02         8.2562916221283426e-03        -4.7511455726539670e-02         0.0000000000000000e+00         7.3907849439580661e-02
6                                      4.6559143171513186e+00         3.7552485420402059e+04         2.6629395865678322e+02         6.5436686866156832e-04         1.6794493839318396e-04        -4.5744442499978995e-03         0.0000000000000000e+00         1.1006306815441352e-02
7                                      4.7896589185552054e+00         3.8631208492211052e+04         2.5885806813463347e+02         3.9104097461741781e-02         1.0324463464783832e-02         8.9037164733304877e-02         0.0000000000000000e+00         4.8811140316606980e-02
                                                         8                           9                          10

0                                      0.0000000000000000e+00        -9.4858416022538753e-03         0.0000000000000000e+00
1                                      0.0000000000000000e+00         1.1933461479418542e-04         0.0000000000000000e+00
2                                      0.0000000000000000e+00         2.3123993967942159e-04         0.0000000000000000e+00
3                                      0.0000000000000000e+00         9.8204768685059680e-04         0.0000000000000000e+00
4                                      0.0000000000000000e+00        -3.7503611536918698e-03         0.0000000000000000e+00
5                                      0.0000000000000000e+00        -2.3164261008926663e-02         0.0000000000000000e+00
6                                      0.0000000000000000e+00         5.0872987411016415e-03         0.0000000000000000e+00
7                                      0.0000000000000000e+00        -3.7840906477867461e-03         0.0000000000000000e+00
   &States [&Type "ArrayOfIntegers", &Dim (8,4)] "The initial and Final states. Col1: Initial State  Col2: Initial Irrep Col3: Final State Col4: Final Irrep"
                                                         0                           1                           2                           3

0                                                        0                           0                           1                           0
1                                                        0                           0                           2                           0
2                                                        0                           0                           3                           0
3                                                        0                           0                           4                           0
4                                                        0                           0                           5                           0
5                                                        0                           0                           6                           0
6                                                        0                           0                           7                           0
7                                                        0                           0                           8                           0
   &Multiplicities [&Type "ArrayOfDoubles", &Dim (8,2)] "Col1: Multiplicity of the initial state  Col2: Multiplicity of the final state"
                                                         0                           1

0                                      1.0000000000000000e+00         1.0000000000000000e+00
1                                      1.0000000000000000e+00         1.0000000000000000e+00
2                                      1.0000000000000000e+00         1.0000000000000000e+00
3                                      1.0000000000000000e+00         1.0000000000000000e+00
4                                      1.0000000000000000e+00         1.0000000000000000e+00
5                                      1.0000000000000000e+00         1.0000000000000000e+00
6                                      1.0000000000000000e+00         1.0000000000000000e+00
7                                      1.0000000000000000e+00         1.0000000000000000e+00
   &Temperature [&Type "Double"]       2.9814999999999998e+02
$End
$CIS_ECD_Spectrum
   &GeometryIndex 1
   &Method [&Type "Integer"] 20
   &RelCorrection [&Type "Integer"] 1 "Type of relativistic treatment in QDPT. 0->Unknow, 1->None, 2->SOC, 3->SSC, 4->SOC/SSC"
   &DensType [&Type "Integer"] 3 "Type of density (electron/spin ...). 0->Unknow, 1->Electronic, 2->Spin, 3->Trans/Electronic, 4->Tran/Spin"
   &DeriType [&Type "Integer"] 0 "Type of derivative (w.r.t. to what perturbation). 0->Unknown, 1->No Derivative, 2->Electric/Dipole, 3->Electric/Quad, 4->Magnetic/Dipole, 5->Magnetic/Quad"
   &DensLevel [&Type "Integer"] 0 "// Source of density: relaxed, unrelaxed, ... 0->Unknown, 1->Linearized, 2->Unrelaxed, 3->Relaxed"
   &Density_name [&Type "String"] "Tdens-CIS"
   &Representation [&Type "String"] "Length" "Possible values: Unknown,  Length, Velocity"
   &PointGroup [&Type "String"] "C1"
   &DoHigherMoments [&Type "Boolean"] false
   &NTrans [&Type "Integer"] 8
   &ExcitationEnergies [&Type "ArrayOfDoubles", &Dim (8,10)] 
                                                         0                           1                           2                           3                           4                           5                           6                           7

0                                      2.6031530095888660e+00         2.0995847170029559e+04         4.7628466329639036e+02         2.9416429204586006e+01         8.2818407294597385e-02         0.0000000000000000e+00         1.8380154794162940e-02         0.0000000000000000e+00
1                                      3.5055108467024940e+00         2.8273854713546338e+04         3.5368364523741013e+02        -4.1648497192963490e+00        -2.8893525536612347e-01         0.0000000000000000e+00        -1.7050442369067834e-01         0.0000000000000000e+00
2                                      3.7359961909570973e+00         3.0132844578942531e+04         3.3186378981917329e+02        -3.6783638424765519e-01        -2.9340211551534437e-03         0.0000000000000000e+00         2.8898796999135275e-02         0.0000000000000000e+00
3                                      3.9510529733180704e+00         3.1867394687482803e+04         3.1380036234740896e+02        -5.4108157761988576e+00         4.4027198490830345e-02         0.0000000000000000e+00         6.8955255713646080e-02         0.0000000000000000e+00
4                                      4.2831290131002939e+00         3.4545768856966366e+04         2.8947105046074086e+02        -1.3229076634571215e+00        -6.4589448718025771e-02         0.0000000000000000e+00         1.4235124806570743e-01         0.0000000000000000e+00
5                                      4.5257189223069005e+00         3.6502388633034650e+04         2.7395467459765092e+02        -5.8076505848598581e-01        -2.8339243493998245e-02         0.0000000000000000e+00        -1.7838140648775258e-02         0.0000000000000000e+00
6                                      4.6559143171513186e+00         3.7552485420402059e+04         2.6629395865678322e+02         3.4107040443171099e-01        -2.0525540409349310e-02         0.0000000000000000e+00        -1.4232464305789330e-02         0.0000000000000000e+00
7                                      4.7896589185552054e+00         3.8631208492211052e+04         2.5885806813463347e+02        -1.0657927604653381e+01        -9.3637202444398715e-02         0.0000000000000000e+00         2.3165402055231391e-01         0.0000000000000000e+00
                                                         8                           9

0                                     -2.3407938067660353e-02         0.0000000000000000e+00
1                                      4.4153091328371537e-02         0.0000000000000000e+00
2                                     -2.4578904369962871e-02         0.0000000000000000e+00
3                                      5.0746809840479601e-01         0.0000000000000000e+00
4                                      2.6248058473753588e-01         0.0000000000000000e+00
5                                      7.1798904540830814e-03         0.0000000000000000e+00
6                                      9.3210551871629032e-03         0.0000000000000000e+00
7                                      4.8022948167628338e-01         0.0000000000000000e+00
   &States [&Type "ArrayOfIntegers", &Dim (8,4)] "The initial and Final states. Col1: Initial State  Col2: Initial Irrep Col3: Final State Col4: Final Irrep"
                                                         0                           1                           2                           3

0                                                        0                           0                           1                           0
1                                                        0                           0                           2                           0
2                                                        0                           0                           3                           0
3                                                        0                           0                           4                           0
4                                                        0                           0                           5                           0
5                                                        0                           0                           6                           0
6                                                        0                           0                           7                           0
7                                                        0                           0                           8                           0
   &Multiplicities [&Type "ArrayOfDoubles", &Dim (8,2)] "Col1: Multiplicity of the initial state  Col2: Multiplicity of the final state"
                                                         0                           1

0                                      1.0000000000000000e+00         1.0000000000000000e+00
1                                      1.0000000000000000e+00         1.0000000000000000e+00
2                                      1.0000000000000000e+00         1.0000000000000000e+00
3                                      1.0000000000000000e+00         1.0000000000000000e+00
4                                      1.0000000000000000e+00         1.0000000000000000e+00
5                                      1.0000000000000000e+00         1.0000000000000000e+00
6                                      1.0000000000000000e+00         1.0000000000000000e+00
7                                      1.0000000000000000e+00         1.0000000000000000e+00
   &Temperature [&Type "Double"]       2.9814999999999998e+02
$End
$CIS_ECD_Spectrum
   &GeometryIndex 1
   &Method [&Type "Integer"] 20
   &RelCorrection [&Type "Integer"] 1 "Type of relativistic treatment in QDPT. 0->Unknow, 1->None, 2->SOC, 3->SSC, 4->SOC/SSC"
   &DensType [&Type "Integer"] 3 "Type of density (electron/spin ...). 0->Unknow, 1->Electronic, 2->Spin, 3->Trans/Electronic, 4->Tran/Spin"
   &DeriType [&Type "Integer"] 0 "Type of derivative (w.r.t. to what perturbation). 0->Unknown, 1->No Derivative, 2->Electric/Dipole, 3->Electric/Quad, 4->Magnetic/Dipole, 5->Magnetic/Quad"
   &DensLevel [&Type "Integer"] 0 "// Source of density: relaxed, unrelaxed, ... 0->Unknown, 1->Linearized, 2->Unrelaxed, 3->Relaxed"
   &Density_name [&Type "String"] "Tdens-CIS"
   &Representation [&Type "String"] "Velocity" "Possible values: Unknown,  Length, Velocity"
   &PointGroup [&Type "String"] "C1"
   &DoHigherMoments [&Type "Boolean"] false
   &NTrans [&Type "Integer"] 8
   &ExcitationEnergies [&Type "ArrayOfDoubles", &Dim (8,10)] 
                                                         0                           1                           2                           3                           4                           5                           6                           7

0                                      2.6031530095888660e+00         2.0995847170029559e+04         4.7628466329639036e+02         8.8688334417637975e+00         8.2818407294597385e-02         0.0000000000000000e+00         1.8380154794162940e-02         0.0000000000000000e+00
1                                      3.5055108467024940e+00         2.8273854713546338e+04         3.5368364523741013e+02        -2.3142724935727812e+00        -2.8893525536612347e-01         0.0000000000000000e+00        -1.7050442369067834e-01         0.0000000000000000e+00
2                                      3.7359961909570973e+00         3.0132844578942531e+04         3.3186378981917329e+02        -1.0829357548441599e-02        -2.9340211551534437e-03         0.0000000000000000e+00         2.8898796999135275e-02         0.0000000000000000e+00
3                                      3.9510529733180704e+00         3.1867394687482803e+04         3.1380036234740896e+02        -1.6138401406219963e+01         4.4027198490830345e-02         0.0000000000000000e+00         6.8955255713646080e-02         0.0000000000000000e+00
4                                      4.2831290131002939e+00         3.4545768856966366e+04         2.8947105046074086e+02         4.1516190519077845e-01        -6.4589448718025771e-02         0.0000000000000000e+00         1.4235124806570743e-01         0.0000000000000000e+00
5                                      4.5257189223069005e+00         3.6502388633034650e+04         2.7395467459765092e+02        -3.9190933189367511e-01        -2.8339243493998245e-02         0.0000000000000000e+00        -1.7838140648775258e-02         0.0000000000000000e+00
6                                      4.6559143171513186e+00         3.7552485420402059e+04         2.6629395865678322e+02        -4.2253609276730504e-02        -2.0525540409349310e-02         0.0000000000000000e+00        -1.4232464305789330e-02         0.0000000000000000e+00
7                                      4.7896589185552054e+00         3.8631208492211052e+04         2.5885806813463347e+02         3.0879059950740153e+00        -9.3637202444398715e-02         0.0000000000000000e+00         2.3165402055231391e-01         0.0000000000000000e+00
                                                         8                           9

0                                     -2.3407938067660353e-02         0.0000000000000000e+00
1                                      4.4153091328371537e-02         0.0000000000000000e+00
2                                     -2.4578904369962871e-02         0.0000000000000000e+00
3                                      5.0746809840479601e-01         0.0000000000000000e+00
4                                      2.6248058473753588e-01         0.0000000000000000e+00
5                                      7.1798904540830814e-03         0.0000000000000000e+00
6                                      9.3210551871629032e-03         0.0000000000000000e+00
7                                      4.8022948167628338e-01         0.0000000000000000e+00
   &States [&Type "ArrayOfIntegers", &Dim (8,4)] "The initial and Final states. Col1: Initial State  Col2: Initial Irrep Col3: Final State Col4: Final Irrep"
                                                         0                           1                           2                           3

0                                                        0                           0                           1                           0
1                                                        0                           0                           2                           0
2                                                        0                           0                           3                           0
3                                                        0                           0                           4                           0
4                                                        0                           0                           5                           0
5                                                        0                           0                           6                           0
6                                                        0                           0                           7                           0
7                                                        0                           0                           8                           0
   &Multiplicities [&Type "ArrayOfDoubles", &Dim (8,2)] "Col1: Multiplicity of the initial state  Col2: Multiplicity of the final state"
                                                         0                           1

0                                      1.0000000000000000e+00         1.0000000000000000e+00
1                                      1.0000000000000000e+00         1.0000000000000000e+00
2                                      1.0000000000000000e+00         1.0000000000000000e+00
3                                      1.0000000000000000e+00         1.0000000000000000e+00
4                                      1.0000000000000000e+00         1.0000000000000000e+00
5                                      1.0000000000000000e+00         1.0000000000000000e+00
6                                      1.0000000000000000e+00         1.0000000000000000e+00
7                                      1.0000000000000000e+00         1.0000000000000000e+00
   &Temperature [&Type "Double"]       2.9814999999999998e+02
$End
$CIS_Energies
   &GeometryIndex 1
   &e0 [&Type "Double"]      -1.1066009076546761e+03  "Ground state energy"
   &multP1 [&Type "Boolean"] false "Do the higher multiplicity too?"
   &mode [&Type "String"] "TDA" "CIS mode: CIS, RPA, TDA, TD-DFT, sTDA, sTD-DFT"
   &dCorr [&Type "Integer"] 0 "(D) Correction algorithm"
   &Method [&Type "String"] "TDA/CIS"
   &totalEnergy [&Type "ArrayOfDoubles", &Dim (8,1)] "Total energy of each state"
                                                         0

0                                     -1.1065052435360490e+03
1                                     -1.1064720824937069e+03
2                                     -1.1064636123126481e+03
3                                     -1.1064557091208405e+03
4                                     -1.1064435055501915e+03
5                                     -1.1064345905345290e+03
6                                     -1.1064298059415178e+03
7                                     -1.1064248909175574e+03
   &Mult [&Type "ArrayOfIntegers", &Dim (8,1)] "Multiplicity of each state"
                                                         0

0                                                        1
1                                                        1
2                                                        1
3                                                        1
4                                                        1
5                                                        1
6                                                        1
7                                                        1
   &RelCorr [&Type "String"] "None" "Relativistic correction (SOC and/or SSC)"
   &NBlocks [&Type "Integer"] 1 "Number of multiplicity blocks"
   &NRoots [&Type "ArrayOfIntegers", &Dim (1,1)] "Number of roots in each block"
                                                         0

0                                                        8
   &NTotalRoots [&Type "Integer"] 8 "Total number of roots"
   &Block [&Type "ArrayOfIntegers", &Dim (8,1)] "Block index of each state"
                                                         0

0                                                        0
1                                                        0
2                                                        0
3                                                        0
4                                                        0
5                                                        0
6                                                        0
7                                                        0
   &Root [&Type "ArrayOfIntegers", &Dim (8,1)] "Root index within the block"
                                                         0

0                                                        0
1                                                        1
2                                                        2
3                                                        3
4                                                        4
5                                                        5
6                                                        6
7                                                        7
$End
$Single_Point_Data
   &GeometryIndex 1
   &FinalEnergy [&Type "Double"]      -1.1065052435360490e+03  "Final single point energy"
   &Converged [&Type "Boolean"] true
$End
$Calculation_Info
   &GeometryIndex 1
   &Mult [&Type "Integer"] 1
   &Charge [&Type "Integer"] 0
   &NumOfAtoms [&Type "Integer"] 42
   &NumOfElectrons [&Type "Integer"] 172
   &NumOfBasisFuncts [&Type "Integer"] 372
   &NumOfAuxCBasisFuncts [&Type "Integer"] 0
   &NumOfAuxJBasisFuncts [&Type "Integer"] 1374
   &NumOfAuxJKBasisFuncts [&Type "Integer"] 0
   &NumOfCABSBasisFuncts [&Type "Integer"] 0
$End
$SCF_Dipole_Moment
   &GeometryIndex 1
   &dipoleMagnitude [&Type "Double", &Units "a.u."]       1.9818920431892690e+00
   &dipoleElecContrib [&Type "ArrayOfDoubles", &Dim (3,1)] "Electronic contribution"
                                                         0

0                                     -7.4508008935508947e+00
1                                      1.2638161075430935e+01
2                                     -4.8599087455943241e-01
   &dipoleNucContrib [&Type "ArrayOfDoubles", &Dim (3,1)] "Nuclear contribution"
                                                         0

0                                      7.3893046706407421e+00
1                                     -1.4234217577663543e+01
2                                      1.6593271124323330e+00
   &dipoleTotal [&Type "ArrayOfDoubles", &Dim (3,1)] "Total"
                                                         0

0                                     -6.1496222910152554e-02
1                                     -1.5960565022326083e+00
2                                      1.1733362378729006e+00
   &doAtomicDipole [&Type "Boolean"] false
   &Method [&Type "String"] "SCF"
   &Level [&Type "String"] "Relaxed density"
   &Mult [&Type "Integer"] 1
   &State [&Type "Integer"] -1
   &Irrep [&Type "Integer"] 0
$End
$Calculation_Timings
   &GeometryIndex 1
   &GTOINT [&Type "Double"]       4.1024050000000001e+00
   &SCF [&Type "Double"]       9.5058689000000001e+01
   &CIS [&Type "Double"]       4.8286822000000001e+01
   &PROPINT [&Type "Double"]       1.7197950000000048e+00
   &PROP [&Type "Double"]       1.6672079999999880e+00
   &SUM [&Type "Double"]       1.5083491900000001e+02
$End
