*************************************************
******************* ORCA 6.1.1 ******************
*************************************************
$Calculation_Status
   &GeometryIndex 1
   &version [&Type "String"] "6.1.1"
   &progName [&Type "String"] "ProgCIS"
   &Status [&Type "String"] "NORMAL TERMINATION"
$End
$Geometry
   &GeometryIndex 1
   &NAtoms [&Type "Integer"] 30
   &NCorelessECP [&Type "Integer"] 0
   &NGhostAtoms [&Type "Integer"] 0
   &CartesianCoordinates [&Type "Coordinates", &Dim(30,4), &Units "Bohr"] 
              C      7.903152166049   -2.595907341537    1.896551824717
              C      5.826471646247   -2.599656558187    3.893259134532
              N      3.339599612911   -2.712278566590    2.707894401959
              C      2.164369481595   -0.615793716904    1.471013845250
              N      3.299560095585    1.686663722475    1.425144522801
              C      2.164834354224    3.664400071631    0.250844136743
              N      3.376891468438    6.076856579539    0.207748932259
              N      2.277471480436    8.080189269179   -0.954854049031
              N      1.370359472453    9.734512218598   -1.914504222989
              N     -0.118247723104    3.335154977044   -0.876662850787
              C     -1.267594275564    1.041590588852   -0.830842661218
              N     -0.116365555875   -0.930790276441    0.344886357797
              N     -3.674842698247    0.723016777743   -2.032678246774
              C     -5.054095221886   -1.681208083126   -2.003172062919
              C     -7.049141462429   -1.719437242815   -4.100938146924
              C     -6.298117053655   -2.080767997430    0.579418378552
              H      9.780071625961   -2.599458136943    2.834430463887
              H      7.760687602539   -0.886270218452    0.689404218999
              H      7.745692625666   -4.306665072219    0.690658997152
              H      5.974474997056   -0.886976976026    5.099673526510
              H      6.065574914520   -4.287541043744    5.116456184305
              H      5.132063432445    6.311004985889    1.078691582039
              H     -4.437694902893    2.270940586917   -2.996175903141
              H     -3.714139553202   -3.259136963855   -2.370353409644
              H     -8.465341911438   -0.197285518655   -3.804485469939
              H     -8.035979126276   -3.572292930138   -4.130754245865
              H     -6.127712889255   -1.432913186938   -5.965141639680
              H     -7.634023039235   -0.516012397581    0.998977264532
              H     -7.345391938718   -3.900014905461    0.607044284904
              H     -4.842587624347   -2.143918865373    2.088459182795
$End
$SCF_Mulliken_Population_Analysis
   &GeometryIndex 1
   &NAtoms [&Type "Integer"] 30
   &ATNO [&Type "ArrayOfIntegers", &Dim (30,1)] 
                                                         0

0                                                        6
1                                                        6
2                                                        7
3                                                        6
4                                                        7
5                                                        6
6                                                        7
7                                                        7
8                                                        7
9                                                        7
10                                                       6
11                                                       7
12                                                       7
13                                                       6
14                                                       6
15                                                       6
16                                                       1
17                                                       1
18                                                       1
19                                                       1
20                                                       1
21                                                       1
22                                                       1
23                                                       1
24                                                       1
25                                                       1
26                                                       1
27                                                       1
28                                                       1
29                                                       1
   &AtomicCharges [&Type "ArrayOfDoubles", &Dim (30,1)] 
                                                         0

0                                     -7.0709322658624796e-01
1                                     -1.1118644829313151e-01
2                                     -5.9101269160484282e-01
3                                      3.1896437004577738e-01
4                                     -4.1767234740158976e-01
5                                      1.4690443610094128e-01
6                                     -2.9958673792823109e-01
7                                      6.3898637594439833e-01
8                                     -1.1990602380972248e-01
9                                     -4.7846369464477334e-01
10                                     5.3111629760060719e-01
11                                    -5.3848139483509083e-01
12                                    -5.4700233156635392e-01
13                                     4.8933635706101875e-02
14                                    -6.6949993606507707e-01
15                                    -7.0392780660225807e-01
16                                     1.8696510745462613e-01
17                                     2.0950064004761870e-01
18                                     2.0027281348808335e-01
19                                     1.7298995214455326e-01
20                                     1.7871066144188708e-01
21                                     5.7946133470096706e-01
22                                     4.6365572286269607e-01
23                                     2.1048137956713908e-01
24                                     2.1995901561731213e-01
25                                     2.2204642696542387e-01
26                                     2.1602112898256554e-01
27                                     2.1234805025564496e-01
28                                     2.0787985903320438e-01
29                                     2.1863543137767938e-01
   &Method [&Type "String"] "SCF"
   &Level [&Type "String"] "Relaxed density"
   &Mult [&Type "Integer"] 1
   &State [&Type "Integer"] -1
   &Irrep [&Type "Integer"] 0
$End
$SCF_Loewdin_Population_Analysis
   &GeometryIndex 1
   &NAtoms [&Type "Integer"] 30
   &ATNO [&Type "ArrayOfIntegers", &Dim (30,1)] 
                                                         0

0                                                        6
1                                                        6
2                                                        7
3                                                        6
4                                                        7
5                                                        6
6                                                        7
7                                                        7
8                                                        7
9                                                        7
10                                                       6
11                                                       7
12                                                       7
13                                                       6
14                                                       6
15                                                       6
16                                                       1
17                                                       1
18                                                       1
19                                                       1
20                                                       1
21                                                       1
22                                                       1
23                                                       1
24                                                       1
25                                                       1
26                                                       1
27                                                       1
28                                                       1
29                                                       1
   &AtomicCharges [&Type "ArrayOfDoubles", &Dim (30,1)] 
                                                         0

0                                     -5.1961734531255033e-01
1                                     -2.9335786077855452e-01
2                                     -5.3580887033240554e-01
3                                      6.6123035335432512e-02
4                                     -2.9698918044651634e-01
5                                      1.4714713354936304e-01
6                                     -1.3304082880461454e-01
7                                      2.4192025532308481e-01
8                                      2.5384074007147017e-01
9                                     -3.0287349758641824e-01
10                                     1.3700943589359404e-01
11                                    -3.3139521326779331e-01
12                                    -4.1494602961641291e-01
13                                    -2.0303901534973878e-01
14                                    -4.9588564442459404e-01
15                                    -5.0026405256151030e-01
16                                     1.8126691424596175e-01
17                                     1.9836835313410583e-01
18                                     1.9100207442613115e-01
19                                     1.9177793283017031e-01
20                                     1.8481330349571490e-01
21                                     4.3191711164978752e-01
22                                     3.6566155221582175e-01
23                                     2.2066289320812571e-01
24                                     2.0480136815678351e-01
25                                     2.0324126181164459e-01
26                                     1.9962819378912977e-01
27                                     2.0435805424105968e-01
28                                     1.9651375938074855e-01
29                                     2.0716416572293439e-01
   &Method [&Type "String"] "SCF"
   &Level [&Type "String"] "Relaxed density"
   &Mult [&Type "Integer"] 1
   &State [&Type "Integer"] -1
   &Irrep [&Type "Integer"] 0
$End
$SCF_Mayer_Population_Analysis
   &GeometryIndex 1
   &NAtoms [&Type "Integer"] 30 "Total number of atoms"
   &NBondOrdersPrint [&Type "Integer"] 42 "The number of bond orders larger than threshold"
   &bondThresh [&Type "Double"]       1.0000000000000001e-01  "The threshold for printing"
   &components [&Type "ArrayOfIntegers", &Dim (42,4)] "The indices and atomic numbers of the bonding atoms"
                                                         0                           1                           2                           3

0                                                        0                           6                           1                           6
1                                                        0                           6                          16                           1
2                                                        0                           6                          17                           1
3                                                        0                           6                          18                           1
4                                                        1                           6                           2                           7
5                                                        1                           6                          19                           1
6                                                        1                           6                          20                           1
7                                                        2                           7                           3                           6
8                                                        3                           6                           4                           7
9                                                        3                           6                           9                           7
10                                                       3                           6                          11                           7
11                                                       4                           7                           5                           6
12                                                       4                           7                           6                           7
13                                                       4                           7                           7                           7
14                                                       4                           7                          10                           6
15                                                       5                           6                           6                           7
16                                                       5                           6                           7                           7
17                                                       5                           6                           9                           7
18                                                       5                           6                          10                           6
19                                                       6                           7                           7                           7
20                                                       6                           7                           8                           7
21                                                       6                           7                          10                           6
22                                                       6                           7                          21                           1
23                                                       7                           7                           8                           7
24                                                       7                           7                           9                           7
25                                                       7                           7                          21                           1
26                                                       8                           7                           9                           7
27                                                       9                           7                          10                           6
28                                                      10                           6                          11                           7
29                                                      10                           6                          12                           7
30                                                      12                           7                          13                           6
31                                                      12                           7                          22                           1
32                                                      13                           6                          14                           6
33                                                      13                           6                          15                           6
34                                                      13                           6                          23                           1
35                                                      14                           6                          15                           6
36                                                      14                           6                          24                           1
37                                                      14                           6                          25                           1
38                                                      14                           6                          26                           1
39                                                      15                           6                          27                           1
40                                                      15                           6                          28                           1
41                                                      15                           6                          29                           1
   &BondOrders [&Type "ArrayOfDoubles", &Dim (42,1)] "The bond orders"
                                                         0

0                                      6.6157836620086907e-01
1                                      9.6216293831001887e-01
2                                      9.6654713135118686e-01
3                                      9.5875557856486227e-01
4                                      7.2730448961301597e-01
5                                      1.0061089104300434e+00
6                                      9.6243250717589734e-01
7                                      1.5218777672950392e+00
8                                      1.3175301898536604e+00
9                                     -2.2575674743788854e-01
10                                     1.2743537929753732e+00
11                                     1.5313281834395971e+00
12                                    -1.7452259725580038e-01
13                                     1.0372426062727200e-01
14                                    -2.0192016901181811e-01
15                                     8.6731739648973438e-01
16                                     2.9907978220275594e-01
17                                     1.4647481482721587e+00
18                                    -1.4524821983351807e-01
19                                     2.7364032183612697e+00
20                                    -3.6786045127759170e-01
21                                    -1.6921140137440810e-01
22                                     4.1651925606004131e-01
23                                     4.7825276361808311e-01
24                                     1.3772580763706699e-01
25                                     1.8922479531164188e-01
26                                    -1.7778638600618385e-01
27                                     1.3779632498563397e+00
28                                     1.5172400058892068e+00
29                                     1.0811107983850545e+00
30                                     8.3438829749300925e-01
31                                     7.1621928936339885e-01
32                                     7.1764651515317368e-01
33                                     8.1982328425266771e-01
34                                     9.5783504558268673e-01
35                                    -2.3489189614121980e-01
36                                     9.6709722241857965e-01
37                                     9.5868168510727692e-01
38                                     9.9681732567884851e-01
39                                     9.7202304622021884e-01
40                                     9.7685494565586328e-01
41                                     9.6475907691580298e-01
   &ATNO [&Type "ArrayOfIntegers", &Dim (30,1)] "Atomic number of the elements"
                                                         0

0                                                        6
1                                                        6
2                                                        7
3                                                        6
4                                                        7
5                                                        6
6                                                        7
7                                                        7
8                                                        7
9                                                        7
10                                                       6
11                                                       7
12                                                       7
13                                                       6
14                                                       6
15                                                       6
16                                                       1
17                                                       1
18                                                       1
19                                                       1
20                                                       1
21                                                       1
22                                                       1
23                                                       1
24                                                       1
25                                                       1
26                                                       1
27                                                       1
28                                                       1
29                                                       1
   &NA [&Type "ArrayOfDoubles", &Dim (30,1)] "Mulliken gross atomic population"
                                                         0

0                                      6.7070932265862417e+00
1                                      6.1111864482931360e+00
2                                      7.5910126916048419e+00
3                                      5.6810356299542226e+00
4                                      7.4176723474015915e+00
5                                      5.8530955638990623e+00
6                                      7.2995867379282302e+00
7                                      6.3610136240556026e+00
8                                      7.1199060238097145e+00
9                                      7.4784636946447769e+00
10                                     5.4688837023993937e+00
11                                     7.5384813948350873e+00
12                                     7.5470023315663486e+00
13                                     5.9510663642938955e+00
14                                     6.6694999360650762e+00
15                                     6.7039278066022563e+00
16                                     8.1303489254537409e-01
17                                     7.9049935995238085e-01
18                                     7.9972718651191710e-01
19                                     8.2701004785544696e-01
20                                     8.2128933855811281e-01
21                                     4.2053866529903294e-01
22                                     5.3634427713730370e-01
23                                     7.8951862043286103e-01
24                                     7.8004098438268799e-01
25                                     7.7795357303457568e-01
26                                     7.8397887101743446e-01
27                                     7.8765194974435482e-01
28                                     7.9212014096679562e-01
29                                     7.8136456862232062e-01
   &ZA [&Type "ArrayOfDoubles", &Dim (30,1)] "Total nuclear charge"
                                                         0

0                                      6.0000000000000000e+00
1                                      6.0000000000000000e+00
2                                      7.0000000000000000e+00
3                                      6.0000000000000000e+00
4                                      7.0000000000000000e+00
5                                      6.0000000000000000e+00
6                                      7.0000000000000000e+00
7                                      7.0000000000000000e+00
8                                      7.0000000000000000e+00
9                                      7.0000000000000000e+00
10                                     6.0000000000000000e+00
11                                     7.0000000000000000e+00
12                                     7.0000000000000000e+00
13                                     6.0000000000000000e+00
14                                     6.0000000000000000e+00
15                                     6.0000000000000000e+00
16                                     1.0000000000000000e+00
17                                     1.0000000000000000e+00
18                                     1.0000000000000000e+00
19                                     1.0000000000000000e+00
20                                     1.0000000000000000e+00
21                                     1.0000000000000000e+00
22                                     1.0000000000000000e+00
23                                     1.0000000000000000e+00
24                                     1.0000000000000000e+00
25                                     1.0000000000000000e+00
26                                     1.0000000000000000e+00
27                                     1.0000000000000000e+00
28                                     1.0000000000000000e+00
29                                     1.0000000000000000e+00
   &QA [&Type "ArrayOfDoubles", &Dim (30,1)] "Mulliken gross atomic charge"
                                                         0

0                                     -7.0709322658624174e-01
1                                     -1.1118644829313595e-01
2                                     -5.9101269160484193e-01
3                                      3.1896437004577738e-01
4                                     -4.1767234740159154e-01
5                                      1.4690443610093773e-01
6                                     -2.9958673792823021e-01
7                                      6.3898637594439744e-01
8                                     -1.1990602380971449e-01
9                                     -4.7846369464477689e-01
10                                     5.3111629760060630e-01
11                                    -5.3848139483508728e-01
12                                    -5.4700233156634859e-01
13                                     4.8933635706104539e-02
14                                    -6.6949993606507618e-01
15                                    -7.0392780660225629e-01
16                                     1.8696510745462591e-01
17                                     2.0950064004761915e-01
18                                     2.0027281348808290e-01
19                                     1.7298995214455304e-01
20                                     1.7871066144188719e-01
21                                     5.7946133470096706e-01
22                                     4.6365572286269630e-01
23                                     2.1048137956713897e-01
24                                     2.1995901561731201e-01
25                                     2.2204642696542432e-01
26                                     2.1602112898256554e-01
27                                     2.1234805025564518e-01
28                                     2.0787985903320438e-01
29                                     2.1863543137767938e-01
   &VA [&Type "ArrayOfDoubles", &Dim (30,1)] "Mayer's total valence"
                                                         0

0                                      3.4930579379702609e+00
1                                      3.2476428645010493e+00
2                                      2.2397441112874987e+00
3                                      3.8797745432599764e+00
4                                      2.5750102796224006e+00
5                                      3.9800557453011325e+00
6                                      3.4224014725806908e+00
7                                      3.8912273031711688e+00
8                                      6.9623777550253507e-02
9                                      2.7642447549952389e+00
10                                     3.5212041444299396e+00
11                                     2.6071716067062418e+00
12                                     2.4226404125517171e+00
13                                     3.2293299553797423e+00
14                                     3.2007393059025087e+00
15                                     3.3809411536056055e+00
16                                     9.1746079217056919e-01
17                                     9.0969260362841819e-01
18                                     9.1298286886168500e-01
19                                     9.1547867917534487e-01
20                                     9.0684151248558453e-01
21                                     6.4576956381250128e-01
22                                     7.5248158831010603e-01
23                                     9.0458925871514251e-01
24                                     9.0552526083330465e-01
25                                     9.0758861947182989e-01
26                                     9.0771104091253074e-01
27                                     9.0992516997014328e-01
28                                     9.1130078059280462e-01
29                                     9.0738857094635406e-01
   &BVA [&Type "ArrayOfDoubles", &Dim (30,1)] "Mayer's bonded valence"
                                                         0

0                                      3.4930579379703319e+00
1                                      3.2476428645011062e+00
2                                      2.2397441112874814e+00
3                                      3.8797745432599293e+00
4                                      2.5750102796223713e+00
5                                      3.9800557453011205e+00
6                                      3.4224014725807361e+00
7                                      3.8912273031710400e+00
8                                      6.9623777550313903e-02
9                                      2.7642447549952109e+00
10                                     3.5212041444299551e+00
11                                     2.6071716067062658e+00
12                                     2.4226404125517647e+00
13                                     3.2293299553797343e+00
14                                     3.2007393059025446e+00
15                                     3.3809411536056011e+00
16                                     9.1746079217057408e-01
17                                     9.0969260362842919e-01
18                                     9.1298286886168645e-01
19                                     9.1547867917536041e-01
20                                     9.0684151248560019e-01
21                                     6.4576956381250461e-01
22                                     7.5248158831010703e-01
23                                     9.0458925871513951e-01
24                                     9.0552526083331120e-01
25                                     9.0758861947183822e-01
26                                     9.0771104091252119e-01
27                                     9.0992516997013739e-01
28                                     9.1130078059280195e-01
29                                     9.0738857094635406e-01
   &FA [&Type "ArrayOfDoubles", &Dim (30,1)] "Mayer's free valence"
                                                         0

0                                      0.0000000000000000e+00
1                                      0.0000000000000000e+00
2                                      0.0000000000000000e+00
3                                      0.0000000000000000e+00
4                                      0.0000000000000000e+00
5                                      0.0000000000000000e+00
6                                      0.0000000000000000e+00
7                                      0.0000000000000000e+00
8                                      0.0000000000000000e+00
9                                      0.0000000000000000e+00
10                                     0.0000000000000000e+00
11                                     0.0000000000000000e+00
12                                     0.0000000000000000e+00
13                                     0.0000000000000000e+00
14                                     0.0000000000000000e+00
15                                     0.0000000000000000e+00
16                                     0.0000000000000000e+00
17                                     0.0000000000000000e+00
18                                     0.0000000000000000e+00
19                                     0.0000000000000000e+00
20                                     0.0000000000000000e+00
21                                     0.0000000000000000e+00
22                                     0.0000000000000000e+00
23                                     0.0000000000000000e+00
24                                     0.0000000000000000e+00
25                                     0.0000000000000000e+00
26                                     0.0000000000000000e+00
27                                     0.0000000000000000e+00
28                                     0.0000000000000000e+00
29                                     0.0000000000000000e+00
   &Method [&Type "String"] "SCF"
   &Level [&Type "String"] "Relaxed density"
   &Mult [&Type "Integer"] 1
   &State [&Type "Integer"] -1
   &Irrep [&Type "Integer"] 0
$End
$SCF_Energy
   &GeometryIndex 1
   &Method [&Type "String"] "SCF"
   &totalEnergy [&Type "ArrayOfDoubles", &Dim (1,1)] "Total energy of each state"
                                                         0

0                                     -7.5073007680328476e+02
   &Mult [&Type "ArrayOfIntegers", &Dim (1,1)] "Multiplicity of each state"
                                                         0

0                                                        1
$End
$DFT_Energy
   &GeometryIndex 1
   &nAlphaEl [&Type "Integer"] 59
   &nBetaEl [&Type "Integer"] 59
   &nTotalEl [&Type "Integer"] 118
   &finalEn [&Type "Double"]      -7.5073007680328476e+02  "No Van der Waals correction"
   &eExchange [&Type "Double"]      -7.8619445962101906e+01
   &eCorr [&Type "Double"]      -4.7179948663179800e+00
   &eXC [&Type "Double"]      -8.3337440828419886e+01
   &eCNL [&Type "Double"]       0.0000000000000000e+00
$End
$Solvation_Details
   &GeometryIndex 1
   &Solvent [&Type "String"] "WATER"
   &Epsilon [&Type "Double"]       8.0150999999999996e+01
   &Refrac [&Type "Double"]       1.3328000000000000e+00
   &RSolv [&Type "Double"]       1.3000000000000000e+00
   &SurfaceType [&Type "String"] "GAUSSIAN VDW"
   &CPCMDielEnergy [&Type "Double"]      -8.8903056999999994e-02
   &NPoints [&Type "Integer"] 2651
   &SurfaceArea [&Type "Double"]       1.0251082832210000e+03
$End
$SCF_Timings
   &GeometryIndex 1
   &TOTAL [&Type "Double"]       4.1164477999999995e+01
   &PREP [&Type "Double"]       8.5899199999999998e-01
   &FOCK [&Type "Double"]       3.8896004999999988e+01
   &DENS [&Type "Double"]       8.4610999999995329e-02
   &ETOT [&Type "Double"]       4.8840000000012207e-02
   &POP [&Type "Double"]       2.5553999999999633e-02
   &TRAFO [&Type "Double"]       5.3762999999999117e-02
   &DIIS [&Type "Double"]       2.6609799999999906e-01
   &SOSCF [&Type "Double"]       2.2237800000000396e-01
   &XC [&Type "Double"]       4.5940260000000022e+00
   &FOCKSTART [&Type "Double"]       9.3229999999976387e-03
   &SOLV [&Type "Double"]       5.4422600000000072e+00
   &SOLV_INIT [&Type "Double"]       2.2877999999999998e-01
   &SOLV_FINAL [&Type "Double"]       1.0000000045806701e-06
   &INT_PREP [&Type "Double"]       8.0000000051150266e-06
   &INT_BF [&Type "Double"]       1.0719920000000491e+00
   &INT_DENS [&Type "Double"]       1.2408949999999317e+00
   &INT_DENSIO [&Type "Double"]       9.4058620302000214e+04
   &INT_FUNC [&Type "Double"]       1.0282999999997111e-01
   &INT_POT [&Type "Double"]       1.4749230000000879e+00
   &INT_POTIO [&Type "Double"]       2.9728000000011967e-02
   &INT_SUM [&Type "Double"]       6.1799999999978539e-04
   &SPLITRIJ [&Type "Double"]       3.4130049999999850e+00
   &COSX [&Type "Double"]       2.6802448000000012e+01
   &FROZCORE [&Type "Double"]       3.7180000000063274e-03
$End
$CIS_Absorption_Spectrum
   &GeometryIndex 1
   &Method [&Type "Integer"] 20
   &RelCorrection [&Type "Integer"] 1 "Type of relativistic treatment in QDPT. 0->Unknow, 1->None, 2->SOC, 3->SSC, 4->SOC/SSC"
   &DensType [&Type "Integer"] 3 "Type of density (electron/spin ...). 0->Unknow, 1->Electronic, 2->Spin, 3->Trans/Electronic, 4->Tran/Spin"
   &DeriType [&Type "Integer"] 0 "Type of derivative (w.r.t. to what perturbation). 0->Unknown, 1->No Derivative, 2->Electric/Dipole, 3->Electric/Quad, 4->Magnetic/Dipole, 5->Magnetic/Quad"
   &DensLevel [&Type "Integer"] 0 "// Source of density: relaxed, unrelaxed, ... 0->Unknown, 1->Linearized, 2->Unrelaxed, 3->Relaxed"
   &Density_name [&Type "String"] "Tdens-CIS"
   &Representation [&Type "String"] "Length" "Possible values: Unknown,  Length, Velocity"
   &PointGroup [&Type "String"] "C1"
   &DoHigherMoments [&Type "Boolean"] false
   &NTrans [&Type "Integer"] 8
   &ExcitationEnergies [&Type "ArrayOfDoubles", &Dim (8,11)] 
                                                         0                           1                           2                           3                           4                           5                           6                           7

0                                      9.3264574885900997e-01         7.5222960520150973e+03         1.3293813392682366e+03         1.9566924932159036e-05         8.5634298489976142e-04         2.4195587571867495e-03         0.0000000000000000e+00        -2.8109527389713201e-02
1                                      1.7638337155130024e+00         1.4226279818298237e+04         7.0292445584668747e+02         2.5591622770764644e-02         5.9221863114310691e-01         3.5813008481718411e-01         0.0000000000000000e+00        -5.9207008363143521e-01
2                                      2.0750320444170045e+00         1.6736263875773584e+04         5.9750491951046513e+02         2.0062815339029486e-02         3.9464712972212240e-01         7.8157098364909028e-02         0.0000000000000000e+00        -5.8981420046897082e-01
3                                      2.2236298810498045e+00         1.7934786381460654e+04         5.5757564028401737e+02         1.9949054210087231e-04         3.6618596053524790e-03        -5.3594788589148238e-03         0.0000000000000000e+00         5.8479622506506033e-02
4                                      2.6452947127709314e+00         2.1335742964182336e+04         4.6869705998931619e+02         5.6161593360378066e-04         8.6657715787175453e-03        -5.0489856707813745e-02         0.0000000000000000e+00        -7.8009214327455528e-02
5                                      2.7035499134224321e+00         2.1805602893749630e+04         4.5859773053403649e+02         2.9455680788951209e-04         4.4470964967769366e-03        -7.7200476211158626e-03         0.0000000000000000e+00         4.5404917822692084e-02
6                                      2.7459440195232272e+00         2.2147534454946217e+04         4.5151752762108003e+02         4.6016343873352778e-03         6.8400977964298879e-02         3.7441795919222060e-02         0.0000000000000000e+00        -2.4342490289769456e-01
7                                      3.0323675316791565e+00         2.4457696118504664e+04         4.0886925536841596e+02         1.6501152073078555e-02         2.2211316945159523e-01        -2.9137458568619756e-01         0.0000000000000000e+00         2.8461920119051615e-01
                                                         8                           9                          10

0                                      0.0000000000000000e+00        -7.7680879402363626e-03         0.0000000000000000e+00
1                                      0.0000000000000000e+00         3.3677067800004318e-01         0.0000000000000000e+00
2                                      0.0000000000000000e+00         2.0163781049805363e-01         0.0000000000000000e+00
3                                      0.0000000000000000e+00        -1.4603744150384079e-02         0.0000000000000000e+00
4                                      0.0000000000000000e+00        -5.5774930170362537e-03         0.0000000000000000e+00
5                                      0.0000000000000000e+00        -4.8227490075881195e-02         0.0000000000000000e+00
6                                      0.0000000000000000e+00         8.7996627957497256e-02         0.0000000000000000e+00
7                                      0.0000000000000000e+00        -2.3707789981663077e-01         0.0000000000000000e+00
   &States [&Type "ArrayOfIntegers", &Dim (8,4)] "The initial and Final states. Col1: Initial State  Col2: Initial Irrep Col3: Final State Col4: Final Irrep"
                                                         0                           1                           2                           3

0                                                        0                           0                           1                           0
1                                                        0                           0                           2                           0
2                                                        0                           0                           3                           0
3                                                        0                           0                           4                           0
4                                                        0                           0                           5                           0
5                                                        0                           0                           6                           0
6                                                        0                           0                           7                           0
7                                                        0                           0                           8                           0
   &Multiplicities [&Type "ArrayOfDoubles", &Dim (8,2)] "Col1: Multiplicity of the initial state  Col2: Multiplicity of the final state"
                                                         0                           1

0                                      1.0000000000000000e+00         1.0000000000000000e+00
1                                      1.0000000000000000e+00         1.0000000000000000e+00
2                                      1.0000000000000000e+00         1.0000000000000000e+00
3                                      1.0000000000000000e+00         1.0000000000000000e+00
4                                      1.0000000000000000e+00         1.0000000000000000e+00
5                                      1.0000000000000000e+00         1.0000000000000000e+00
6                                      1.0000000000000000e+00         1.0000000000000000e+00
7                                      1.0000000000000000e+00         1.0000000000000000e+00
   &Temperature [&Type "Double"]       2.9814999999999998e+02
$End
$CIS_Absorption_Spectrum
   &GeometryIndex 1
   &Method [&Type "Integer"] 20
   &RelCorrection [&Type "Integer"] 1 "Type of relativistic treatment in QDPT. 0->Unknow, 1->None, 2->SOC, 3->SSC, 4->SOC/SSC"
   &DensType [&Type "Integer"] 3 "Type of density (electron/spin ...). 0->Unknow, 1->Electronic, 2->Spin, 3->Trans/Electronic, 4->Tran/Spin"
   &DeriType [&Type "Integer"] 0 "Type of derivative (w.r.t. to what perturbation). 0->Unknown, 1->No Derivative, 2->Electric/Dipole, 3->Electric/Quad, 4->Magnetic/Dipole, 5->Magnetic/Quad"
   &DensLevel [&Type "Integer"] 0 "// Source of density: relaxed, unrelaxed, ... 0->Unknown, 1->Linearized, 2->Unrelaxed, 3->Relaxed"
   &Density_name [&Type "String"] "Tdens-CIS"
   &Representation [&Type "String"] "Velocity" "Possible values: Unknown,  Length, Velocity"
   &PointGroup [&Type "String"] "C1"
   &DoHigherMoments [&Type "Boolean"] false
   &NTrans [&Type "Integer"] 8
   &ExcitationEnergies [&Type "ArrayOfDoubles", &Dim (8,11)] 
                                                         0                           1                           2                           3                           4                           5                           6                           7

0                                      9.3264574885900997e-01         7.5222960520150973e+03         1.3293813392682366e+03         1.4575128962090696e-04         7.4932420004594794e-06         1.2350158509892805e-03         0.0000000000000000e+00        -1.9189831141526847e-03
1                                      1.7638337155130024e+00         1.4226279818298237e+04         7.0292445584668747e+02         1.1686762379136205e-02         1.1362986515512507e-03         1.9927530943487037e-02         0.0000000000000000e+00        -1.7310450267270856e-02
2                                      2.0750320444170045e+00         1.6736263875773584e+04         5.9750491951046513e+02         1.7683232124045894e-03         2.0226795951649082e-04        -5.3946462627315651e-04         0.0000000000000000e+00        -1.2331237613634928e-02
3                                      2.2236298810498045e+00         1.7934786381460654e+04         5.5757564028401737e+02         7.3011911553035389e-05         8.9494605519704094e-06        -1.3332708604213708e-03         0.0000000000000000e+00         1.5599723754595744e-03
4                                      2.6452947127709314e+00         2.1335742964182336e+04         4.6869705998931619e+02         3.3708028876713425e-04         4.9152776939760384e-05         5.8469056210270218e-03         0.0000000000000000e+00         2.9407193131375598e-03
5                                      2.7035499134224321e+00         2.1805602893749630e+04         4.5859773053403649e+02         3.3026477293488307e-05         4.9219509634040641e-06        -1.2112250126765146e-03         0.0000000000000000e+00         4.5690630430051559e-04
6                                      2.7459440195232272e+00         2.2147534454946217e+04         4.5151752762108003e+02         1.6526784268026170e-04         2.5016161667879603e-05         3.3596954702320740e-03         0.0000000000000000e+00         3.0840274472819984e-03
7                                      3.0323675316791565e+00         2.4457696118504664e+04         4.0886925536841596e+02         3.0201928205637113e-03         5.0484393868530173e-04        -5.3052292023665236e-03         0.0000000000000000e+00         1.5864117734768462e-02
                                                         8                           9                          10

0                                      0.0000000000000000e+00        -1.5117809549870531e-03         0.0000000000000000e+00
1                                      0.0000000000000000e+00         2.0965220571030483e-02         0.0000000000000000e+00
2                                      0.0000000000000000e+00         7.0652329296043712e-03         0.0000000000000000e+00
3                                      0.0000000000000000e+00         2.1767718191222246e-03         0.0000000000000000e+00
4                                      0.0000000000000000e+00         2.5136908162904131e-03         0.0000000000000000e+00
5                                      0.0000000000000000e+00        -1.8016996312263834e-03         0.0000000000000000e+00
6                                      0.0000000000000000e+00         2.0536267235291244e-03         0.0000000000000000e+00
7                                      0.0000000000000000e+00        -1.5000941646878835e-02         0.0000000000000000e+00
   &States [&Type "ArrayOfIntegers", &Dim (8,4)] "The initial and Final states. Col1: Initial State  Col2: Initial Irrep Col3: Final State Col4: Final Irrep"
                                                         0                           1                           2                           3

0                                                        0                           0                           1                           0
1                                                        0                           0                           2                           0
2                                                        0                           0                           3                           0
3                                                        0                           0                           4                           0
4                                                        0                           0                           5                           0
5                                                        0                           0                           6                           0
6                                                        0                           0                           7                           0
7                                                        0                           0                           8                           0
   &Multiplicities [&Type "ArrayOfDoubles", &Dim (8,2)] "Col1: Multiplicity of the initial state  Col2: Multiplicity of the final state"
                                                         0                           1

0                                      1.0000000000000000e+00         1.0000000000000000e+00
1                                      1.0000000000000000e+00         1.0000000000000000e+00
2                                      1.0000000000000000e+00         1.0000000000000000e+00
3                                      1.0000000000000000e+00         1.0000000000000000e+00
4                                      1.0000000000000000e+00         1.0000000000000000e+00
5                                      1.0000000000000000e+00         1.0000000000000000e+00
6                                      1.0000000000000000e+00         1.0000000000000000e+00
7                                      1.0000000000000000e+00         1.0000000000000000e+00
   &Temperature [&Type "Double"]       2.9814999999999998e+02
$End
$CIS_ECD_Spectrum
   &GeometryIndex 1
   &Method [&Type "Integer"] 20
   &RelCorrection [&Type "Integer"] 1 "Type of relativistic treatment in QDPT. 0->Unknow, 1->None, 2->SOC, 3->SSC, 4->SOC/SSC"
   &DensType [&Type "Integer"] 3 "Type of density (electron/spin ...). 0->Unknow, 1->Electronic, 2->Spin, 3->Trans/Electronic, 4->Tran/Spin"
   &DeriType [&Type "Integer"] 0 "Type of derivative (w.r.t. to what perturbation). 0->Unknown, 1->No Derivative, 2->Electric/Dipole, 3->Electric/Quad, 4->Magnetic/Dipole, 5->Magnetic/Quad"
   &DensLevel [&Type "Integer"] 0 "// Source of density: relaxed, unrelaxed, ... 0->Unknown, 1->Linearized, 2->Unrelaxed, 3->Relaxed"
   &Density_name [&Type "String"] "Tdens-CIS"
   &Representation [&Type "String"] "Length" "Possible values: Unknown,  Length, Velocity"
   &PointGroup [&Type "String"] "C1"
   &DoHigherMoments [&Type "Boolean"] false
   &NTrans [&Type "Integer"] 8
   &ExcitationEnergies [&Type "ArrayOfDoubles", &Dim (8,10)] 
                                                         0                           1                           2                           3                           4                           5                           6                           7

0                                      9.3264574885900997e-01         7.5222960520150973e+03         1.3293813392682366e+03         3.0787970828249894e-01         3.4713988048402566e-03         0.0000000000000000e+00         2.4957655406078593e-02         0.0000000000000000e+00
1                                      1.7638337155130024e+00         1.4226279818298237e+04         7.0292445584668747e+02         4.1182367707118511e-01        -5.5443537489211464e-02         0.0000000000000000e+00         1.0468820455362567e-02         0.0000000000000000e+00
2                                      2.0750320444170045e+00         1.6736263875773584e+04         5.9750491951046513e+02        -3.0470663497117756e+00        -3.6074063839532620e-02         0.0000000000000000e+00         2.1122614679383823e-03         0.0000000000000000e+00
3                                      2.2236298810498045e+00         1.7934786381460654e+04         5.5757564028401737e+02         5.9497554942807163e-01         1.6698028532428189e-02         0.0000000000000000e+00        -1.6484795989607649e-02         0.0000000000000000e+00
4                                      2.6452947127709314e+00         2.1335742964182336e+04         4.6869705998931619e+02        -1.0961472029309727e-01         6.3101812572950361e-02         0.0000000000000000e+00        -3.5513814695926904e-02         0.0000000000000000e+00
5                                      2.7035499134224321e+00         2.1805602893749630e+04         4.5859773053403649e+02        -2.3655775433457054e+00        -3.2386263985125549e-02         0.0000000000000000e+00         5.1051844660687490e-02         0.0000000000000000e+00
6                                      2.7459440195232272e+00         2.2147534454946217e+04         4.5151752762108003e+02        -5.5493110616859032e-01         4.4922653515605537e-02         0.0000000000000000e+00        -2.8384312838739097e-02         0.0000000000000000e+00
7                                      3.0323675316791565e+00         2.4457696118504664e+04         4.0886925536841596e+02         1.1401549596106015e+00         5.3825580706515698e-02         0.0000000000000000e+00        -4.2663311396097019e-02         0.0000000000000000e+00
                                                         8                           9

0                                     -5.1622733899106535e-03         0.0000000000000000e+00
1                                      7.4771205679676794e-02         0.0000000000000000e+00
2                                      5.2214701102636173e-02         0.0000000000000000e+00
3                                      1.4276680828817171e-02         0.0000000000000000e+00
4                                     -1.1619950014463849e-01         0.0000000000000000e+00
5                                     -5.0793208609452474e-02         0.0000000000000000e+00
6                                     -8.4257340437479844e-02         0.0000000000000000e+00
7                                     -1.0717070803320222e-01         0.0000000000000000e+00
   &States [&Type "ArrayOfIntegers", &Dim (8,4)] "The initial and Final states. Col1: Initial State  Col2: Initial Irrep Col3: Final State Col4: Final Irrep"
                                                         0                           1                           2                           3

0                                                        0                           0                           1                           0
1                                                        0                           0                           2                           0
2                                                        0                           0                           3                           0
3                                                        0                           0                           4                           0
4                                                        0                           0                           5                           0
5                                                        0                           0                           6                           0
6                                                        0                           0                           7                           0
7                                                        0                           0                           8                           0
   &Multiplicities [&Type "ArrayOfDoubles", &Dim (8,2)] "Col1: Multiplicity of the initial state  Col2: Multiplicity of the final state"
                                                         0                           1

0                                      1.0000000000000000e+00         1.0000000000000000e+00
1                                      1.0000000000000000e+00         1.0000000000000000e+00
2                                      1.0000000000000000e+00         1.0000000000000000e+00
3                                      1.0000000000000000e+00         1.0000000000000000e+00
4                                      1.0000000000000000e+00         1.0000000000000000e+00
5                                      1.0000000000000000e+00         1.0000000000000000e+00
6                                      1.0000000000000000e+00         1.0000000000000000e+00
7                                      1.0000000000000000e+00         1.0000000000000000e+00
   &Temperature [&Type "Double"]       2.9814999999999998e+02
$End
$CIS_ECD_Spectrum
   &GeometryIndex 1
   &Method [&Type "Integer"] 20
   &RelCorrection [&Type "Integer"] 1 "Type of relativistic treatment in QDPT. 0->Unknow, 1->None, 2->SOC, 3->SSC, 4->SOC/SSC"
   &DensType [&Type "Integer"] 3 "Type of density (electron/spin ...). 0->Unknow, 1->Electronic, 2->Spin, 3->Trans/Electronic, 4->Tran/Spin"
   &DeriType [&Type "Integer"] 0 "Type of derivative (w.r.t. to what perturbation). 0->Unknown, 1->No Derivative, 2->Electric/Dipole, 3->Electric/Quad, 4->Magnetic/Dipole, 5->Magnetic/Quad"
   &DensLevel [&Type "Integer"] 0 "// Source of density: relaxed, unrelaxed, ... 0->Unknown, 1->Linearized, 2->Unrelaxed, 3->Relaxed"
   &Density_name [&Type "String"] "Tdens-CIS"
   &Representation [&Type "String"] "Velocity" "Possible values: Unknown,  Length, Velocity"
   &PointGroup [&Type "String"] "C1"
   &DoHigherMoments [&Type "Boolean"] false
   &NTrans [&Type "Integer"] 8
   &ExcitationEnergies [&Type "ArrayOfDoubles", &Dim (8,10)] 
                                                         0                           1                           2                           3                           4                           5                           6                           7

0                                      9.3264574885900997e-01         7.5222960520150973e+03         1.3293813392682366e+03        -4.9246536590155787e-01         3.4713988048402566e-03         0.0000000000000000e+00         2.4957655406078593e-02         0.0000000000000000e+00
1                                      1.7638337155130024e+00         1.4226279818298237e+04         7.0292445584668747e+02         2.0475831076466249e+00        -5.5443537489211464e-02         0.0000000000000000e+00         1.0468820455362567e-02         0.0000000000000000e+00
2                                      2.0750320444170045e+00         1.6736263875773584e+04         5.9750491951046513e+02         2.2400504662353926e+00        -3.6074063839532620e-02         0.0000000000000000e+00         2.1122614679383823e-03         0.0000000000000000e+00
3                                      2.2236298810498045e+00         1.7934786381460654e+04         5.5757564028401737e+02        -9.7511503513021194e-02         1.6698028532428189e-02         0.0000000000000000e+00        -1.6484795989607649e-02         0.0000000000000000e+00
4                                      2.6452947127709314e+00         2.1335742964182336e+04         4.6869705998931619e+02        -1.3373193126664290e-01         6.3101812572950361e-02         0.0000000000000000e+00        -3.5513814695926904e-02         0.0000000000000000e+00
5                                      2.7035499134224321e+00         2.1805602893749630e+04         4.5859773053403649e+02         7.3107551945084059e-01        -3.2386263985125549e-02         0.0000000000000000e+00         5.1051844660687490e-02         0.0000000000000000e+00
6                                      2.7459440195232272e+00         2.2147534454946217e+04         4.5151752762108003e+02        -5.1225091418033986e-01         4.4922653515605537e-02         0.0000000000000000e+00        -2.8384312838739097e-02         0.0000000000000000e+00
7                                      3.0323675316791565e+00         2.4457696118504664e+04         4.0886925536841596e+02         2.7299773143099362e+00         5.3825580706515698e-02         0.0000000000000000e+00        -4.2663311396097019e-02         0.0000000000000000e+00
                                                         8                           9

0                                     -5.1622733899106535e-03         0.0000000000000000e+00
1                                      7.4771205679676794e-02         0.0000000000000000e+00
2                                      5.2214701102636173e-02         0.0000000000000000e+00
3                                      1.4276680828817171e-02         0.0000000000000000e+00
4                                     -1.1619950014463849e-01         0.0000000000000000e+00
5                                     -5.0793208609452474e-02         0.0000000000000000e+00
6                                     -8.4257340437479844e-02         0.0000000000000000e+00
7                                     -1.0717070803320222e-01         0.0000000000000000e+00
   &States [&Type "ArrayOfIntegers", &Dim (8,4)] "The initial and Final states. Col1: Initial State  Col2: Initial Irrep Col3: Final State Col4: Final Irrep"
                                                         0                           1                           2                           3

0                                                        0                           0                           1                           0
1                                                        0                           0                           2                           0
2                                                        0                           0                           3                           0
3                                                        0                           0                           4                           0
4                                                        0                           0                           5                           0
5                                                        0                           0                           6                           0
6                                                        0                           0                           7                           0
7                                                        0                           0                           8                           0
   &Multiplicities [&Type "ArrayOfDoubles", &Dim (8,2)] "Col1: Multiplicity of the initial state  Col2: Multiplicity of the final state"
                                                         0                           1

0                                      1.0000000000000000e+00         1.0000000000000000e+00
1                                      1.0000000000000000e+00         1.0000000000000000e+00
2                                      1.0000000000000000e+00         1.0000000000000000e+00
3                                      1.0000000000000000e+00         1.0000000000000000e+00
4                                      1.0000000000000000e+00         1.0000000000000000e+00
5                                      1.0000000000000000e+00         1.0000000000000000e+00
6                                      1.0000000000000000e+00         1.0000000000000000e+00
7                                      1.0000000000000000e+00         1.0000000000000000e+00
   &Temperature [&Type "Double"]       2.9814999999999998e+02
$End
$CIS_Energies
   &GeometryIndex 1
   &e0 [&Type "Double"]      -7.5073007680328476e+02  "Ground state energy"
   &multP1 [&Type "Boolean"] false "Do the higher multiplicity too?"
   &mode [&Type "String"] "TDA" "CIS mode: CIS, RPA, TDA, TD-DFT, sTDA, sTD-DFT"
   &dCorr [&Type "Integer"] 0 "(D) Correction algorithm"
   &Method [&Type "String"] "TDA/CIS"
   &totalEnergy [&Type "ArrayOfDoubles", &Dim (8,1)] "Total energy of each state"
                                                         0

0                                     -7.5069580270059953e+02
1                                     -7.5066525710302972e+02
2                                     -7.5065382077418417e+02
3                                     -7.5064835990384006e+02
4                                     -7.5063286400546826e+02
5                                     -7.5063072316610726e+02
6                                     -7.5062916521128079e+02
7                                     -7.5061863934025303e+02
   &Mult [&Type "ArrayOfIntegers", &Dim (8,1)] "Multiplicity of each state"
                                                         0

0                                                        1
1                                                        1
2                                                        1
3                                                        1
4                                                        1
5                                                        1
6                                                        1
7                                                        1
   &RelCorr [&Type "String"] "None" "Relativistic correction (SOC and/or SSC)"
   &NBlocks [&Type "Integer"] 1 "Number of multiplicity blocks"
   &NRoots [&Type "ArrayOfIntegers", &Dim (1,1)] "Number of roots in each block"
                                                         0

0                                                        8
   &NTotalRoots [&Type "Integer"] 8 "Total number of roots"
   &Block [&Type "ArrayOfIntegers", &Dim (8,1)] "Block index of each state"
                                                         0

0                                                        0
1                                                        0
2                                                        0
3                                                        0
4                                                        0
5                                                        0
6                                                        0
7                                                        0
   &Root [&Type "ArrayOfIntegers", &Dim (8,1)] "Root index within the block"
                                                         0

0                                                        0
1                                                        1
2                                                        2
3                                                        3
4                                                        4
5                                                        5
6                                                        6
7                                                        7
$End
$Single_Point_Data
   &GeometryIndex 1
   &FinalEnergy [&Type "Double"]      -7.5069580270059953e+02  "Final single point energy"
   &Converged [&Type "Boolean"] true
$End
$Calculation_Info
   &GeometryIndex 1
   &Mult [&Type "Integer"] 1
   &Charge [&Type "Integer"] 0
   &NumOfAtoms [&Type "Integer"] 30
   &NumOfElectrons [&Type "Integer"] 118
   &NumOfBasisFuncts [&Type "Integer"] 316
   &NumOfAuxCBasisFuncts [&Type "Integer"] 0
   &NumOfAuxJBasisFuncts [&Type "Integer"] 938
   &NumOfAuxJKBasisFuncts [&Type "Integer"] 0
   &NumOfCABSBasisFuncts [&Type "Integer"] 0
$End
$SCF_Dipole_Moment
   &GeometryIndex 1
   &dipoleMagnitude [&Type "Double", &Units "a.u."]       7.5283675541491188e+00
   &dipoleElecContrib [&Type "ArrayOfDoubles", &Dim (3,1)] "Electronic contribution"
                                                         0

0                                      7.5478397975961000e+00
1                                      2.5123282911649280e+01
2                                     -2.0850939721427251e+00
   &dipoleNucContrib [&Type "ArrayOfDoubles", &Dim (3,1)] "Nuclear contribution"
                                                         0

0                                     -7.4375882078666944e+00
1                                     -1.7886774288131505e+01
2                                      1.2147865973969996e-02
   &dipoleTotal [&Type "ArrayOfDoubles", &Dim (3,1)] "Total"
                                                         0

0                                      1.1025158972940563e-01
1                                      7.2365086235177749e+00
2                                     -2.0729461061687551e+00
   &doAtomicDipole [&Type "Boolean"] false
   &Method [&Type "String"] "SCF"
   &Level [&Type "String"] "Relaxed density"
   &Mult [&Type "Integer"] 1
   &State [&Type "Integer"] -1
   &Irrep [&Type "Integer"] 0
$End
$Calculation_Timings
   &GeometryIndex 1
   &GTOINT [&Type "Double"]       2.9716350000000000e+00
   &SCF [&Type "Double"]       4.5159633999999997e+01
   &CIS [&Type "Double"]       2.2601264000000008e+01
   &PROPINT [&Type "Double"]       1.5461520000000064e+00
   &PROP [&Type "Double"]       1.6727429999999970e+00
   &SUM [&Type "Double"]       7.3951428000000007e+01
$End
