*************************************************
******************* ORCA 6.1.1 ******************
*************************************************
$Calculation_Status
   &GeometryIndex 1
   &version [&Type "String"] "6.1.1"
   &progName [&Type "String"] "ProgCIS"
   &Status [&Type "String"] "NORMAL TERMINATION"
$End
$Geometry
   &GeometryIndex 1
   &NAtoms [&Type "Integer"] 52
   &NCorelessECP [&Type "Integer"] 0
   &NGhostAtoms [&Type "Integer"] 0
   &CartesianCoordinates [&Type "Coordinates", &Dim(52,4), &Units "Bohr"] 
              C     13.954348156824    1.054915603733    1.811497083691
              C     11.588848991283   -0.072915737259    0.611107445230
              O     11.697331570835   -2.058529466886   -0.568708098401
              N      9.351913149020    1.271486395113    0.912668069276
              C      7.014632457889    0.276705490216   -0.019031153689
              C      6.820607448446   -0.754449716839   -2.454787256690
              C      4.512235642281   -1.630503739060   -3.343164523044
              C      2.324241894436   -1.512656837680   -1.844856955758
              C      2.516770291795   -0.487188844382    0.584904901852
              C      4.835917995809    0.384900862822    1.478267674876
              N      0.080407667189   -2.532128766691   -2.842693499624
              C     -2.324456618689   -2.636296962332   -1.751735755558
              C     -3.441366907803   -5.054369866878   -1.668020682848
              C     -5.783831041815   -5.472951175870   -0.616427358785
              C     -7.232026570296   -3.478741827937    0.493032964472
              C     -6.159429838777   -0.994576119221    0.353695789402
              C     -3.752617501836   -0.571007891990   -0.819180388062
              C     -2.868059576237    2.068302719285   -1.292812031181
              O     -0.943054517443    2.511511757963   -2.513355163949
              C     -4.399331667448    4.197336983425   -0.288707064349
              C     -3.539693658286    6.678654906509   -0.640665772439
              C     -4.926391922694    8.698992086292    0.312294185065
              C     -7.185012364687    8.258936503039    1.625776175355
              C     -8.051065240921    5.801242250367    1.975480268857
              C     -6.661474828166    3.757334444493    1.017653040055
              C     -7.635131167778    1.151250772718    1.371356284020
              O     -9.679334037566    0.864609728935    2.490590818125
              N     -9.473529789641   -3.955071780388    1.619723995683
              S     -6.847435245104   -8.676709416268   -0.547101144249
              O     -9.571484943462   -8.731959270502   -0.978075680633
              O     -5.107258774602  -10.241157537065   -2.012100042774
              O     -6.488993753120   -9.451722952820    2.439927278506
              C      9.238397041740    3.567913837491    2.451889057339
              H     13.724763088552    1.415048985396    3.837881265177
              H     14.485964093406    2.844800857451    0.910869502982
              H     15.480403696961   -0.302204453394    1.531977161298
              H      8.479786220290   -0.877923232695   -3.642842120710
              H      4.391391705993   -2.399031373185   -5.246355183807
              H      0.874305530298   -0.407470942148    1.808743730708
              H      4.936008882036    1.135385170031    3.385847025959
              H      0.405129643037   -3.960456989508   -4.072275897527
              H     -2.407228265458   -6.659574413915   -2.420571582484
              H     -1.786066486001    6.964205759996   -1.663543755361
              H     -4.256902622110   10.621060182981    0.037508823041
              H     -8.265551519856    9.839678691050    2.368265775546
              H     -9.798239014935    5.413276257296    2.974499010030
              H    -10.375112455233   -5.599616928593    1.246947175944
              H    -10.432989085647   -2.425139582897    2.273230132204
              H     -4.913169938884  -10.402259042883    2.576569323167
              H      9.050622724610    3.169893608976    4.482260805245
              H     10.931472944855    4.712607967577    2.170870386782
              H      7.610738554706    4.686563027231    1.853288957412
$End
$SCF_Mulliken_Population_Analysis
   &GeometryIndex 1
   &NAtoms [&Type "Integer"] 52
   &ATNO [&Type "ArrayOfIntegers", &Dim (52,1)] 
                                                         0

0                                                        6
1                                                        6
2                                                        8
3                                                        7
4                                                        6
5                                                        6
6                                                        6
7                                                        6
8                                                        6
9                                                        6
10                                                       7
11                                                       6
12                                                       6
13                                                       6
14                                                       6
15                                                       6
16                                                       6
17                                                       6
18                                                       8
19                                                       6
20                                                       6
21                                                       6
22                                                       6
23                                                       6
24                                                       6
25                                                       6
26                                                       8
27                                                       7
28                                                      16
29                                                       8
30                                                       8
31                                                       8
32                                                       6
33                                                       1
34                                                       1
35                                                       1
36                                                       1
37                                                       1
38                                                       1
39                                                       1
40                                                       1
41                                                       1
42                                                       1
43                                                       1
44                                                       1
45                                                       1
46                                                       1
47                                                       1
48                                                       1
49                                                       1
50                                                       1
51                                                       1
   &AtomicCharges [&Type "ArrayOfDoubles", &Dim (52,1)] 
                                                         0

0                                     -5.5886356856250075e-01
1                                      5.2027574239201702e-01
2                                     -4.8589901098293176e-01
3                                     -4.6390617098369180e-01
4                                      2.6933049008153365e-01
5                                     -1.4359677438550289e-01
6                                     -2.1967064299596828e-01
7                                      3.5728081275364332e-01
8                                     -1.7990516701539683e-01
9                                     -1.9256828237363699e-01
10                                    -7.1772858265921879e-01
11                                     2.8173443180107682e-01
12                                    -2.0308046621905440e-01
13                                    -2.3356490327084600e-01
14                                     3.1524482848188917e-01
15                                    -1.5394441147475568e-02
16                                     7.6972027485169292e-03
17                                     2.9899329423805643e-01
18                                    -4.3819078490567165e-01
19                                     5.1356560422337161e-02
20                                    -1.7913676921404242e-01
21                                    -1.3175174185613692e-01
22                                    -1.3162882936959974e-01
23                                    -1.7797496651142453e-01
24                                     5.5419565724620590e-02
25                                     3.1055502486145858e-01
26                                    -4.9622949856019538e-01
27                                    -8.2108197099722524e-01
28                                     1.2623069183966376e+00
29                                    -5.3107471761128799e-01
30                                    -5.2900897286273540e-01
31                                    -6.5833475488782511e-01
32                                    -3.3461196791796066e-01
33                                     1.7868990447635458e-01
34                                     1.8492331401468454e-01
35                                     1.8397710255904998e-01
36                                     1.5821539729971901e-01
37                                     1.4472811913580941e-01
38                                     1.4106800144835385e-01
39                                     1.4605286309247312e-01
40                                     3.5166746419453254e-01
41                                     2.0043506038023517e-01
42                                     1.6684959564025359e-01
43                                     1.5741091807966201e-01
44                                     1.5759099025897561e-01
45                                     1.6688638287914137e-01
46                                     3.7989872562451232e-01
47                                     3.9300410230853111e-01
48                                     4.7062354922928362e-01
49                                     1.6923420985132798e-01
50                                     1.7914409797134923e-01
51                                     1.8260831494416951e-01
   &Method [&Type "String"] "SCF"
   &Level [&Type "String"] "Relaxed density"
   &Mult [&Type "Integer"] 1
   &State [&Type "Integer"] -1
   &Irrep [&Type "Integer"] 0
$End
$SCF_Loewdin_Population_Analysis
   &GeometryIndex 1
   &NAtoms [&Type "Integer"] 52
   &ATNO [&Type "ArrayOfIntegers", &Dim (52,1)] 
                                                         0

0                                                        6
1                                                        6
2                                                        8
3                                                        7
4                                                        6
5                                                        6
6                                                        6
7                                                        6
8                                                        6
9                                                        6
10                                                       7
11                                                       6
12                                                       6
13                                                       6
14                                                       6
15                                                       6
16                                                       6
17                                                       6
18                                                       8
19                                                       6
20                                                       6
21                                                       6
22                                                       6
23                                                       6
24                                                       6
25                                                       6
26                                                       8
27                                                       7
28                                                      16
29                                                       8
30                                                       8
31                                                       8
32                                                       6
33                                                       1
34                                                       1
35                                                       1
36                                                       1
37                                                       1
38                                                       1
39                                                       1
40                                                       1
41                                                       1
42                                                       1
43                                                       1
44                                                       1
45                                                       1
46                                                       1
47                                                       1
48                                                       1
49                                                       1
50                                                       1
51                                                       1
   &AtomicCharges [&Type "ArrayOfDoubles", &Dim (52,1)] 
                                                         0

0                                     -3.9352620565646745e-01
1                                      1.1792008491206030e-01
2                                     -2.8805229816430789e-01
3                                     -6.8451743438157742e-02
4                                      1.3458352327012868e-02
5                                     -1.2216219640608283e-01
6                                     -1.5464152650082319e-01
7                                      3.3367391925714251e-02
8                                     -1.5321991047828298e-01
9                                     -1.4179587862790655e-01
10                                    -1.6808019453182599e-01
11                                     2.5021154432129933e-02
12                                    -9.4218053091270626e-02
13                                    -2.1156171419416481e-01
14                                     7.0133343662257985e-02
15                                    -8.3618525790686071e-02
16                                    -4.5519376341072615e-02
17                                     1.1244266308391904e-01
18                                    -2.1090831288116973e-01
19                                    -4.2998689358951125e-02
20                                    -1.0004479091543406e-01
21                                    -1.1274717363248055e-01
22                                    -1.1349186727625593e-01
23                                    -9.9802589266283270e-02
24                                    -4.2345506645489195e-02
25                                     1.2506975673605947e-01
26                                    -2.6021411028294139e-01
27                                    -3.4891220751367502e-01
28                                     1.2925689554899300e+00
29                                    -5.4872798202602624e-01
30                                    -5.5676984586108524e-01
31                                    -5.2263034603192260e-01
32                                    -2.7565513988156809e-01
33                                     1.4670022808511929e-01
34                                     1.5038871968241052e-01
35                                     1.5092364632704425e-01
36                                     1.4961770201969693e-01
37                                     1.3891143732940137e-01
38                                     1.3950155322727453e-01
39                                     1.4097428578998628e-01
40                                     2.6843377834621085e-01
41                                     1.6715661909406099e-01
42                                     1.5273051378573888e-01
43                                     1.4489542970830072e-01
44                                     1.4500967677498022e-01
45                                     1.5268171243860729e-01
46                                     2.6791983537172237e-01
47                                     2.7633831941290166e-01
48                                     3.6384373868764219e-01
49                                     1.2788253589869591e-01
50                                     1.4155079207635046e-01
51                                     1.4465395816890791e-01
   &Method [&Type "String"] "SCF"
   &Level [&Type "String"] "Relaxed density"
   &Mult [&Type "Integer"] 1
   &State [&Type "Integer"] -1
   &Irrep [&Type "Integer"] 0
$End
$SCF_Mayer_Population_Analysis
   &GeometryIndex 1
   &NAtoms [&Type "Integer"] 52 "Total number of atoms"
   &NBondOrdersPrint [&Type "Integer"] 56 "The number of bond orders larger than threshold"
   &bondThresh [&Type "Double"]       1.0000000000000001e-01  "The threshold for printing"
   &components [&Type "ArrayOfIntegers", &Dim (56,4)] "The indices and atomic numbers of the bonding atoms"
                                                         0                           1                           2                           3

0                                                        0                           6                           1                           6
1                                                        0                           6                          33                           1
2                                                        0                           6                          34                           1
3                                                        0                           6                          35                           1
4                                                        1                           6                           2                           8
5                                                        1                           6                           3                           7
6                                                        3                           7                           4                           6
7                                                        3                           7                          32                           6
8                                                        4                           6                           5                           6
9                                                        4                           6                           9                           6
10                                                       5                           6                           6                           6
11                                                       5                           6                          36                           1
12                                                       6                           6                           7                           6
13                                                       6                           6                          37                           1
14                                                       7                           6                           8                           6
15                                                       7                           6                          10                           7
16                                                       8                           6                           9                           6
17                                                       8                           6                          38                           1
18                                                       9                           6                          39                           1
19                                                      10                           7                          11                           6
20                                                      10                           7                          40                           1
21                                                      11                           6                          12                           6
22                                                      11                           6                          16                           6
23                                                      12                           6                          13                           6
24                                                      12                           6                          41                           1
25                                                      13                           6                          14                           6
26                                                      13                           6                          28                          16
27                                                      14                           6                          15                           6
28                                                      14                           6                          27                           7
29                                                      15                           6                          16                           6
30                                                      15                           6                          25                           6
31                                                      16                           6                          17                           6
32                                                      17                           6                          18                           8
33                                                      17                           6                          19                           6
34                                                      19                           6                          20                           6
35                                                      19                           6                          24                           6
36                                                      20                           6                          21                           6
37                                                      20                           6                          42                           1
38                                                      21                           6                          22                           6
39                                                      21                           6                          43                           1
40                                                      22                           6                          23                           6
41                                                      22                           6                          44                           1
42                                                      23                           6                          24                           6
43                                                      23                           6                          45                           1
44                                                      24                           6                          25                           6
45                                                      25                           6                          26                           8
46                                                      26                           8                          47                           1
47                                                      27                           7                          46                           1
48                                                      27                           7                          47                           1
49                                                      28                          16                          29                           8
50                                                      28                          16                          30                           8
51                                                      28                          16                          31                           8
52                                                      31                           8                          48                           1
53                                                      32                           6                          49                           1
54                                                      32                           6                          50                           1
55                                                      32                           6                          51                           1
   &BondOrders [&Type "ArrayOfDoubles", &Dim (56,1)] "The bond orders"
                                                         0

0                                      9.8210542543614676e-01
1                                      9.2781810990171587e-01
2                                      9.2574978180804857e-01
3                                      9.3971552520058887e-01
4                                      1.8488708946997070e+00
5                                      1.1008066919094630e+00
6                                      8.9238539540981543e-01
7                                      9.5219963648542094e-01
8                                      1.4074758346860192e+00
9                                      1.4148050616140828e+00
10                                     1.4637645915753947e+00
11                                     9.1098850700634104e-01
12                                     1.3657251849001781e+00
13                                     9.2010764875941620e-01
14                                     1.4037786168363426e+00
15                                     9.3139481318195749e-01
16                                     1.4359293064915919e+00
17                                     9.1233660654090276e-01
18                                     9.1624190657908278e-01
19                                     9.8143863439732049e-01
20                                     8.2236444216033855e-01
21                                     1.2891086642174352e+00
22                                     1.3490211677742137e+00
23                                     1.4729353899382105e+00
24                                     8.9108331414124975e-01
25                                     1.1866198580414391e+00
26                                     8.1403026433465331e-01
27                                     1.2701749253433907e+00
28                                     1.2045573004081129e+00
29                                     1.2767475585180519e+00
30                                     1.0287296583454468e+00
31                                     9.6913667664808834e-01
32                                     1.8200957081354421e+00
33                                     9.8077055924988765e-01
34                                     1.3762584057845044e+00
35                                     1.3665666419392961e+00
36                                     1.4307018892883732e+00
37                                     9.0656940184550405e-01
38                                     1.4011142043325648e+00
39                                     9.2690653162308356e-01
40                                     1.4312856848836697e+00
41                                     9.2689897366659091e-01
42                                     1.3731284941550681e+00
43                                     9.0688553863030752e-01
44                                     9.9960570731451748e-01
45                                     1.6968157161434161e+00
46                                     1.1879779177609145e-01
47                                     7.6936989878809370e-01
48                                     7.2129513056358574e-01
49                                     1.6542347765110605e+00
50                                     1.6728658246891170e+00
51                                     9.3501485570741072e-01
52                                     7.2764762291930429e-01
53                                     9.3065471388472121e-01
54                                     9.3051888597916199e-01
55                                     9.3468663980035815e-01
   &ATNO [&Type "ArrayOfIntegers", &Dim (52,1)] "Atomic number of the elements"
                                                         0

0                                                        6
1                                                        6
2                                                        8
3                                                        7
4                                                        6
5                                                        6
6                                                        6
7                                                        6
8                                                        6
9                                                        6
10                                                       7
11                                                       6
12                                                       6
13                                                       6
14                                                       6
15                                                       6
16                                                       6
17                                                       6
18                                                       8
19                                                       6
20                                                       6
21                                                       6
22                                                       6
23                                                       6
24                                                       6
25                                                       6
26                                                       8
27                                                       7
28                                                      16
29                                                       8
30                                                       8
31                                                       8
32                                                       6
33                                                       1
34                                                       1
35                                                       1
36                                                       1
37                                                       1
38                                                       1
39                                                       1
40                                                       1
41                                                       1
42                                                       1
43                                                       1
44                                                       1
45                                                       1
46                                                       1
47                                                       1
48                                                       1
49                                                       1
50                                                       1
51                                                       1
   &NA [&Type "ArrayOfDoubles", &Dim (52,1)] "Mulliken gross atomic population"
                                                         0

0                                      6.5588635685624990e+00
1                                      5.4797242576079839e+00
2                                      8.4858990109829335e+00
3                                      7.4639061709836891e+00
4                                      5.7306695099184646e+00
5                                      6.1435967743854993e+00
6                                      6.2196706429959683e+00
7                                      5.6427191872463567e+00
8                                      6.1799051670153968e+00
9                                      6.1925682823736325e+00
10                                     7.7177285826592232e+00
11                                     5.7182655681989241e+00
12                                     6.2030804662190535e+00
13                                     6.2335649032708424e+00
14                                     5.6847551715181099e+00
15                                     6.0153944411474756e+00
16                                     5.9923027972514866e+00
17                                     5.7010067057619445e+00
18                                     8.4381907849056699e+00
19                                     5.9486434395776664e+00
20                                     6.1791367692140433e+00
21                                     6.1317517418561387e+00
22                                     6.1316288293695997e+00
23                                     6.1779749665114236e+00
24                                     5.9445804342753794e+00
25                                     5.6894449751385441e+00
26                                     8.4962294985601918e+00
27                                     7.8210819709972270e+00
28                                     1.4737693081603370e+01
29                                     8.5310747176112862e+00
30                                     8.5290089728627319e+00
31                                     8.6583347548878216e+00
32                                     6.3346119679179598e+00
33                                     8.2131009552364542e-01
34                                     8.1507668598531557e-01
35                                     8.1602289744095013e-01
36                                     8.4178460270028110e-01
37                                     8.5527188086419048e-01
38                                     8.5893199855164593e-01
39                                     8.5394713690752677e-01
40                                     6.4833253580546757e-01
41                                     7.9956493961976483e-01
42                                     8.3315040435974641e-01
43                                     8.4258908192033799e-01
44                                     8.4240900974102417e-01
45                                     8.3311361712085863e-01
46                                     6.2010127437548745e-01
47                                     6.0699589769146878e-01
48                                     5.2937645077071649e-01
49                                     8.3076579014867191e-01
50                                     8.2085590202865100e-01
51                                     8.1739168505583049e-01
   &ZA [&Type "ArrayOfDoubles", &Dim (52,1)] "Total nuclear charge"
                                                         0

0                                      6.0000000000000000e+00
1                                      6.0000000000000000e+00
2                                      8.0000000000000000e+00
3                                      7.0000000000000000e+00
4                                      6.0000000000000000e+00
5                                      6.0000000000000000e+00
6                                      6.0000000000000000e+00
7                                      6.0000000000000000e+00
8                                      6.0000000000000000e+00
9                                      6.0000000000000000e+00
10                                     7.0000000000000000e+00
11                                     6.0000000000000000e+00
12                                     6.0000000000000000e+00
13                                     6.0000000000000000e+00
14                                     6.0000000000000000e+00
15                                     6.0000000000000000e+00
16                                     6.0000000000000000e+00
17                                     6.0000000000000000e+00
18                                     8.0000000000000000e+00
19                                     6.0000000000000000e+00
20                                     6.0000000000000000e+00
21                                     6.0000000000000000e+00
22                                     6.0000000000000000e+00
23                                     6.0000000000000000e+00
24                                     6.0000000000000000e+00
25                                     6.0000000000000000e+00
26                                     8.0000000000000000e+00
27                                     7.0000000000000000e+00
28                                     1.6000000000000000e+01
29                                     8.0000000000000000e+00
30                                     8.0000000000000000e+00
31                                     8.0000000000000000e+00
32                                     6.0000000000000000e+00
33                                     1.0000000000000000e+00
34                                     1.0000000000000000e+00
35                                     1.0000000000000000e+00
36                                     1.0000000000000000e+00
37                                     1.0000000000000000e+00
38                                     1.0000000000000000e+00
39                                     1.0000000000000000e+00
40                                     1.0000000000000000e+00
41                                     1.0000000000000000e+00
42                                     1.0000000000000000e+00
43                                     1.0000000000000000e+00
44                                     1.0000000000000000e+00
45                                     1.0000000000000000e+00
46                                     1.0000000000000000e+00
47                                     1.0000000000000000e+00
48                                     1.0000000000000000e+00
49                                     1.0000000000000000e+00
50                                     1.0000000000000000e+00
51                                     1.0000000000000000e+00
   &QA [&Type "ArrayOfDoubles", &Dim (52,1)] "Mulliken gross atomic charge"
                                                         0

0                                     -5.5886356856249897e-01
1                                      5.2027574239201613e-01
2                                     -4.8589901098293353e-01
3                                     -4.6390617098368914e-01
4                                      2.6933049008153542e-01
5                                     -1.4359677438549934e-01
6                                     -2.1967064299596828e-01
7                                      3.5728081275364332e-01
8                                     -1.7990516701539683e-01
9                                     -1.9256828237363255e-01
10                                    -7.1772858265922324e-01
11                                     2.8173443180107594e-01
12                                    -2.0308046621905351e-01
13                                    -2.3356490327084245e-01
14                                     3.1524482848189006e-01
15                                    -1.5394441147475568e-02
16                                     7.6972027485133765e-03
17                                     2.9899329423805554e-01
18                                    -4.3819078490566987e-01
19                                     5.1356560422333608e-02
20                                    -1.7913676921404331e-01
21                                    -1.3175174185613869e-01
22                                    -1.3162882936959974e-01
23                                    -1.7797496651142364e-01
24                                     5.5419565724620590e-02
25                                     3.1055502486145592e-01
26                                    -4.9622949856019183e-01
27                                    -8.2108197099722702e-01
28                                     1.2623069183966305e+00
29                                    -5.3107471761128622e-01
30                                    -5.2900897286273185e-01
31                                    -6.5833475488782156e-01
32                                    -3.3461196791795977e-01
33                                     1.7868990447635458e-01
34                                     1.8492331401468443e-01
35                                     1.8397710255904987e-01
36                                     1.5821539729971890e-01
37                                     1.4472811913580952e-01
38                                     1.4106800144835407e-01
39                                     1.4605286309247323e-01
40                                     3.5166746419453243e-01
41                                     2.0043506038023517e-01
42                                     1.6684959564025359e-01
43                                     1.5741091807966201e-01
44                                     1.5759099025897583e-01
45                                     1.6688638287914137e-01
46                                     3.7989872562451255e-01
47                                     3.9300410230853122e-01
48                                     4.7062354922928351e-01
49                                     1.6923420985132809e-01
50                                     1.7914409797134900e-01
51                                     1.8260831494416951e-01
   &VA [&Type "ArrayOfDoubles", &Dim (52,1)] "Mayer's total valence"
                                                         0

0                                      3.7957861912395066e+00
1                                      3.9825311766079263e+00
2                                      2.0583128983806400e+00
3                                      3.0421542945519167e+00
4                                      3.9073915488056796e+00
5                                      3.9340689759265466e+00
6                                      3.9108908098124679e+00
7                                      3.8808966048360958e+00
8                                      3.9337891661254019e+00
9                                      3.9255828982710073e+00
10                                     2.9497525350711276e+00
11                                     3.8170022284415821e+00
12                                     3.9223521879465810e+00
13                                     3.7599410122677570e+00
14                                     3.8507407078321578e+00
15                                     3.7898867770625744e+00
16                                     3.8172289677673659e+00
17                                     3.8939399139081625e+00
18                                     2.0881078037026861e+00
19                                     3.8685046206892730e+00
20                                     3.8857176765495609e+00
21                                     3.8912127011827216e+00
22                                     3.8915315173261229e+00
23                                     3.8836419376792231e+00
24                                     3.8850410559591695e+00
25                                     3.8666759224434988e+00
26                                     2.0591196539415448e+00
27                                     2.8877224425527066e+00
28                                     5.1927834120720462e+00
29                                     1.9197678274371364e+00
30                                     1.9279713495860618e+00
31                                     1.8047870162108848e+00
32                                     3.7991262121876792e+00
33                                     9.2692635363346865e-01
34                                     9.2564014637507186e-01
35                                     9.3855565237531058e-01
36                                     9.4575226335875473e-01
37                                     9.3607917251256834e-01
38                                     9.4292111681522650e-01
39                                     9.3694851203310592e-01
40                                     8.4714987773344297e-01
41                                     9.3544402689692596e-01
42                                     9.4555391035682068e-01
43                                     9.3314929067441388e-01
44                                     9.3314224091090714e-01
45                                     9.4496196778230590e-01
46                                     8.5118407020910603e-01
47                                     8.5763191883820511e-01
48                                     7.6278954422332568e-01
49                                     9.2087677472151075e-01
50                                     9.2954931367572624e-01
51                                     9.3280094367203803e-01
   &BVA [&Type "ArrayOfDoubles", &Dim (52,1)] "Mayer's bonded valence"
                                                         0

0                                      3.7957861912394604e+00
1                                      3.9825311766079197e+00
2                                      2.0583128983806080e+00
3                                      3.0421542945519393e+00
4                                      3.9073915488057267e+00
5                                      3.9340689759265146e+00
6                                      3.9108908098125066e+00
7                                      3.8808966048361198e+00
8                                      3.9337891661254356e+00
9                                      3.9255828982709993e+00
10                                     2.9497525350712088e+00
11                                     3.8170022284415848e+00
12                                     3.9223521879466072e+00
13                                     3.7599410122677588e+00
14                                     3.8507407078321454e+00
15                                     3.7898867770625579e+00
16                                     3.8172289677673219e+00
17                                     3.8939399139081803e+00
18                                     2.0881078037026821e+00
19                                     3.8685046206892597e+00
20                                     3.8857176765495445e+00
21                                     3.8912127011827624e+00
22                                     3.8915315173261691e+00
23                                     3.8836419376792097e+00
24                                     3.8850410559591815e+00
25                                     3.8666759224435339e+00
26                                     2.0591196539415790e+00
27                                     2.8877224425526986e+00
28                                     5.1927834120720497e+00
29                                     1.9197678274371377e+00
30                                     1.9279713495860786e+00
31                                     1.8047870162109110e+00
32                                     3.7991262121877085e+00
33                                     9.2692635363345888e-01
34                                     9.2564014637505942e-01
35                                     9.3855565237530469e-01
36                                     9.4575226335874008e-01
37                                     9.3607917251257677e-01
38                                     9.4292111681523316e-01
39                                     9.3694851203310803e-01
40                                     8.4714987773345085e-01
41                                     9.3544402689691808e-01
42                                     9.4555391035683178e-01
43                                     9.3314929067441077e-01
44                                     9.3314224091090736e-01
45                                     9.4496196778229669e-01
46                                     8.5118407020910958e-01
47                                     8.5763191883820722e-01
48                                     7.6278954422333012e-01
49                                     9.2087677472150298e-01
50                                     9.2954931367572313e-01
51                                     9.3280094367203625e-01
   &FA [&Type "ArrayOfDoubles", &Dim (52,1)] "Mayer's free valence"
                                                         0

0                                      0.0000000000000000e+00
1                                      0.0000000000000000e+00
2                                      0.0000000000000000e+00
3                                      0.0000000000000000e+00
4                                      0.0000000000000000e+00
5                                      0.0000000000000000e+00
6                                      0.0000000000000000e+00
7                                      0.0000000000000000e+00
8                                      0.0000000000000000e+00
9                                      0.0000000000000000e+00
10                                     0.0000000000000000e+00
11                                     0.0000000000000000e+00
12                                     0.0000000000000000e+00
13                                     0.0000000000000000e+00
14                                     0.0000000000000000e+00
15                                     0.0000000000000000e+00
16                                     0.0000000000000000e+00
17                                     0.0000000000000000e+00
18                                     0.0000000000000000e+00
19                                     0.0000000000000000e+00
20                                     0.0000000000000000e+00
21                                     0.0000000000000000e+00
22                                     0.0000000000000000e+00
23                                     0.0000000000000000e+00
24                                     0.0000000000000000e+00
25                                     0.0000000000000000e+00
26                                     0.0000000000000000e+00
27                                     0.0000000000000000e+00
28                                     0.0000000000000000e+00
29                                     0.0000000000000000e+00
30                                     0.0000000000000000e+00
31                                     0.0000000000000000e+00
32                                     0.0000000000000000e+00
33                                     0.0000000000000000e+00
34                                     0.0000000000000000e+00
35                                     0.0000000000000000e+00
36                                     0.0000000000000000e+00
37                                     0.0000000000000000e+00
38                                     0.0000000000000000e+00
39                                     0.0000000000000000e+00
40                                     0.0000000000000000e+00
41                                     0.0000000000000000e+00
42                                     0.0000000000000000e+00
43                                     0.0000000000000000e+00
44                                     0.0000000000000000e+00
45                                     0.0000000000000000e+00
46                                     0.0000000000000000e+00
47                                     0.0000000000000000e+00
48                                     0.0000000000000000e+00
49                                     0.0000000000000000e+00
50                                     0.0000000000000000e+00
51                                     0.0000000000000000e+00
   &Method [&Type "String"] "SCF"
   &Level [&Type "String"] "Relaxed density"
   &Mult [&Type "Integer"] 1
   &State [&Type "Integer"] -1
   &Irrep [&Type "Integer"] 0
$End
$SCF_Energy
   &GeometryIndex 1
   &Method [&Type "String"] "SCF"
   &totalEnergy [&Type "ArrayOfDoubles", &Dim (1,1)] "Total energy of each state"
                                                         0

0                                     -1.9007251901946402e+03
   &Mult [&Type "ArrayOfIntegers", &Dim (1,1)] "Multiplicity of each state"
                                                         0

0                                                        1
$End
$DFT_Energy
   &GeometryIndex 1
   &nAlphaEl [&Type "Integer"] 121
   &nBetaEl [&Type "Integer"] 121
   &nTotalEl [&Type "Integer"] 242
   &finalEn [&Type "Double"]      -1.9007251901946402e+03  "No Van der Waals correction"
   &eExchange [&Type "Double"]      -1.7527699709552263e+02
   &eCorr [&Type "Double"]      -9.9936427236450402e+00
   &eXC [&Type "Double"]      -1.8527063981916768e+02
   &eCNL [&Type "Double"]       0.0000000000000000e+00
$End
$Solvation_Details
   &GeometryIndex 1
   &Solvent [&Type "String"] "TOLUENE"
   &Epsilon [&Type "Double"]       2.3870000000000000e+00
   &Refrac [&Type "Double"]       1.4961000000000000e+00
   &RSolv [&Type "Double"]       1.3000000000000000e+00
   &SurfaceType [&Type "String"] "GAUSSIAN VDW"
   &CPCMDielEnergy [&Type "Double"]      -2.2311647000000000e-02
   &NPoints [&Type "Integer"] 4433
   &SurfaceArea [&Type "Double"]       1.6376601045830000e+03
$End
$SCF_Timings
   &GeometryIndex 1
   &TOTAL [&Type "Double"]       1.0793228100000000e+02
   &PREP [&Type "Double"]       1.9454520000000002e+00
   &FOCK [&Type "Double"]       1.0089601400000004e+02
   &DENS [&Type "Double"]       2.8543000000001939e-01
   &ETOT [&Type "Double"]       1.0853699999999478e-01
   &POP [&Type "Double"]       1.0941800000000512e-01
   &TRAFO [&Type "Double"]       2.2444300000000439e-01
   &DIIS [&Type "Double"]       9.5150299999999355e-01
   &SOSCF [&Type "Double"]       5.3538000000001063e-01
   &XC [&Type "Double"]       8.0723039999999919e+00
   &FOCKSTART [&Type "Double"]       2.5695000000002022e-02
   &SOLV [&Type "Double"]       1.5769384999999978e+01
   &SOLV_INIT [&Type "Double"]       1.0243100000000001e+00
   &INT_PREP [&Type "Double"]       3.0000000066365828e-06
   &INT_BF [&Type "Double"]       1.8375740000007212e+00
   &INT_DENS [&Type "Double"]       1.6527369999991013e+00
   &INT_DENSIO [&Type "Double"]       3.5108267413500079e+05
   &INT_FUNC [&Type "Double"]       1.9278600000002122e-01
   &INT_POT [&Type "Double"]       1.7025359999997800e+00
   &INT_POTIO [&Type "Double"]       4.7757000000347105e-02
   &INT_SUM [&Type "Double"]       8.6999999999193278e-04
   &SPLITRIJ [&Type "Double"]       1.1397463000000004e+01
   &COSX [&Type "Double"]       6.9825267999999994e+01
   &FROZCORE [&Type "Double"]       1.7402000000004136e-02
$End
$CIS_Absorption_Spectrum
   &GeometryIndex 1
   &Method [&Type "Integer"] 20
   &RelCorrection [&Type "Integer"] 1 "Type of relativistic treatment in QDPT. 0->Unknow, 1->None, 2->SOC, 3->SSC, 4->SOC/SSC"
   &DensType [&Type "Integer"] 3 "Type of density (electron/spin ...). 0->Unknow, 1->Electronic, 2->Spin, 3->Trans/Electronic, 4->Tran/Spin"
   &DeriType [&Type "Integer"] 0 "Type of derivative (w.r.t. to what perturbation). 0->Unknown, 1->No Derivative, 2->Electric/Dipole, 3->Electric/Quad, 4->Magnetic/Dipole, 5->Magnetic/Quad"
   &DensLevel [&Type "Integer"] 0 "// Source of density: relaxed, unrelaxed, ... 0->Unknown, 1->Linearized, 2->Unrelaxed, 3->Relaxed"
   &Density_name [&Type "String"] "Tdens-CIS"
   &Representation [&Type "String"] "Length" "Possible values: Unknown,  Length, Velocity"
   &PointGroup [&Type "String"] "C1"
   &DoHigherMoments [&Type "Boolean"] false
   &NTrans [&Type "Integer"] 8
   &ExcitationEnergies [&Type "ArrayOfDoubles", &Dim (8,11)] 
                                                         0                           1                           2                           3                           4                           5                           6                           7

0                                      1.9141065130195043e+00         1.5438311795918184e+04         6.4773921735691022e+02         2.0110268137336301e-01         4.2883837407141661e+00         1.6428203583030805e+00         0.0000000000000000e+00        -1.2353438439329083e+00
1                                      2.6640568851185220e+00         2.1487070105436313e+04         4.6539616387577945e+02         7.7703128916426681e-02         1.1905205426368615e+00         2.8929396499288068e-01         0.0000000000000000e+00         1.0378488971189743e+00
2                                      2.9871114108446544e+00         2.4092680849310149e+04         4.1506381388380584e+02         1.2216972177795613e-01         1.6693755347233250e+00         2.9001673441414983e-02         0.0000000000000000e+00         1.2855896958542907e+00
3                                      3.2284194237286283e+00         2.6038961433183940e+04         3.8403989443511529e+02         9.7114838068077691e-02         1.2278279611423450e+00         1.0792005104079199e+00         0.0000000000000000e+00         2.4610396945977600e-01
4                                      3.2375186800803184e+00         2.6112351892760184e+04         3.8296052538923402e+02         1.9764874829773411e-02         2.4918601558430137e-01         4.9827598256203681e-01         0.0000000000000000e+00        -2.8226016481890780e-02
5                                      3.2794107968403199e+00         2.6450234636449131e+04         3.7806847982436165e+02         1.5415111214861743e-02         1.9186365817240456e-01        -4.0281026042823387e-01         0.0000000000000000e+00        -1.7162346107169357e-01
6                                      3.5949427975241952e+00         2.8995172117730195e+04         3.4488500221335539e+02         1.5149644646247669e-02         1.7200946387521546e-01        -3.6719330370610709e-01         0.0000000000000000e+00         1.6933058110531349e-01
7                                      3.6056098932840253e+00         2.9081208056261839e+04         3.4386466960566219e+02         7.4042565676485693e-03         8.3819410675655445e-02        -2.7806977811198691e-01         0.0000000000000000e+00         6.8322187441180612e-02
                                                         8                           9                          10

0                                      0.0000000000000000e+00        -2.5189402199371597e-01         0.0000000000000000e+00
1                                      0.0000000000000000e+00         1.7233459085305000e-01         0.0000000000000000e+00
2                                      0.0000000000000000e+00         1.2567247739340048e-01         0.0000000000000000e+00
3                                      0.0000000000000000e+00        -5.0863107393982927e-02         0.0000000000000000e+00
4                                      0.0000000000000000e+00         1.0504893131401247e-02         0.0000000000000000e+00
5                                      0.0000000000000000e+00         1.2366886265986097e-02         0.0000000000000000e+00
6                                      0.0000000000000000e+00         9.2226329706580651e-02         0.0000000000000000e+00
7                                      0.0000000000000000e+00        -4.2763160309523311e-02         0.0000000000000000e+00
   &States [&Type "ArrayOfIntegers", &Dim (8,4)] "The initial and Final states. Col1: Initial State  Col2: Initial Irrep Col3: Final State Col4: Final Irrep"
                                                         0                           1                           2                           3

0                                                        0                           0                           1                           0
1                                                        0                           0                           2                           0
2                                                        0                           0                           3                           0
3                                                        0                           0                           4                           0
4                                                        0                           0                           5                           0
5                                                        0                           0                           6                           0
6                                                        0                           0                           7                           0
7                                                        0                           0                           8                           0
   &Multiplicities [&Type "ArrayOfDoubles", &Dim (8,2)] "Col1: Multiplicity of the initial state  Col2: Multiplicity of the final state"
                                                         0                           1

0                                      1.0000000000000000e+00         1.0000000000000000e+00
1                                      1.0000000000000000e+00         1.0000000000000000e+00
2                                      1.0000000000000000e+00         1.0000000000000000e+00
3                                      1.0000000000000000e+00         1.0000000000000000e+00
4                                      1.0000000000000000e+00         1.0000000000000000e+00
5                                      1.0000000000000000e+00         1.0000000000000000e+00
6                                      1.0000000000000000e+00         1.0000000000000000e+00
7                                      1.0000000000000000e+00         1.0000000000000000e+00
   &Temperature [&Type "Double"]       2.9814999999999998e+02
$End
$CIS_Absorption_Spectrum
   &GeometryIndex 1
   &Method [&Type "Integer"] 20
   &RelCorrection [&Type "Integer"] 1 "Type of relativistic treatment in QDPT. 0->Unknow, 1->None, 2->SOC, 3->SSC, 4->SOC/SSC"
   &DensType [&Type "Integer"] 3 "Type of density (electron/spin ...). 0->Unknow, 1->Electronic, 2->Spin, 3->Trans/Electronic, 4->Tran/Spin"
   &DeriType [&Type "Integer"] 0 "Type of derivative (w.r.t. to what perturbation). 0->Unknown, 1->No Derivative, 2->Electric/Dipole, 3->Electric/Quad, 4->Magnetic/Dipole, 5->Magnetic/Quad"
   &DensLevel [&Type "Integer"] 0 "// Source of density: relaxed, unrelaxed, ... 0->Unknown, 1->Linearized, 2->Unrelaxed, 3->Relaxed"
   &Density_name [&Type "String"] "Tdens-CIS"
   &Representation [&Type "String"] "Velocity" "Possible values: Unknown,  Length, Velocity"
   &PointGroup [&Type "String"] "C1"
   &DoHigherMoments [&Type "Boolean"] false
   &NTrans [&Type "Integer"] 8
   &ExcitationEnergies [&Type "ArrayOfDoubles", &Dim (8,11)] 
                                                         0                           1                           2                           3                           4                           5                           6                           7

0                                      1.9141065130195043e+00         1.5438311795918184e+04         6.4773921735691022e+02         3.9366561974470769e-02         4.1536913924699872e-03        -5.3914053947152263e-02         0.0000000000000000e+00        -2.1231013037281230e-02
1                                      2.6640568851185220e+00         2.1487070105436313e+04         4.6539616387577945e+02         5.2594119174890269e-03         7.7236274564752838e-04        -2.0938155929485187e-02         0.0000000000000000e+00        -1.4816514755394987e-02
2                                      2.9871114108446544e+00         2.4092680849310149e+04         4.1506381388380584e+02         9.6197011534670130e-03         1.5839943891516814e-03         7.9373780493072303e-03         0.0000000000000000e+00        -3.8989996861559371e-02
3                                      3.2284194237286283e+00         2.6038961433183940e+04         3.8403989443511529e+02         4.8969375020835204e-02         8.7147543637077201e-03        -9.0775096474782505e-02         0.0000000000000000e+00        -1.9599076965704395e-02
4                                      3.2375186800803184e+00         2.6112351892760184e+04         3.8296052538923402e+02         8.5369316420092992e-03         1.5235430291412814e-03        -3.8986486405138271e-02         0.0000000000000000e+00         1.8581119678694009e-03
5                                      3.2794107968403199e+00         2.6450234636449131e+04         3.7806847982436165e+02         9.8598041872066857e-03         1.7823982612874252e-03         4.1146387973511493e-02         0.0000000000000000e+00         9.2268274431993660e-03
6                                      3.5949427975241952e+00         2.8995172117730195e+04         3.4488500221335539e+02         3.9897948603833458e-03         7.9064802142331519e-04         2.2636369768638549e-02         0.0000000000000000e+00        -1.6509909524774810e-02
7                                      3.6056098932840253e+00         2.9081208056261839e+04         3.4386466960566219e+02         1.0571771178462471e-02         2.1011987257472109e-03         4.4105041610660457e-02         0.0000000000000000e+00        -1.0006055359799646e-02
                                                         8                           9                          10

0                                      0.0000000000000000e+00        -2.8217198033545728e-02         0.0000000000000000e+00
1                                      0.0000000000000000e+00         1.0697067935806305e-02         0.0000000000000000e+00
2                                      0.0000000000000000e+00        -8.7895596570449050e-04         0.0000000000000000e+00
3                                      0.0000000000000000e+00        -9.5138008069354622e-03         0.0000000000000000e+00
4                                      0.0000000000000000e+00        -3.7990372215947454e-04         0.0000000000000000e+00
5                                      0.0000000000000000e+00         2.0588038648975430e-03         0.0000000000000000e+00
6                                      0.0000000000000000e+00         2.3802673388785439e-03         0.0000000000000000e+00
7                                      0.0000000000000000e+00        -7.4714715020366296e-03         0.0000000000000000e+00
   &States [&Type "ArrayOfIntegers", &Dim (8,4)] "The initial and Final states. Col1: Initial State  Col2: Initial Irrep Col3: Final State Col4: Final Irrep"
                                                         0                           1                           2                           3

0                                                        0                           0                           1                           0
1                                                        0                           0                           2                           0
2                                                        0                           0                           3                           0
3                                                        0                           0                           4                           0
4                                                        0                           0                           5                           0
5                                                        0                           0                           6                           0
6                                                        0                           0                           7                           0
7                                                        0                           0                           8                           0
   &Multiplicities [&Type "ArrayOfDoubles", &Dim (8,2)] "Col1: Multiplicity of the initial state  Col2: Multiplicity of the final state"
                                                         0                           1

0                                      1.0000000000000000e+00         1.0000000000000000e+00
1                                      1.0000000000000000e+00         1.0000000000000000e+00
2                                      1.0000000000000000e+00         1.0000000000000000e+00
3                                      1.0000000000000000e+00         1.0000000000000000e+00
4                                      1.0000000000000000e+00         1.0000000000000000e+00
5                                      1.0000000000000000e+00         1.0000000000000000e+00
6                                      1.0000000000000000e+00         1.0000000000000000e+00
7                                      1.0000000000000000e+00         1.0000000000000000e+00
   &Temperature [&Type "Double"]       2.9814999999999998e+02
$End
$CIS_ECD_Spectrum
   &GeometryIndex 1
   &Method [&Type "Integer"] 20
   &RelCorrection [&Type "Integer"] 1 "Type of relativistic treatment in QDPT. 0->Unknow, 1->None, 2->SOC, 3->SSC, 4->SOC/SSC"
   &DensType [&Type "Integer"] 3 "Type of density (electron/spin ...). 0->Unknow, 1->Electronic, 2->Spin, 3->Trans/Electronic, 4->Tran/Spin"
   &DeriType [&Type "Integer"] 0 "Type of derivative (w.r.t. to what perturbation). 0->Unknown, 1->No Derivative, 2->Electric/Dipole, 3->Electric/Quad, 4->Magnetic/Dipole, 5->Magnetic/Quad"
   &DensLevel [&Type "Integer"] 0 "// Source of density: relaxed, unrelaxed, ... 0->Unknown, 1->Linearized, 2->Unrelaxed, 3->Relaxed"
   &Density_name [&Type "String"] "Tdens-CIS"
   &Representation [&Type "String"] "Length" "Possible values: Unknown,  Length, Velocity"
   &PointGroup [&Type "String"] "C1"
   &DoHigherMoments [&Type "Boolean"] false
   &NTrans [&Type "Integer"] 8
   &ExcitationEnergies [&Type "ArrayOfDoubles", &Dim (8,10)] 
                                                         0                           1                           2                           3                           4                           5                           6                           7

0                                      1.9141065130195043e+00         1.5438311795918184e+04         6.4773921735691022e+02         8.7302844024579514e+01        -8.8992535565550271e-03         0.0000000000000000e+00         1.5281671560936033e-01         0.0000000000000000e+00
1                                      2.6640568851185220e+00         2.1487070105436313e+04         4.6539616387577945e+02        -6.3504645002552259e+01         1.5136538031287916e-01         0.0000000000000000e+00         8.8122251950835784e-02         0.0000000000000000e+00
2                                      2.9871114108446544e+00         2.4092680849310149e+04         4.1506381388380584e+02         1.9698666925001557e+01        -1.9730722877121235e-01         0.0000000000000000e+00        -4.7272514249253411e-02         0.0000000000000000e+00
3                                      3.2284194237286283e+00         2.6038961433183940e+04         3.8403989443511529e+02        -6.3208731363456636e+01         8.7739260856537243e-02         0.0000000000000000e+00         1.4123557409154602e-01         0.0000000000000000e+00
4                                      3.2375186800803184e+00         2.6112351892760184e+04         3.8296052538923402e+02         1.5000661398026509e+01        -6.0003461851815779e-02         0.0000000000000000e+00         8.7345884663130133e-02         0.0000000000000000e+00
5                                      3.2794107968403199e+00         2.6450234636449131e+04         3.7806847982436165e+02         3.8406881151404209e+00         3.5518959180555656e-02         0.0000000000000000e+00        -3.9075286382948694e-02         0.0000000000000000e+00
6                                      3.5949427975241952e+00         2.8995172117730195e+04         3.4488500221335539e+02        -6.0439259586254499e+00        -7.0099709863283136e-02         0.0000000000000000e+00        -1.7427733811908309e-02         0.0000000000000000e+00
7                                      3.6056098932840253e+00         2.9081208056261839e+04         3.4386466960566219e+02        -3.9339336956892562e-01        -1.3741137179053535e-02         0.0000000000000000e+00        -3.3408383877182271e-02         0.0000000000000000e+00
                                                         8                           9

0                                     -7.2339416368390946e-02         0.0000000000000000e+00
1                                     -3.1690971415389920e-03         0.0000000000000000e+00
2                                      1.9663970249847021e-01         0.0000000000000000e+00
3                                     -9.0949441188400523e-02         0.0000000000000000e+00
4                                      5.1938883039511989e-02         0.0000000000000000e+00
5                                     -4.4099069547367711e-02         0.0000000000000000e+00
6                                     -1.0809544171824001e-01         0.0000000000000000e+00
7                                      1.6463453735737522e-02         0.0000000000000000e+00
   &States [&Type "ArrayOfIntegers", &Dim (8,4)] "The initial and Final states. Col1: Initial State  Col2: Initial Irrep Col3: Final State Col4: Final Irrep"
                                                         0                           1                           2                           3

0                                                        0                           0                           1                           0
1                                                        0                           0                           2                           0
2                                                        0                           0                           3                           0
3                                                        0                           0                           4                           0
4                                                        0                           0                           5                           0
5                                                        0                           0                           6                           0
6                                                        0                           0                           7                           0
7                                                        0                           0                           8                           0
   &Multiplicities [&Type "ArrayOfDoubles", &Dim (8,2)] "Col1: Multiplicity of the initial state  Col2: Multiplicity of the final state"
                                                         0                           1

0                                      1.0000000000000000e+00         1.0000000000000000e+00
1                                      1.0000000000000000e+00         1.0000000000000000e+00
2                                      1.0000000000000000e+00         1.0000000000000000e+00
3                                      1.0000000000000000e+00         1.0000000000000000e+00
4                                      1.0000000000000000e+00         1.0000000000000000e+00
5                                      1.0000000000000000e+00         1.0000000000000000e+00
6                                      1.0000000000000000e+00         1.0000000000000000e+00
7                                      1.0000000000000000e+00         1.0000000000000000e+00
   &Temperature [&Type "Double"]       2.9814999999999998e+02
$End
$CIS_ECD_Spectrum
   &GeometryIndex 1
   &Method [&Type "Integer"] 20
   &RelCorrection [&Type "Integer"] 1 "Type of relativistic treatment in QDPT. 0->Unknow, 1->None, 2->SOC, 3->SSC, 4->SOC/SSC"
   &DensType [&Type "Integer"] 3 "Type of density (electron/spin ...). 0->Unknow, 1->Electronic, 2->Spin, 3->Trans/Electronic, 4->Tran/Spin"
   &DeriType [&Type "Integer"] 0 "Type of derivative (w.r.t. to what perturbation). 0->Unknown, 1->No Derivative, 2->Electric/Dipole, 3->Electric/Quad, 4->Magnetic/Dipole, 5->Magnetic/Quad"
   &DensLevel [&Type "Integer"] 0 "// Source of density: relaxed, unrelaxed, ... 0->Unknown, 1->Linearized, 2->Unrelaxed, 3->Relaxed"
   &Density_name [&Type "String"] "Tdens-CIS"
   &Representation [&Type "String"] "Velocity" "Possible values: Unknown,  Length, Velocity"
   &PointGroup [&Type "String"] "C1"
   &DoHigherMoments [&Type "Boolean"] false
   &NTrans [&Type "Integer"] 8
   &ExcitationEnergies [&Type "ArrayOfDoubles", &Dim (8,10)] 
                                                         0                           1                           2                           3                           4                           5                           6                           7

0                                      1.9141065130195043e+00         1.5438311795918184e+04         6.4773921735691022e+02        -4.8486982629629711e+00        -8.8992535565550271e-03         0.0000000000000000e+00         1.5281671560936033e-01         0.0000000000000000e+00
1                                      2.6640568851185220e+00         2.1487070105436313e+04         4.6539616387577945e+02        -2.1712592140966411e+01         1.5136538031287916e-01         0.0000000000000000e+00         8.8122251950835784e-02         0.0000000000000000e+00
2                                      2.9871114108446544e+00         2.4092680849310149e+04         4.1506381388380584e+02         4.4757684611141935e-01        -1.9730722877121235e-01         0.0000000000000000e+00        -4.7272514249253411e-02         0.0000000000000000e+00
3                                      3.2284194237286283e+00         2.6038961433183940e+04         3.8403989443511529e+02        -3.9210057643249378e+01         8.7739260856537243e-02         0.0000000000000000e+00         1.4123557409154602e-01         0.0000000000000000e+00
4                                      3.2375186800803184e+00         2.6112351892760184e+04         3.8296052538923402e+02         9.8346113934438915e+00        -6.0003461851815779e-02         0.0000000000000000e+00         8.7345884663130133e-02         0.0000000000000000e+00
5                                      3.2794107968403199e+00         2.6450234636449131e+04         3.7806847982436165e+02         3.9516142876797820e+00         3.5518959180555656e-02         0.0000000000000000e+00        -3.9075286382948694e-02         0.0000000000000000e+00
6                                      3.5949427975241952e+00         2.8995172117730195e+04         3.4488500221335539e+02        -5.5540184521170994e+00        -7.0099709863283136e-02         0.0000000000000000e+00        -1.7427733811908309e-02         0.0000000000000000e+00
7                                      3.6056098932840253e+00         2.9081208056261839e+04         3.4386466960566219e+02        -1.4046110695907341e+00        -1.3741137179053535e-02         0.0000000000000000e+00        -3.3408383877182271e-02         0.0000000000000000e+00
                                                         8                           9

0                                     -7.2339416368390946e-02         0.0000000000000000e+00
1                                     -3.1690971415389920e-03         0.0000000000000000e+00
2                                      1.9663970249847021e-01         0.0000000000000000e+00
3                                     -9.0949441188400523e-02         0.0000000000000000e+00
4                                      5.1938883039511989e-02         0.0000000000000000e+00
5                                     -4.4099069547367711e-02         0.0000000000000000e+00
6                                     -1.0809544171824001e-01         0.0000000000000000e+00
7                                      1.6463453735737522e-02         0.0000000000000000e+00
   &States [&Type "ArrayOfIntegers", &Dim (8,4)] "The initial and Final states. Col1: Initial State  Col2: Initial Irrep Col3: Final State Col4: Final Irrep"
                                                         0                           1                           2                           3

0                                                        0                           0                           1                           0
1                                                        0                           0                           2                           0
2                                                        0                           0                           3                           0
3                                                        0                           0                           4                           0
4                                                        0                           0                           5                           0
5                                                        0                           0                           6                           0
6                                                        0                           0                           7                           0
7                                                        0                           0                           8                           0
   &Multiplicities [&Type "ArrayOfDoubles", &Dim (8,2)] "Col1: Multiplicity of the initial state  Col2: Multiplicity of the final state"
                                                         0                           1

0                                      1.0000000000000000e+00         1.0000000000000000e+00
1                                      1.0000000000000000e+00         1.0000000000000000e+00
2                                      1.0000000000000000e+00         1.0000000000000000e+00
3                                      1.0000000000000000e+00         1.0000000000000000e+00
4                                      1.0000000000000000e+00         1.0000000000000000e+00
5                                      1.0000000000000000e+00         1.0000000000000000e+00
6                                      1.0000000000000000e+00         1.0000000000000000e+00
7                                      1.0000000000000000e+00         1.0000000000000000e+00
   &Temperature [&Type "Double"]       2.9814999999999998e+02
$End
$CIS_Energies
   &GeometryIndex 1
   &e0 [&Type "Double"]      -1.9007251901946402e+03  "Ground state energy"
   &multP1 [&Type "Boolean"] false "Do the higher multiplicity too?"
   &mode [&Type "String"] "TDA" "CIS mode: CIS, RPA, TDA, TD-DFT, sTDA, sTD-DFT"
   &dCorr [&Type "Integer"] 0 "(D) Correction algorithm"
   &Method [&Type "String"] "TDA/CIS"
   &totalEnergy [&Type "ArrayOfDoubles", &Dim (8,1)] "Total energy of each state"
                                                         0

0                                     -1.9006548480703577e+03
1                                     -1.9006272878996353e+03
2                                     -1.9006154158635475e+03
3                                     -1.9006065479567108e+03
4                                     -1.9006062135651725e+03
5                                     -1.9006046740581162e+03
6                                     -1.9005930784697537e+03
7                                     -1.9005926864611738e+03
   &Mult [&Type "ArrayOfIntegers", &Dim (8,1)] "Multiplicity of each state"
                                                         0

0                                                        1
1                                                        1
2                                                        1
3                                                        1
4                                                        1
5                                                        1
6                                                        1
7                                                        1
   &RelCorr [&Type "String"] "None" "Relativistic correction (SOC and/or SSC)"
   &NBlocks [&Type "Integer"] 1 "Number of multiplicity blocks"
   &NRoots [&Type "ArrayOfIntegers", &Dim (1,1)] "Number of roots in each block"
                                                         0

0                                                        8
   &NTotalRoots [&Type "Integer"] 8 "Total number of roots"
   &Block [&Type "ArrayOfIntegers", &Dim (8,1)] "Block index of each state"
                                                         0

0                                                        0
1                                                        0
2                                                        0
3                                                        0
4                                                        0
5                                                        0
6                                                        0
7                                                        0
   &Root [&Type "ArrayOfIntegers", &Dim (8,1)] "Root index within the block"
                                                         0

0                                                        0
1                                                        1
2                                                        2
3                                                        3
4                                                        4
5                                                        5
6                                                        6
7                                                        7
$End
$Single_Point_Data
   &GeometryIndex 1
   &FinalEnergy [&Type "Double"]      -1.9006548480703577e+03  "Final single point energy"
   &Converged [&Type "Boolean"] true
$End
$Calculation_Info
   &GeometryIndex 1
   &Mult [&Type "Integer"] 1
   &Charge [&Type "Integer"] 0
   &NumOfAtoms [&Type "Integer"] 52
   &NumOfElectrons [&Type "Integer"] 242
   &NumOfBasisFuncts [&Type "Integer"] 504
   &NumOfAuxCBasisFuncts [&Type "Integer"] 0
   &NumOfAuxJBasisFuncts [&Type "Integer"] 1828
   &NumOfAuxJKBasisFuncts [&Type "Integer"] 0
   &NumOfCABSBasisFuncts [&Type "Integer"] 0
$End
$SCF_Dipole_Moment
   &GeometryIndex 1
   &dipoleMagnitude [&Type "Double", &Units "a.u."]       2.3970355635867908e+00
   &dipoleElecContrib [&Type "ArrayOfDoubles", &Dim (3,1)] "Electronic contribution"
                                                         0

0                                     -3.1125536836949767e+01
1                                     -1.6805001547330281e+01
2                                     -6.4964466963229990e+00
   &dipoleNucContrib [&Type "ArrayOfDoubles", &Dim (3,1)] "Nuclear contribution"
                                                         0

0                                      3.1846093745930276e+01
1                                      1.8658265579177566e+01
2                                      7.8350988775416468e+00
   &dipoleTotal [&Type "ArrayOfDoubles", &Dim (3,1)] "Total"
                                                         0

0                                      7.2055690898050884e-01
1                                      1.8532640318472851e+00
2                                      1.3386521812186478e+00
   &doAtomicDipole [&Type "Boolean"] false
   &Method [&Type "String"] "SCF"
   &Level [&Type "String"] "Relaxed density"
   &Mult [&Type "Integer"] 1
   &State [&Type "Integer"] -1
   &Irrep [&Type "Integer"] 0
$End
$Calculation_Timings
   &GeometryIndex 1
   &GTOINT [&Type "Double"]       7.2075930000000001e+00
   &SCF [&Type "Double"]       1.1734659600000001e+02
   &CIS [&Type "Double"]       1.0174912100000000e+02
   &PROPINT [&Type "Double"]       3.2661789999999939e+00
   &PROP [&Type "Double"]       3.1771970000000067e+00
   &SUM [&Type "Double"]       2.3274668600000001e+02
$End
