*************************************************
******************* ORCA 6.1.1 ******************
*************************************************
$Calculation_Status
   &GeometryIndex 1
   &version [&Type "String"] "6.1.1"
   &progName [&Type "String"] "ProgCIS"
   &Status [&Type "String"] "NORMAL TERMINATION"
$End
$Geometry
   &GeometryIndex 1
   &NAtoms [&Type "Integer"] 38
   &NCorelessECP [&Type "Integer"] 0
   &NGhostAtoms [&Type "Integer"] 0
   &CartesianCoordinates [&Type "Coordinates", &Dim(38,4), &Units "Bohr"] 
              C     10.351473650162   -3.970307632285    2.118081575346
              C      8.884296601573   -5.117142490966   -0.074855505761
              O      6.186160194727   -4.914377190838    0.319393155802
              C      5.090343020157   -2.742542197075   -0.405470749115
              O      6.225463676162   -0.976404857575   -1.375314984655
              C      2.348557309618   -2.713632340127    0.089160063471
              N      1.040780065508   -4.635262846892    1.284055334837
              C     -1.305244740778   -3.872622771177    1.375255123372
              N     -1.623477490470   -1.515772139610    0.281867412607
              C      0.728950535796   -0.763483844545   -0.547319182670
              C      1.033200672497    1.765058284787   -1.752067806968
              N      0.520483730788    3.797635457846    0.062617050747
              C      2.646531467976    5.358007222169    0.877086334161
              C     -1.839556883111    4.261513721253    1.009696464371
              O     -2.301371717182    6.059638126345    2.406179017932
              C     -3.994521405109    2.522365062905    0.242845964648
              C     -3.904722787588   -0.132991057206   -0.020716482686
              C     -6.119719952904   -1.482362690129   -0.561360875634
              C     -8.424163664431   -0.255015467541   -0.820159424387
              C     -8.537207042378    2.378823551664   -0.546024013885
              C     -6.335420714108    3.725994008976   -0.003922587977
              N    -10.778129868400    3.824008253407   -0.778789883148
              N    -12.782769513392    2.703026462687   -1.234732051716
              N    -14.750345489205    1.925786087872   -1.650272341999
              H     12.380667936433   -4.294369412812    1.851167719468
              H      9.783676213661   -4.832924162022    3.911401846812
              H     10.028195337588   -1.931163311313    2.222878881863
              H      9.217874429112   -7.149602991269   -0.227010232044
              H      9.371379634679   -4.202910459501   -1.861845249854
              H     -2.861637319741   -4.872856124667    2.243655435221
              H      2.974648238764    1.948513760508   -2.411266630793
              H     -0.228033069153    1.949145171087   -3.390784295878
              H      4.200423739032    4.147863621315    1.514765947186
              H      3.326116646721    6.544443573492   -0.682318003929
              H      2.010323418622    6.566880005295    2.417137683118
              H     -6.019448582895   -3.515044871720   -0.816090275639
              H    -10.112814118647   -1.339735386124   -1.251877153594
              H     -6.430962103393    5.751821854891    0.281000635002
$End
$SCF_Mulliken_Population_Analysis
   &GeometryIndex 1
   &NAtoms [&Type "Integer"] 38
   &ATNO [&Type "ArrayOfIntegers", &Dim (38,1)] 
                                                         0

0                                                        6
1                                                        6
2                                                        8
3                                                        6
4                                                        8
5                                                        6
6                                                        7
7                                                        6
8                                                        7
9                                                        6
10                                                       6
11                                                       7
12                                                       6
13                                                       6
14                                                       8
15                                                       6
16                                                       6
17                                                       6
18                                                       6
19                                                       6
20                                                       6
21                                                       7
22                                                       7
23                                                       7
24                                                       1
25                                                       1
26                                                       1
27                                                       1
28                                                       1
29                                                       1
30                                                       1
31                                                       1
32                                                       1
33                                                       1
34                                                       1
35                                                       1
36                                                       1
37                                                       1
   &AtomicCharges [&Type "ArrayOfDoubles", &Dim (38,1)] 
                                                         0

0                                     -4.7231025614477495e-01
1                                     -4.2806465477400302e-02
2                                     -4.5958119910024742e-01
3                                      5.4832102894750978e-01
4                                     -5.0020510708397659e-01
5                                      4.9818229194316999e-02
6                                     -4.5911150626644748e-01
7                                      1.6381819773533213e-01
8                                     -4.9231542177618159e-01
9                                      3.1240974594194881e-01
10                                    -2.6738612983501131e-01
11                                    -3.7682913407543239e-01
12                                    -3.3555403222612945e-01
13                                     4.8940067305405499e-01
14                                    -5.1809074087071671e-01
15                                     4.6263510986382705e-02
16                                     2.5005533834677784e-01
17                                    -1.8113119973148439e-01
18                                    -1.6686969957219677e-01
19                                     2.7859073762462039e-01
20                                    -2.2220041080056419e-01
21                                    -4.2221080299724090e-01
22                                     4.0218796392794065e-01
23                                    -2.1700457169771781e-01
24                                     1.6659777333837200e-01
25                                     1.6507259923175321e-01
26                                     1.6694817675274742e-01
27                                     1.7151276499460577e-01
28                                     1.7016964311477389e-01
29                                     2.1195539646130146e-01
30                                     2.1817414991979467e-01
31                                     2.0752126926586578e-01
32                                     1.8247013493302111e-01
33                                     1.8129609488261411e-01
34                                     1.9049407326256174e-01
35                                     1.9485623416661979e-01
36                                     1.8711944248884915e-01
37                                     1.7855349908361462e-01
   &Method [&Type "String"] "SCF"
   &Level [&Type "String"] "Relaxed density"
   &Mult [&Type "Integer"] 1
   &State [&Type "Integer"] -1
   &Irrep [&Type "Integer"] 0
$End
$SCF_Loewdin_Population_Analysis
   &GeometryIndex 1
   &NAtoms [&Type "Integer"] 38
   &ATNO [&Type "ArrayOfIntegers", &Dim (38,1)] 
                                                         0

0                                                        6
1                                                        6
2                                                        8
3                                                        6
4                                                        8
5                                                        6
6                                                        7
7                                                        6
8                                                        7
9                                                        6
10                                                       6
11                                                       7
12                                                       6
13                                                       6
14                                                       8
15                                                       6
16                                                       6
17                                                       6
18                                                       6
19                                                       6
20                                                       6
21                                                       7
22                                                       7
23                                                       7
24                                                       1
25                                                       1
26                                                       1
27                                                       1
28                                                       1
29                                                       1
30                                                       1
31                                                       1
32                                                       1
33                                                       1
34                                                       1
35                                                       1
36                                                       1
37                                                       1
   &AtomicCharges [&Type "ArrayOfDoubles", &Dim (38,1)] 
                                                         0

0                                     -3.7950519600371724e-01
1                                     -9.3460319323956043e-02
2                                     -1.4482239168819078e-01
3                                      1.4324114875582783e-01
4                                     -2.8354700120340226e-01
5                                     -7.8819464742065470e-02
6                                     -1.7790445306926728e-01
7                                     -5.4879881712107448e-02
8                                      4.7775947173305688e-02
9                                      1.9726275889267342e-02
10                                    -1.6139382576468542e-01
11                                    -6.3335511618187290e-02
12                                    -2.7802485946819999e-01
13                                     1.1178584694398719e-01
14                                    -3.1396321477572364e-01
15                                    -4.7929804118914454e-02
16                                     2.2492898381634596e-02
17                                    -1.1896188494632653e-01
18                                    -1.3054836288192018e-01
19                                     1.6342800615182007e-02
20                                    -1.0521465392218499e-01
21                                    -1.5749035508095677e-01
22                                     2.1335808635586240e-01
23                                    -7.6966562906498837e-02
24                                     1.4199625872751898e-01
25                                     1.3506248706228363e-01
26                                     1.3529720272023327e-01
27                                     1.3726960179360237e-01
28                                     1.3386002043084955e-01
29                                     1.6343284057890028e-01
30                                     1.7087476100267374e-01
31                                     1.5812323273390683e-01
32                                     1.4113082175700409e-01
33                                     1.3860709775719615e-01
34                                     1.5063930127733971e-01
35                                     1.6342993812796613e-01
36                                     1.6015239911488222e-01
37                                     1.6216877602676205e-01
   &Method [&Type "String"] "SCF"
   &Level [&Type "String"] "Relaxed density"
   &Mult [&Type "Integer"] 1
   &State [&Type "Integer"] -1
   &Irrep [&Type "Integer"] 0
$End
$SCF_Mayer_Population_Analysis
   &GeometryIndex 1
   &NAtoms [&Type "Integer"] 38 "Total number of atoms"
   &NBondOrdersPrint [&Type "Integer"] 42 "The number of bond orders larger than threshold"
   &bondThresh [&Type "Double"]       1.0000000000000001e-01  "The threshold for printing"
   &components [&Type "ArrayOfIntegers", &Dim (42,4)] "The indices and atomic numbers of the bonding atoms"
                                                         0                           1                           2                           3

0                                                        0                           6                           1                           6
1                                                        0                           6                          24                           1
2                                                        0                           6                          25                           1
3                                                        0                           6                          26                           1
4                                                        1                           6                           2                           8
5                                                        1                           6                          27                           1
6                                                        1                           6                          28                           1
7                                                        2                           8                           3                           6
8                                                        3                           6                           4                           8
9                                                        3                           6                           5                           6
10                                                       5                           6                           6                           7
11                                                       5                           6                           9                           6
12                                                       6                           7                           7                           6
13                                                       7                           6                           8                           7
14                                                       7                           6                          29                           1
15                                                       8                           7                           9                           6
16                                                       8                           7                          16                           6
17                                                       9                           6                          10                           6
18                                                      10                           6                          11                           7
19                                                      10                           6                          30                           1
20                                                      10                           6                          31                           1
21                                                      11                           7                          12                           6
22                                                      11                           7                          13                           6
23                                                      11                           7                          14                           8
24                                                      12                           6                          32                           1
25                                                      12                           6                          33                           1
26                                                      12                           6                          34                           1
27                                                      13                           6                          14                           8
28                                                      13                           6                          15                           6
29                                                      15                           6                          16                           6
30                                                      15                           6                          20                           6
31                                                      16                           6                          17                           6
32                                                      17                           6                          18                           6
33                                                      17                           6                          35                           1
34                                                      18                           6                          19                           6
35                                                      18                           6                          36                           1
36                                                      19                           6                          20                           6
37                                                      19                           6                          21                           7
38                                                      20                           6                          37                           1
39                                                      21                           7                          22                           7
40                                                      21                           7                          23                           7
41                                                      22                           7                          23                           7
   &BondOrders [&Type "ArrayOfDoubles", &Dim (42,1)] "The bond orders"
                                                         0

0                                      1.0199292663532278e+00
1                                      9.3930626891763502e-01
2                                      9.4680500001470358e-01
3                                      9.4414695772771617e-01
4                                      8.4310922713703695e-01
5                                      9.3847081943038879e-01
6                                      9.2200215579197131e-01
7                                      1.0862120205152708e+00
8                                      1.7827130292658799e+00
9                                      1.0260608143839787e+00
10                                     1.2311029799556414e+00
11                                     1.4640661484467585e+00
12                                     1.6044098409688630e+00
13                                     1.1294086896691067e+00
14                                     9.1091003719147423e-01
15                                     1.1229528844569276e+00
16                                     8.7004447157196640e-01
17                                     9.7682018385280700e-01
18                                     9.2924863289301196e-01
19                                     8.9683320649643461e-01
20                                     9.0324794847020207e-01
21                                     9.3641895700251288e-01
22                                     1.1483014379367971e+00
23                                     1.0050259702422797e-01
24                                     9.3282035740709812e-01
25                                     9.3502562468741079e-01
26                                     9.2358374945764654e-01
27                                     1.7797690652736962e+00
28                                     9.2938359650240421e-01
29                                     1.3618969677473676e+00
30                                     1.4032222825499558e+00
31                                     1.3798470717330209e+00
32                                     1.4533152015396031e+00
33                                     9.0460394238711150e-01
34                                     1.3593768580234842e+00
35                                     9.0656319409670383e-01
36                                     1.3724621584016652e+00
37                                     9.4804884307157300e-01
38                                     9.0162398270424782e-01
39                                     1.4018885269246253e+00
40                                     3.7440876734926753e-01
41                                     2.3338335622803434e+00
   &ATNO [&Type "ArrayOfIntegers", &Dim (38,1)] "Atomic number of the elements"
                                                         0

0                                                        6
1                                                        6
2                                                        8
3                                                        6
4                                                        8
5                                                        6
6                                                        7
7                                                        6
8                                                        7
9                                                        6
10                                                       6
11                                                       7
12                                                       6
13                                                       6
14                                                       8
15                                                       6
16                                                       6
17                                                       6
18                                                       6
19                                                       6
20                                                       6
21                                                       7
22                                                       7
23                                                       7
24                                                       1
25                                                       1
26                                                       1
27                                                       1
28                                                       1
29                                                       1
30                                                       1
31                                                       1
32                                                       1
33                                                       1
34                                                       1
35                                                       1
36                                                       1
37                                                       1
   &NA [&Type "ArrayOfDoubles", &Dim (38,1)] "Mulliken gross atomic population"
                                                         0

0                                      6.4723102561447776e+00
1                                      6.0428064654774003e+00
2                                      8.4595811991002474e+00
3                                      5.4516789710524911e+00
4                                      8.5002051070839784e+00
5                                      5.9501817708056848e+00
6                                      7.4591115062664457e+00
7                                      5.8361818022646634e+00
8                                      7.4923154217761798e+00
9                                      5.6875902540580539e+00
10                                     6.2673861298350113e+00
11                                     7.3768291340754377e+00
12                                     6.3355540322261250e+00
13                                     5.5105993269459468e+00
14                                     8.5180907408707185e+00
15                                     5.9537364890136182e+00
16                                     5.7499446616532222e+00
17                                     6.1811311997314879e+00
18                                     6.1668696995721959e+00
19                                     5.7214092623753787e+00
20                                     6.2222004108005660e+00
21                                     7.4222108029972418e+00
22                                     6.5978120360720567e+00
23                                     7.2170045716977187e+00
24                                     8.3340222666162778e-01
25                                     8.3492740076824679e-01
26                                     8.3305182324725258e-01
27                                     8.2848723500539412e-01
28                                     8.2983035688522644e-01
29                                     7.8804460353869832e-01
30                                     7.8182585008020522e-01
31                                     7.9247873073413455e-01
32                                     8.1752986506697867e-01
33                                     8.1870390511738578e-01
34                                     8.0950592673743804e-01
35                                     8.0514376583338021e-01
36                                     8.1288055751115107e-01
37                                     8.2144650091638527e-01
   &ZA [&Type "ArrayOfDoubles", &Dim (38,1)] "Total nuclear charge"
                                                         0

0                                      6.0000000000000000e+00
1                                      6.0000000000000000e+00
2                                      8.0000000000000000e+00
3                                      6.0000000000000000e+00
4                                      8.0000000000000000e+00
5                                      6.0000000000000000e+00
6                                      7.0000000000000000e+00
7                                      6.0000000000000000e+00
8                                      7.0000000000000000e+00
9                                      6.0000000000000000e+00
10                                     6.0000000000000000e+00
11                                     7.0000000000000000e+00
12                                     6.0000000000000000e+00
13                                     6.0000000000000000e+00
14                                     8.0000000000000000e+00
15                                     6.0000000000000000e+00
16                                     6.0000000000000000e+00
17                                     6.0000000000000000e+00
18                                     6.0000000000000000e+00
19                                     6.0000000000000000e+00
20                                     6.0000000000000000e+00
21                                     7.0000000000000000e+00
22                                     7.0000000000000000e+00
23                                     7.0000000000000000e+00
24                                     1.0000000000000000e+00
25                                     1.0000000000000000e+00
26                                     1.0000000000000000e+00
27                                     1.0000000000000000e+00
28                                     1.0000000000000000e+00
29                                     1.0000000000000000e+00
30                                     1.0000000000000000e+00
31                                     1.0000000000000000e+00
32                                     1.0000000000000000e+00
33                                     1.0000000000000000e+00
34                                     1.0000000000000000e+00
35                                     1.0000000000000000e+00
36                                     1.0000000000000000e+00
37                                     1.0000000000000000e+00
   &QA [&Type "ArrayOfDoubles", &Dim (38,1)] "Mulliken gross atomic charge"
                                                         0

0                                     -4.7231025614477762e-01
1                                     -4.2806465477400302e-02
2                                     -4.5958119910024742e-01
3                                      5.4832102894750889e-01
4                                     -5.0020510708397836e-01
5                                      4.9818229194315222e-02
6                                     -4.5911150626644570e-01
7                                      1.6381819773533657e-01
8                                     -4.9231542177617982e-01
9                                      3.1240974594194615e-01
10                                    -2.6738612983501131e-01
11                                    -3.7682913407543772e-01
12                                    -3.3555403222612501e-01
13                                     4.8940067305405321e-01
14                                    -5.1809074087071849e-01
15                                     4.6263510986381817e-02
16                                     2.5005533834677784e-01
17                                    -1.8113119973148795e-01
18                                    -1.6686969957219588e-01
19                                     2.7859073762462128e-01
20                                    -2.2220041080056596e-01
21                                    -4.2221080299724179e-01
22                                     4.0218796392794331e-01
23                                    -2.1700457169771870e-01
24                                     1.6659777333837222e-01
25                                     1.6507259923175321e-01
26                                     1.6694817675274742e-01
27                                     1.7151276499460588e-01
28                                     1.7016964311477356e-01
29                                     2.1195539646130168e-01
30                                     2.1817414991979478e-01
31                                     2.0752126926586545e-01
32                                     1.8247013493302133e-01
33                                     1.8129609488261422e-01
34                                     1.9049407326256196e-01
35                                     1.9485623416661979e-01
36                                     1.8711944248884893e-01
37                                     1.7855349908361473e-01
   &VA [&Type "ArrayOfDoubles", &Dim (38,1)] "Mayer's total valence"
                                                         0

0                                      3.8374720060563190e+00
1                                      3.7663730103588442e+00
2                                      2.0361051976142321e+00
3                                      3.9651062621925450e+00
4                                      2.0458925569780595e+00
5                                      3.8552171054157158e+00
6                                      2.9812060797671736e+00
7                                      3.7995597507392200e+00
8                                      3.2908122289328170e+00
9                                      3.7413851609937421e+00
10                                     3.7620441779572600e+00
11                                     3.1117565265909306e+00
12                                     3.7755041834414231e+00
13                                     3.9459442837149186e+00
14                                     2.0394865206686910e+00
15                                     3.8349730416118808e+00
16                                     3.8365106874565571e+00
17                                     3.9005782830179876e+00
18                                     3.8713542546534594e+00
19                                     3.8604080045983520e+00
20                                     3.9118285912457549e+00
21                                     2.7621018715591008e+00
22                                     3.7887905161632776e+00
23                                     2.8338968923777785e+00
24                                     9.3148709961542187e-01
25                                     9.3199056580976469e-01
26                                     9.3762497180124793e-01
27                                     9.2776995663805784e-01
28                                     9.3702190188061674e-01
29                                     9.2506359509497871e-01
30                                     9.4452304708048307e-01
31                                     9.1474920517385172e-01
32                                     9.2744814219072880e-01
33                                     9.2178099823708270e-01
34                                     9.4736647737642643e-01
35                                     9.2590168522694083e-01
36                                     9.2717141737968412e-01
37                                     9.4488458305859424e-01
   &BVA [&Type "ArrayOfDoubles", &Dim (38,1)] "Mayer's bonded valence"
                                                         0

0                                      3.8374720060563741e+00
1                                      3.7663730103588668e+00
2                                      2.0361051976142317e+00
3                                      3.9651062621925535e+00
4                                      2.0458925569780675e+00
5                                      3.8552171054157354e+00
6                                      2.9812060797672579e+00
7                                      3.7995597507392680e+00
8                                      3.2908122289329143e+00
9                                      3.7413851609937163e+00
10                                     3.7620441779572458e+00
11                                     3.1117565265909128e+00
12                                     3.7755041834414218e+00
13                                     3.9459442837148822e+00
14                                     2.0394865206686674e+00
15                                     3.8349730416118737e+00
16                                     3.8365106874565784e+00
17                                     3.9005782830180284e+00
18                                     3.8713542546534772e+00
19                                     3.8604080045983844e+00
20                                     3.9118285912457127e+00
21                                     2.7621018715591257e+00
22                                     3.7887905161632220e+00
23                                     2.8338968923777790e+00
24                                     9.3148709961543130e-01
25                                     9.3199056580976203e-01
26                                     9.3762497180125037e-01
27                                     9.2776995663806217e-01
28                                     9.3702190188062362e-01
29                                     9.2506359509498326e-01
30                                     9.4452304708048485e-01
31                                     9.1474920517384994e-01
32                                     9.2744814219072269e-01
33                                     9.2178099823707749e-01
34                                     9.4736647737642077e-01
35                                     9.2590168522695127e-01
36                                     9.2717141737967901e-01
37                                     9.4488458305860090e-01
   &FA [&Type "ArrayOfDoubles", &Dim (38,1)] "Mayer's free valence"
                                                         0

0                                      0.0000000000000000e+00
1                                      0.0000000000000000e+00
2                                      0.0000000000000000e+00
3                                      0.0000000000000000e+00
4                                      0.0000000000000000e+00
5                                      0.0000000000000000e+00
6                                      0.0000000000000000e+00
7                                      0.0000000000000000e+00
8                                      0.0000000000000000e+00
9                                      0.0000000000000000e+00
10                                     0.0000000000000000e+00
11                                     0.0000000000000000e+00
12                                     0.0000000000000000e+00
13                                     0.0000000000000000e+00
14                                     0.0000000000000000e+00
15                                     0.0000000000000000e+00
16                                     0.0000000000000000e+00
17                                     0.0000000000000000e+00
18                                     0.0000000000000000e+00
19                                     0.0000000000000000e+00
20                                     0.0000000000000000e+00
21                                     0.0000000000000000e+00
22                                     0.0000000000000000e+00
23                                     0.0000000000000000e+00
24                                     0.0000000000000000e+00
25                                     0.0000000000000000e+00
26                                     0.0000000000000000e+00
27                                     0.0000000000000000e+00
28                                     0.0000000000000000e+00
29                                     0.0000000000000000e+00
30                                     0.0000000000000000e+00
31                                     0.0000000000000000e+00
32                                     0.0000000000000000e+00
33                                     0.0000000000000000e+00
34                                     0.0000000000000000e+00
35                                     0.0000000000000000e+00
36                                     0.0000000000000000e+00
37                                     0.0000000000000000e+00
   &Method [&Type "String"] "SCF"
   &Level [&Type "String"] "Relaxed density"
   &Mult [&Type "Integer"] 1
   &State [&Type "Integer"] -1
   &Irrep [&Type "Integer"] 0
$End
$SCF_Energy
   &GeometryIndex 1
   &Method [&Type "String"] "SCF"
   &totalEnergy [&Type "ArrayOfDoubles", &Dim (1,1)] "Total energy of each state"
                                                         0

0                                     -1.1335452376531771e+03
   &Mult [&Type "ArrayOfIntegers", &Dim (1,1)] "Multiplicity of each state"
                                                         0

0                                                        1
$End
$DFT_Energy
   &GeometryIndex 1
   &nAlphaEl [&Type "Integer"] 85
   &nBetaEl [&Type "Integer"] 85
   &nTotalEl [&Type "Integer"] 170
   &finalEn [&Type "Double"]      -1.1335452376531771e+03  "No Van der Waals correction"
   &eExchange [&Type "Double"]      -1.1700572150660935e+02
   &eCorr [&Type "Double"]      -6.9228245921236704e+00
   &eXC [&Type "Double"]      -1.2392854609873302e+02
   &eCNL [&Type "Double"]       0.0000000000000000e+00
$End
$Solvation_Details
   &GeometryIndex 1
   &Solvent [&Type "String"] "WATER"
   &Epsilon [&Type "Double"]       8.0150999999999996e+01
   &Refrac [&Type "Double"]       1.3328000000000000e+00
   &RSolv [&Type "Double"]       1.3000000000000000e+00
   &SurfaceType [&Type "String"] "GAUSSIAN VDW"
   &CPCMDielEnergy [&Type "Double"]      -2.8208957999999999e-02
   &NPoints [&Type "Integer"] 3313
   &SurfaceArea [&Type "Double"]       1.2631847764419999e+03
$End
$SCF_Timings
   &GeometryIndex 1
   &TOTAL [&Type "Double"]       4.2115394000000002e+01
   &PREP [&Type "Double"]       1.0151630000000000e+00
   &FOCK [&Type "Double"]       3.9341795999999995e+01
   &DENS [&Type "Double"]       8.5008999999999446e-02
   &ETOT [&Type "Double"]       4.7957000000005578e-02
   &POP [&Type "Double"]       4.0652999999998940e-02
   &TRAFO [&Type "Double"]       7.0613000000004256e-02
   &DIIS [&Type "Double"]       3.4358300000000241e-01
   &SOSCF [&Type "Double"]       2.4968600000001295e-01
   &XC [&Type "Double"]       3.8559079999999923e+00
   &FOCKSTART [&Type "Double"]       1.0383999999995286e-02
   &SOLV [&Type "Double"]       6.5081680000000057e+00
   &SOLV_INIT [&Type "Double"]       3.7746599999999997e-01
   &INT_PREP [&Type "Double"]       3.9999999987827550e-06
   &INT_BF [&Type "Double"]       1.0421080000001286e+00
   &INT_DENS [&Type "Double"]       9.1504500000003652e-01
   &INT_DENSIO [&Type "Double"]       9.9202473049000226e+04
   &INT_FUNC [&Type "Double"]       1.2420999999989135e-01
   &INT_POT [&Type "Double"]       9.8968599999990303e-01
   &INT_POTIO [&Type "Double"]       3.0478000000043970e-02
   &INT_SUM [&Type "Double"]       1.1340000000075179e-03
   &SPLITRIJ [&Type "Double"]       4.0012290000000004e+00
   &COSX [&Type "Double"]       2.6695938999999999e+01
   &FROZCORE [&Type "Double"]       7.3380000000042855e-03
$End
$CIS_Absorption_Spectrum
   &GeometryIndex 1
   &Method [&Type "Integer"] 20
   &RelCorrection [&Type "Integer"] 1 "Type of relativistic treatment in QDPT. 0->Unknow, 1->None, 2->SOC, 3->SSC, 4->SOC/SSC"
   &DensType [&Type "Integer"] 3 "Type of density (electron/spin ...). 0->Unknow, 1->Electronic, 2->Spin, 3->Trans/Electronic, 4->Tran/Spin"
   &DeriType [&Type "Integer"] 0 "Type of derivative (w.r.t. to what perturbation). 0->Unknown, 1->No Derivative, 2->Electric/Dipole, 3->Electric/Quad, 4->Magnetic/Dipole, 5->Magnetic/Quad"
   &DensLevel [&Type "Integer"] 0 "// Source of density: relaxed, unrelaxed, ... 0->Unknown, 1->Linearized, 2->Unrelaxed, 3->Relaxed"
   &Density_name [&Type "String"] "Tdens-CIS"
   &Representation [&Type "String"] "Length" "Possible values: Unknown,  Length, Velocity"
   &PointGroup [&Type "String"] "C1"
   &DoHigherMoments [&Type "Boolean"] false
   &NTrans [&Type "Integer"] 8
   &ExcitationEnergies [&Type "ArrayOfDoubles", &Dim (8,11)] 
                                                         0                           1                           2                           3                           4                           5                           6                           7

0                                      3.8777470579771989e+00         3.1276142544605827e+04         3.1973252410325426e+02         4.8069975692300568e-04         5.0598344310557241e-03        -2.3509879987008681e-02         0.0000000000000000e+00         1.5783972937079397e-02
1                                      4.2886485610018479e+00         3.4590287017735944e+04         2.8909849735772832e+02         3.1173234749031070e-01         2.9669026169024497e+00         1.4687829332666329e+00         0.0000000000000000e+00        -8.8484257686390766e-01
2                                      4.5226579559895645e+00         3.6477700272129761e+04         2.7414008902420721e+02         1.7207814956759132e-02         1.5530086118203043e-01        -2.8833813998794405e-01         0.0000000000000000e+00         2.4715361659976506e-01
3                                      4.6021898891582680e+00         3.7119168640602977e+04         2.6940258540870047e+02         3.1430790018451410e-01         2.7876140436050192e+00         1.5616340934131590e+00         0.0000000000000000e+00        -5.8814303485254105e-01
4                                      4.7503007473367491e+00         3.8313763399759468e+04         2.6100281237480260e+02         1.6088538518353554e-02         1.3824115985099483e-01         2.9220447190107329e-01         0.0000000000000000e+00        -2.2937181206098278e-01
5                                      4.7738095573386783e+00         3.8503374759572587e+04         2.5971749391951238e+02         3.2531776533104118e-01         2.7815352706034311e+00         1.6541960466941634e+00         0.0000000000000000e+00        -5.8275865830156121e-02
6                                      4.9741219661046161e+00         4.0119003462617729e+04         2.4925843457995774e+02         4.9695297464263252e-02         4.0779391871329335e-01        -5.2637768680571162e-01         0.0000000000000000e+00         3.5445419751024887e-01
7                                      5.0371533596404037e+00         4.0627385989774833e+04         2.4613938988141686e+02         6.6801465831808401e-03         5.4130582354190201e-02        -2.1534852724617021e-01         0.0000000000000000e+00         8.6713957948182097e-02
                                                         8                           9                          10

0                                      0.0000000000000000e+00         6.5253246450837354e-02         0.0000000000000000e+00
1                                      0.0000000000000000e+00         1.6319597426393637e-01         0.0000000000000000e+00
2                                      0.0000000000000000e+00        -1.0524765086204782e-01         0.0000000000000000e+00
3                                      0.0000000000000000e+00         5.4779306760155029e-02         0.0000000000000000e+00
4                                      0.0000000000000000e+00        -1.5693255999660989e-02         0.0000000000000000e+00
5                                      0.0000000000000000e+00         2.0438843696887055e-01         0.0000000000000000e+00
6                                      0.0000000000000000e+00         7.1292856680925845e-02         0.0000000000000000e+00
7                                      0.0000000000000000e+00         1.5371521201774365e-02         0.0000000000000000e+00
   &States [&Type "ArrayOfIntegers", &Dim (8,4)] "The initial and Final states. Col1: Initial State  Col2: Initial Irrep Col3: Final State Col4: Final Irrep"
                                                         0                           1                           2                           3

0                                                        0                           0                           1                           0
1                                                        0                           0                           2                           0
2                                                        0                           0                           3                           0
3                                                        0                           0                           4                           0
4                                                        0                           0                           5                           0
5                                                        0                           0                           6                           0
6                                                        0                           0                           7                           0
7                                                        0                           0                           8                           0
   &Multiplicities [&Type "ArrayOfDoubles", &Dim (8,2)] "Col1: Multiplicity of the initial state  Col2: Multiplicity of the final state"
                                                         0                           1

0                                      1.0000000000000000e+00         1.0000000000000000e+00
1                                      1.0000000000000000e+00         1.0000000000000000e+00
2                                      1.0000000000000000e+00         1.0000000000000000e+00
3                                      1.0000000000000000e+00         1.0000000000000000e+00
4                                      1.0000000000000000e+00         1.0000000000000000e+00
5                                      1.0000000000000000e+00         1.0000000000000000e+00
6                                      1.0000000000000000e+00         1.0000000000000000e+00
7                                      1.0000000000000000e+00         1.0000000000000000e+00
   &Temperature [&Type "Double"]       2.9814999999999998e+02
$End
$CIS_Absorption_Spectrum
   &GeometryIndex 1
   &Method [&Type "Integer"] 20
   &RelCorrection [&Type "Integer"] 1 "Type of relativistic treatment in QDPT. 0->Unknow, 1->None, 2->SOC, 3->SSC, 4->SOC/SSC"
   &DensType [&Type "Integer"] 3 "Type of density (electron/spin ...). 0->Unknow, 1->Electronic, 2->Spin, 3->Trans/Electronic, 4->Tran/Spin"
   &DeriType [&Type "Integer"] 0 "Type of derivative (w.r.t. to what perturbation). 0->Unknown, 1->No Derivative, 2->Electric/Dipole, 3->Electric/Quad, 4->Magnetic/Dipole, 5->Magnetic/Quad"
   &DensLevel [&Type "Integer"] 0 "// Source of density: relaxed, unrelaxed, ... 0->Unknown, 1->Linearized, 2->Unrelaxed, 3->Relaxed"
   &Density_name [&Type "String"] "Tdens-CIS"
   &Representation [&Type "String"] "Velocity" "Possible values: Unknown,  Length, Velocity"
   &PointGroup [&Type "String"] "C1"
   &DoHigherMoments [&Type "Boolean"] false
   &NTrans [&Type "Integer"] 8
   &ExcitationEnergies [&Type "ArrayOfDoubles", &Dim (8,11)] 
                                                         0                           1                           2                           3                           4                           5                           6                           7

0                                      3.8777470579771989e+00         3.1276142544605827e+04         3.1973252410325426e+02         1.3067620463416514e-03         2.7932938613537761e-04        -1.6071931378086484e-03         0.0000000000000000e+00        -1.9078234044338329e-03
1                                      4.2886485610018479e+00         3.4590287017735944e+04         2.8909849735772832e+02         1.0309094226012949e-01         2.4371463295921353e-02        -1.5089457226776665e-01         0.0000000000000000e+00         3.9984402702597226e-02
2                                      4.5226579559895645e+00         3.6477700272129761e+04         2.7414008902420721e+02         1.8070555498312380e-02         4.5051150317624127e-03         5.0038744009599991e-02         0.0000000000000000e+00        -4.3471159249924007e-02
3                                      4.6021898891582680e+00         3.7119168640602977e+04         2.6940258540870047e+02         1.0131394923041454e-01         2.5702443675405414e-02        -1.4843717758476138e-01         0.0000000000000000e+00         5.2661495243296413e-02
4                                      4.7503007473367491e+00         3.8313763399759468e+04         2.6100281237480260e+02         7.4358204240334074e-03         1.9471106704564551e-03        -3.5626595070499048e-02         0.0000000000000000e+00         2.5780579453354588e-02
5                                      4.7738095573386783e+00         3.8503374759572587e+04         2.5971749391951238e+02         1.1386109989955553e-01         2.9962710766273954e-02        -1.6767285599798024e-01         0.0000000000000000e+00         4.2402256255915094e-02
6                                      4.9741219661046161e+00         4.0119003462617729e+04         2.4925843457995774e+02         1.3736316163307944e-02         3.7664078461333173e-03         5.6496911283669994e-02         0.0000000000000000e+00        -2.1224440542672911e-02
7                                      5.0371533596404037e+00         4.0627385989774833e+04         2.4613938988141686e+02         2.5163634972535623e-03         6.9871358566800715e-04         2.4073395351189176e-02         0.0000000000000000e+00        -1.0546259096459369e-02
                                                         8                           9                          10

0                                      0.0000000000000000e+00         1.6525934957231706e-02         0.0000000000000000e+00
1                                      0.0000000000000000e+00        -1.8811955149954146e-03         0.0000000000000000e+00
2                                      0.0000000000000000e+00        -1.0559234970956925e-02         0.0000000000000000e+00
3                                      0.0000000000000000e+00        -2.9926825839298354e-02         0.0000000000000000e+00
4                                      0.0000000000000000e+00        -3.6356728659794457e-03         0.0000000000000000e+00
5                                      0.0000000000000000e+00        -7.1114549961486303e-03         0.0000000000000000e+00
6                                      0.0000000000000000e+00         1.1136875019006984e-02         0.0000000000000000e+00
7                                      0.0000000000000000e+00         2.8216380001159897e-03         0.0000000000000000e+00
   &States [&Type "ArrayOfIntegers", &Dim (8,4)] "The initial and Final states. Col1: Initial State  Col2: Initial Irrep Col3: Final State Col4: Final Irrep"
                                                         0                           1                           2                           3

0                                                        0                           0                           1                           0
1                                                        0                           0                           2                           0
2                                                        0                           0                           3                           0
3                                                        0                           0                           4                           0
4                                                        0                           0                           5                           0
5                                                        0                           0                           6                           0
6                                                        0                           0                           7                           0
7                                                        0                           0                           8                           0
   &Multiplicities [&Type "ArrayOfDoubles", &Dim (8,2)] "Col1: Multiplicity of the initial state  Col2: Multiplicity of the final state"
                                                         0                           1

0                                      1.0000000000000000e+00         1.0000000000000000e+00
1                                      1.0000000000000000e+00         1.0000000000000000e+00
2                                      1.0000000000000000e+00         1.0000000000000000e+00
3                                      1.0000000000000000e+00         1.0000000000000000e+00
4                                      1.0000000000000000e+00         1.0000000000000000e+00
5                                      1.0000000000000000e+00         1.0000000000000000e+00
6                                      1.0000000000000000e+00         1.0000000000000000e+00
7                                      1.0000000000000000e+00         1.0000000000000000e+00
   &Temperature [&Type "Double"]       2.9814999999999998e+02
$End
$CIS_ECD_Spectrum
   &GeometryIndex 1
   &Method [&Type "Integer"] 20
   &RelCorrection [&Type "Integer"] 1 "Type of relativistic treatment in QDPT. 0->Unknow, 1->None, 2->SOC, 3->SSC, 4->SOC/SSC"
   &DensType [&Type "Integer"] 3 "Type of density (electron/spin ...). 0->Unknow, 1->Electronic, 2->Spin, 3->Trans/Electronic, 4->Tran/Spin"
   &DeriType [&Type "Integer"] 0 "Type of derivative (w.r.t. to what perturbation). 0->Unknown, 1->No Derivative, 2->Electric/Dipole, 3->Electric/Quad, 4->Magnetic/Dipole, 5->Magnetic/Quad"
   &DensLevel [&Type "Integer"] 0 "// Source of density: relaxed, unrelaxed, ... 0->Unknown, 1->Linearized, 2->Unrelaxed, 3->Relaxed"
   &Density_name [&Type "String"] "Tdens-CIS"
   &Representation [&Type "String"] "Length" "Possible values: Unknown,  Length, Velocity"
   &PointGroup [&Type "String"] "C1"
   &DoHigherMoments [&Type "Boolean"] false
   &NTrans [&Type "Integer"] 8
   &ExcitationEnergies [&Type "ArrayOfDoubles", &Dim (8,10)] 
                                                         0                           1                           2                           3                           4                           5                           6                           7

0                                      3.8777470579771989e+00         3.1276142544605827e+04         3.1973252410325426e+02        -4.9119916097702915e-01        -9.2994220773656683e-02         0.0000000000000000e+00        -6.4459613998398436e-03         0.0000000000000000e+00
1                                      4.2886485610018479e+00         3.4590287017735944e+04         2.8909849735772832e+02         3.0977359874910295e+01        -5.9465502509854100e-02         0.0000000000000000e+00        -5.2053481009032371e-02         0.0000000000000000e+00
2                                      4.5226579559895645e+00         3.6477700272129761e+04         2.7414008902420721e+02         8.4797562189163287e+00        -1.0336832760216507e-02         0.0000000000000000e+00        -2.8674118622830723e-02         0.0000000000000000e+00
3                                      4.6021898891582680e+00         3.7119168640602977e+04         2.6940258540870047e+02         1.0610988634915161e+02        -9.5981637259170319e-02         0.0000000000000000e+00         1.1623419065251617e-01         0.0000000000000000e+00
4                                      4.7503007473367491e+00         3.8313763399759468e+04         2.6100281237480260e+02        -6.9510925156856462e+00         3.1921597165266977e-02         0.0000000000000000e+00        -2.4915582640109801e-02         0.0000000000000000e+00
5                                      4.7738095573386783e+00         3.8503374759572587e+04         2.5971749391951238e+02        -4.3017896959997742e+01         5.6048201769985713e-02         0.0000000000000000e+00        -1.1510896506113757e-01         0.0000000000000000e+00
6                                      4.9741219661046161e+00         4.0119003462617729e+04         2.4925843457995774e+02         8.2630489862468295e+00        -3.2249194481926854e-02         0.0000000000000000e+00        -3.6269379698469356e-02         0.0000000000000000e+00
7                                      5.0371533596404037e+00         4.0627385989774833e+04         2.4613938988141686e+02         2.0038197713634787e-01         2.3548869963664694e-03         0.0000000000000000e+00         5.7913854830704643e-03         0.0000000000000000e+00
                                                         8                           9

0                                     -1.5978533194137213e-02         0.0000000000000000e+00
1                                     -1.4965872695537477e-01         0.0000000000000000e+00
2                                      1.3188049363972248e-01         0.0000000000000000e+00
3                                     -1.2450928765813456e-01         0.0000000000000000e+00
4                                      1.9021743647179980e-02         0.0000000000000000e+00
5                                     -4.0006998987232638e-02         0.0000000000000000e+00
6                                     -3.0362485298424297e-01         0.0000000000000000e+00
7                                     -2.7330107513372750e-02         0.0000000000000000e+00
   &States [&Type "ArrayOfIntegers", &Dim (8,4)] "The initial and Final states. Col1: Initial State  Col2: Initial Irrep Col3: Final State Col4: Final Irrep"
                                                         0                           1                           2                           3

0                                                        0                           0                           1                           0
1                                                        0                           0                           2                           0
2                                                        0                           0                           3                           0
3                                                        0                           0                           4                           0
4                                                        0                           0                           5                           0
5                                                        0                           0                           6                           0
6                                                        0                           0                           7                           0
7                                                        0                           0                           8                           0
   &Multiplicities [&Type "ArrayOfDoubles", &Dim (8,2)] "Col1: Multiplicity of the initial state  Col2: Multiplicity of the final state"
                                                         0                           1

0                                      1.0000000000000000e+00         1.0000000000000000e+00
1                                      1.0000000000000000e+00         1.0000000000000000e+00
2                                      1.0000000000000000e+00         1.0000000000000000e+00
3                                      1.0000000000000000e+00         1.0000000000000000e+00
4                                      1.0000000000000000e+00         1.0000000000000000e+00
5                                      1.0000000000000000e+00         1.0000000000000000e+00
6                                      1.0000000000000000e+00         1.0000000000000000e+00
7                                      1.0000000000000000e+00         1.0000000000000000e+00
   &Temperature [&Type "Double"]       2.9814999999999998e+02
$End
$CIS_ECD_Spectrum
   &GeometryIndex 1
   &Method [&Type "Integer"] 20
   &RelCorrection [&Type "Integer"] 1 "Type of relativistic treatment in QDPT. 0->Unknow, 1->None, 2->SOC, 3->SSC, 4->SOC/SSC"
   &DensType [&Type "Integer"] 3 "Type of density (electron/spin ...). 0->Unknow, 1->Electronic, 2->Spin, 3->Trans/Electronic, 4->Tran/Spin"
   &DeriType [&Type "Integer"] 0 "Type of derivative (w.r.t. to what perturbation). 0->Unknown, 1->No Derivative, 2->Electric/Dipole, 3->Electric/Quad, 4->Magnetic/Dipole, 5->Magnetic/Quad"
   &DensLevel [&Type "Integer"] 0 "// Source of density: relaxed, unrelaxed, ... 0->Unknown, 1->Linearized, 2->Unrelaxed, 3->Relaxed"
   &Density_name [&Type "String"] "Tdens-CIS"
   &Representation [&Type "String"] "Velocity" "Possible values: Unknown,  Length, Velocity"
   &PointGroup [&Type "String"] "C1"
   &DoHigherMoments [&Type "Boolean"] false
   &NTrans [&Type "Integer"] 8
   &ExcitationEnergies [&Type "ArrayOfDoubles", &Dim (8,10)] 
                                                         0                           1                           2                           3                           4                           5                           6                           7

0                                      3.8777470579771989e+00         3.1276142544605827e+04         3.1973252410325426e+02        -3.3845016906453929e-01        -9.2994220773656683e-02         0.0000000000000000e+00        -6.4459613998398436e-03         0.0000000000000000e+00
1                                      4.2886485610018479e+00         3.4590287017735944e+04         2.8909849735772832e+02         2.1457603049592763e+01        -5.9465502509854100e-02         0.0000000000000000e+00        -5.2053481009032371e-02         0.0000000000000000e+00
2                                      4.5226579559895645e+00         3.6477700272129761e+04         2.7414008902420721e+02        -1.8815008815016108e+00        -1.0336832760216507e-02         0.0000000000000000e+00        -2.8674118622830723e-02         0.0000000000000000e+00
3                                      4.6021898891582680e+00         3.7119168640602977e+04         2.6940258540870047e+02         6.7164501048952943e+01        -9.5981637259170319e-02         0.0000000000000000e+00         1.1623419065251617e-01         0.0000000000000000e+00
4                                      4.7503007473367491e+00         3.8313763399759468e+04         2.6100281237480260e+02        -4.9928044572993011e+00         3.1921597165266977e-02         0.0000000000000000e+00        -2.4915582640109801e-02         0.0000000000000000e+00
5                                      4.7738095573386783e+00         3.8503374759572587e+04         2.5971749391951238e+02        -3.7606918793599476e+01         5.6048201769985713e-02         0.0000000000000000e+00        -1.1510896506113757e-01         0.0000000000000000e+00
6                                      4.9741219661046161e+00         4.0119003462617729e+04         2.4925843457995774e+02        -1.1434793530537002e+01        -3.2249194481926854e-02         0.0000000000000000e+00        -3.6269379698469356e-02         0.0000000000000000e+00
7                                      5.0371533596404037e+00         4.0627385989774833e+04         2.4613938988141686e+02        -2.0757508116520784e-01         2.3548869963664694e-03         0.0000000000000000e+00         5.7913854830704643e-03         0.0000000000000000e+00
                                                         8                           9

0                                     -1.5978533194137213e-02         0.0000000000000000e+00
1                                     -1.4965872695537477e-01         0.0000000000000000e+00
2                                      1.3188049363972248e-01         0.0000000000000000e+00
3                                     -1.2450928765813456e-01         0.0000000000000000e+00
4                                      1.9021743647179980e-02         0.0000000000000000e+00
5                                     -4.0006998987232638e-02         0.0000000000000000e+00
6                                     -3.0362485298424297e-01         0.0000000000000000e+00
7                                     -2.7330107513372750e-02         0.0000000000000000e+00
   &States [&Type "ArrayOfIntegers", &Dim (8,4)] "The initial and Final states. Col1: Initial State  Col2: Initial Irrep Col3: Final State Col4: Final Irrep"
                                                         0                           1                           2                           3

0                                                        0                           0                           1                           0
1                                                        0                           0                           2                           0
2                                                        0                           0                           3                           0
3                                                        0                           0                           4                           0
4                                                        0                           0                           5                           0
5                                                        0                           0                           6                           0
6                                                        0                           0                           7                           0
7                                                        0                           0                           8                           0
   &Multiplicities [&Type "ArrayOfDoubles", &Dim (8,2)] "Col1: Multiplicity of the initial state  Col2: Multiplicity of the final state"
                                                         0                           1

0                                      1.0000000000000000e+00         1.0000000000000000e+00
1                                      1.0000000000000000e+00         1.0000000000000000e+00
2                                      1.0000000000000000e+00         1.0000000000000000e+00
3                                      1.0000000000000000e+00         1.0000000000000000e+00
4                                      1.0000000000000000e+00         1.0000000000000000e+00
5                                      1.0000000000000000e+00         1.0000000000000000e+00
6                                      1.0000000000000000e+00         1.0000000000000000e+00
7                                      1.0000000000000000e+00         1.0000000000000000e+00
   &Temperature [&Type "Double"]       2.9814999999999998e+02
$End
$CIS_Energies
   &GeometryIndex 1
   &e0 [&Type "Double"]      -1.1335452376531771e+03  "Ground state energy"
   &multP1 [&Type "Boolean"] false "Do the higher multiplicity too?"
   &mode [&Type "String"] "TDA" "CIS mode: CIS, RPA, TDA, TD-DFT, sTDA, sTD-DFT"
   &dCorr [&Type "Integer"] 0 "(D) Correction algorithm"
   &Method [&Type "String"] "TDA/CIS"
   &totalEnergy [&Type "ArrayOfDoubles", &Dim (8,1)] "Total energy of each state"
                                                         0

0                                     -1.1334027330623235e+03
1                                     -1.1333876327090270e+03
2                                     -1.1333790330214790e+03
3                                     -1.1333761102765382e+03
4                                     -1.1333706673023239e+03
5                                     -1.1333698033694009e+03
6                                     -1.1333624420233855e+03
7                                     -1.1333601256621550e+03
   &Mult [&Type "ArrayOfIntegers", &Dim (8,1)] "Multiplicity of each state"
                                                         0

0                                                        1
1                                                        1
2                                                        1
3                                                        1
4                                                        1
5                                                        1
6                                                        1
7                                                        1
   &RelCorr [&Type "String"] "None" "Relativistic correction (SOC and/or SSC)"
   &NBlocks [&Type "Integer"] 1 "Number of multiplicity blocks"
   &NRoots [&Type "ArrayOfIntegers", &Dim (1,1)] "Number of roots in each block"
                                                         0

0                                                        8
   &NTotalRoots [&Type "Integer"] 8 "Total number of roots"
   &Block [&Type "ArrayOfIntegers", &Dim (8,1)] "Block index of each state"
                                                         0

0                                                        0
1                                                        0
2                                                        0
3                                                        0
4                                                        0
5                                                        0
6                                                        0
7                                                        0
   &Root [&Type "ArrayOfIntegers", &Dim (8,1)] "Root index within the block"
                                                         0

0                                                        0
1                                                        1
2                                                        2
3                                                        3
4                                                        4
5                                                        5
6                                                        6
7                                                        7
$End
$Single_Point_Data
   &GeometryIndex 1
   &FinalEnergy [&Type "Double"]      -1.1334027330623235e+03  "Final single point energy"
   &Converged [&Type "Boolean"] true
$End
$Calculation_Info
   &GeometryIndex 1
   &Mult [&Type "Integer"] 1
   &Charge [&Type "Integer"] 0
   &NumOfAtoms [&Type "Integer"] 38
   &NumOfElectrons [&Type "Integer"] 170
   &NumOfBasisFuncts [&Type "Integer"] 364
   &NumOfAuxCBasisFuncts [&Type "Integer"] 0
   &NumOfAuxJBasisFuncts [&Type "Integer"] 1330
   &NumOfAuxJKBasisFuncts [&Type "Integer"] 0
   &NumOfCABSBasisFuncts [&Type "Integer"] 0
$End
$SCF_Dipole_Moment
   &GeometryIndex 1
   &dipoleMagnitude [&Type "Double", &Units "a.u."]       1.4416452460925131e+00
   &dipoleElecContrib [&Type "ArrayOfDoubles", &Dim (3,1)] "Electronic contribution"
                                                         0

0                                     -2.8558359089320398e+01
1                                      3.1192337890535971e+00
2                                     -2.7445979926280342e+00
   &dipoleNucContrib [&Type "ArrayOfDoubles", &Dim (3,1)] "Nuclear contribution"
                                                         0

0                                      2.8304953606110111e+01
1                                     -4.0855579280718883e+00
2                                      1.7052018530303052e+00
   &dipoleTotal [&Type "ArrayOfDoubles", &Dim (3,1)] "Total"
                                                         0

0                                     -2.5340548321028677e-01
1                                     -9.6632413901829128e-01
2                                     -1.0393961395977289e+00
   &doAtomicDipole [&Type "Boolean"] false
   &Method [&Type "String"] "SCF"
   &Level [&Type "String"] "Relaxed density"
   &Mult [&Type "Integer"] 1
   &State [&Type "Integer"] -1
   &Irrep [&Type "Integer"] 0
$End
$Calculation_Timings
   &GeometryIndex 1
   &GTOINT [&Type "Double"]       3.6829399999999999e+00
   &SCF [&Type "Double"]       4.6324472000000000e+01
   &CIS [&Type "Double"]       3.6979443000000003e+01
   &PROPINT [&Type "Double"]       1.7964849999999970e+00
   &PROP [&Type "Double"]       1.5208180000000056e+00
   &SUM [&Type "Double"]       9.0304158000000015e+01
$End
