*************************************************
******************* ORCA 6.1.1 ******************
*************************************************
$Calculation_Status
   &GeometryIndex 1
   &version [&Type "String"] "6.1.1"
   &progName [&Type "String"] "ProgCIS"
   &Status [&Type "String"] "NORMAL TERMINATION"
$End
$Geometry
   &GeometryIndex 1
   &NAtoms [&Type "Integer"] 46
   &NCorelessECP [&Type "Integer"] 0
   &NGhostAtoms [&Type "Integer"] 0
   &CartesianCoordinates [&Type "Coordinates", &Dim(46,4), &Units "Bohr"] 
              O      4.331526309237   -5.041167605404   -6.442044265193
              C      6.043332837923   -3.962515707614   -5.190796120688
              N      8.534505887940   -3.533175599165   -6.113390654886
              C      9.627394982423   -2.369136426014   -4.257165585867
              C      8.061069020156   -1.989446982008   -2.173927716380
              C      5.794357640327   -2.966331458308   -2.639032781639
              C      3.464151462398   -2.924521267595   -1.021088950025
              N      2.385484446799   -0.378578285039   -0.916407570836
              C      0.234429975544    0.266404141730    0.619312386965
              C     -0.602401227793    2.783186760313    0.688706910055
              C     -2.686461128148    3.465623559056    2.160238540266
              C     -3.962243587051    1.643489149493    3.589961869490
              C     -3.144453264239   -0.873595825272    3.528345459167
              C     -1.061750187248   -1.561441020210    2.055797156296
              S     -6.619952532071    2.526172667743    5.386450805689
              O     -5.896478440604    4.653849336995    7.122527087114
              O     -7.548907884437    0.347601894252    6.955165381789
              N     -9.013659177279    3.516797342763    3.384495726401
              C    -10.006727268189    1.913755891440    1.440919956567
              C    -11.883119494510    2.815588004605   -0.196826315205
              C    -12.823708000955    1.232549304410   -2.087835573171
              C    -11.891791447738   -1.223431375814   -2.328605579894
              C    -10.024090071908   -2.062509463524   -0.664000630580
              N     -9.133004831266   -0.493379147675    1.165114427321
              C      9.004042360983   -0.712819815524   -0.065828609875
              S      7.631141206880    0.067827940125    2.688509591277
              C     10.277662973188    1.482408893837    3.793611985764
              N     12.196218769009    1.374065225401    2.099687935483
              C     11.487017779031    0.154872505306   -0.044111877144
              C     13.082248992242   -0.234445093353   -2.132903651739
              C     12.140237522017   -1.513880392872   -4.273630769672
              H      3.959658441699   -3.575291925512    0.911050197246
              H      2.043553620675   -4.248843231973   -1.817198444901
              H      3.231259723927    1.057779872641   -1.980928096597
              H      0.361376108042    4.220752452993   -0.402895280930
              H     -3.311285846246    5.414072932589    2.179406032442
              H     -4.122067174827   -2.310641843265    4.606156428827
              H     -0.484744988969   -3.521470635492    2.043039615166
              H     -9.706000030690    5.353350362728    3.595840807492
              H    -12.603513332379    4.721698064108   -0.011721971209
              H    -14.271204204469    1.909148739126   -3.364672499256
              H    -12.608653387463   -2.463163529260   -3.788774286861
              H     -9.281654468413   -3.960590076683   -0.825298204741
              H     10.448352486235    2.373919322859    5.624363546498
              H     15.011428828387    0.445364986064   -2.106695039987
              H     13.337428160736   -1.819904532725   -5.904158287612
$End
$SCF_Mulliken_Population_Analysis
   &GeometryIndex 1
   &NAtoms [&Type "Integer"] 46
   &ATNO [&Type "ArrayOfIntegers", &Dim (46,1)] 
                                                         0

0                                                        8
1                                                        6
2                                                        7
3                                                        6
4                                                        6
5                                                        6
6                                                        6
7                                                        7
8                                                        6
9                                                        6
10                                                       6
11                                                       6
12                                                       6
13                                                       6
14                                                      16
15                                                       8
16                                                       8
17                                                       7
18                                                       6
19                                                       6
20                                                       6
21                                                       6
22                                                       6
23                                                       7
24                                                       6
25                                                      16
26                                                       6
27                                                       7
28                                                       6
29                                                       6
30                                                       6
31                                                       1
32                                                       1
33                                                       1
34                                                       1
35                                                       1
36                                                       1
37                                                       1
38                                                       1
39                                                       1
40                                                       1
41                                                       1
42                                                       1
43                                                       1
44                                                       1
45                                                       1
   &AtomicCharges [&Type "ArrayOfDoubles", &Dim (46,1)] 
                                                         0

0                                     -4.0477531710047288e-01
1                                      4.2823015414815124e-01
2                                     -4.6099104116125567e-01
3                                      2.5724311389298560e-01
4                                      1.3087018512500492e-01
5                                     -2.3262548478886202e-02
6                                     -1.7429147936225498e-01
7                                     -6.7556258552718784e-01
8                                      3.5623513731046863e-01
9                                     -1.9587538532523308e-01
10                                    -1.4628598320143560e-01
11                                    -1.6007447663755858e-01
12                                    -1.2906678256351078e-01
13                                    -2.0308339163737443e-01
14                                     1.2029834002452819e+00
15                                    -5.6984538334788049e-01
16                                    -5.6729144010071408e-01
17                                    -7.9444013985728201e-01
18                                     4.6156190578509992e-01
19                                    -1.9258835730860291e-01
20                                    -1.0959436666072797e-01
21                                    -1.6635904147054248e-01
22                                     6.7729959422653252e-03
23                                    -4.3269906312733397e-01
24                                    -2.3224212868339755e-01
25                                     3.1701672355275257e-01
26                                    -1.5849582069362356e-01
27                                    -3.7971603719124492e-01
28                                     2.2615625487500957e-01
29                                    -1.2764289822476371e-01
30                                    -2.0167717514148809e-01
31                                     1.8102046685997975e-01
32                                     1.8920578718328196e-01
33                                     3.5448443116576822e-01
34                                     1.6095271868163374e-01
35                                     1.8464574373275755e-01
36                                     1.9674291393436860e-01
37                                     1.7039249983753124e-01
38                                     4.0462486499362538e-01
39                                     1.6117804433813621e-01
40                                     1.7108101553171196e-01
41                                     1.5808289485320604e-01
42                                     1.7592733727593279e-01
43                                     2.3327093111901087e-01
44                                     1.9454715791463495e-01
45                                     1.8263416450408509e-01
   &Method [&Type "String"] "SCF"
   &Level [&Type "String"] "Relaxed density"
   &Mult [&Type "Integer"] 1
   &State [&Type "Integer"] -1
   &Irrep [&Type "Integer"] 0
$End
$SCF_Loewdin_Population_Analysis
   &GeometryIndex 1
   &NAtoms [&Type "Integer"] 46
   &ATNO [&Type "ArrayOfIntegers", &Dim (46,1)] 
                                                         0

0                                                        8
1                                                        6
2                                                        7
3                                                        6
4                                                        6
5                                                        6
6                                                        6
7                                                        7
8                                                        6
9                                                        6
10                                                       6
11                                                       6
12                                                       6
13                                                       6
14                                                      16
15                                                       8
16                                                       8
17                                                       7
18                                                       6
19                                                       6
20                                                       6
21                                                       6
22                                                       6
23                                                       7
24                                                       6
25                                                      16
26                                                       6
27                                                       7
28                                                       6
29                                                       6
30                                                       6
31                                                       1
32                                                       1
33                                                       1
34                                                       1
35                                                       1
36                                                       1
37                                                       1
38                                                       1
39                                                       1
40                                                       1
41                                                       1
42                                                       1
43                                                       1
44                                                       1
45                                                       1
   &AtomicCharges [&Type "ArrayOfDoubles", &Dim (46,1)] 
                                                         0

0                                     -1.8599228322273653e-01
1                                      1.5256014945368701e-01
2                                     -2.0071690979875356e-01
3                                      6.0579389530096783e-02
4                                     -1.7768737773367960e-02
5                                     -2.9848747173580215e-02
6                                     -1.5321176769544387e-01
7                                     -2.5729915966517147e-01
8                                      6.9141132722917220e-02
9                                     -1.6492334108735118e-01
10                                    -9.4571009960767505e-02
11                                    -2.2491213450306180e-01
12                                    -7.8428649544146189e-02
13                                    -1.7716022207961224e-01
14                                     1.2803366679778652e+00
15                                    -6.0763284984375510e-01
16                                    -6.0316159298731264e-01
17                                    -4.1727428937186950e-01
18                                     7.6317556504125861e-02
19                                    -1.6928075143567245e-01
20                                    -9.3547151866202327e-02
21                                    -1.6819296577807652e-01
22                                    -5.8883005637200725e-02
23                                    -1.7124432682809143e-01
24                                    -1.9455232363965980e-01
25                                     4.4354757203343631e-01
26                                    -2.1326970032334547e-01
27                                    -1.5455467771387710e-01
28                                    -2.7075963137125569e-02
29                                    -5.8230024331660246e-02
30                                    -1.4081328526508585e-01
31                                     1.4118353809236694e-01
32                                     1.4590708546024256e-01
33                                     2.6752135491741669e-01
34                                     1.4731559136173777e-01
35                                     1.5779024240385320e-01
36                                     1.6604046444628895e-01
37                                     1.5080206693891274e-01
38                                     3.0272756529076128e-01
39                                     1.4654509407848493e-01
40                                     1.5081001568228936e-01
41                                     1.4550851948277876e-01
42                                     1.4746913449029708e-01
43                                     1.8060893343625284e-01
44                                     1.6753746133937519e-01
45                                     1.6229633501967811e-01
   &Method [&Type "String"] "SCF"
   &Level [&Type "String"] "Relaxed density"
   &Mult [&Type "Integer"] 1
   &State [&Type "Integer"] -1
   &Irrep [&Type "Integer"] 0
$End
$SCF_Mayer_Population_Analysis
   &GeometryIndex 1
   &NAtoms [&Type "Integer"] 46 "Total number of atoms"
   &NBondOrdersPrint [&Type "Integer"] 52 "The number of bond orders larger than threshold"
   &bondThresh [&Type "Double"]       1.0000000000000001e-01  "The threshold for printing"
   &components [&Type "ArrayOfIntegers", &Dim (52,4)] "The indices and atomic numbers of the bonding atoms"
                                                         0                           1                           2                           3

0                                                        0                           8                           1                           6
1                                                        1                           6                           2                           7
2                                                        1                           6                           5                           6
3                                                        2                           7                           3                           6
4                                                        3                           6                           4                           6
5                                                        3                           6                          30                           6
6                                                        4                           6                           5                           6
7                                                        4                           6                          24                           6
8                                                        5                           6                           6                           6
9                                                        6                           6                           7                           7
10                                                       6                           6                          31                           1
11                                                       6                           6                          32                           1
12                                                       7                           7                           8                           6
13                                                       7                           7                          33                           1
14                                                       8                           6                           9                           6
15                                                       8                           6                          13                           6
16                                                       9                           6                          10                           6
17                                                       9                           6                          34                           1
18                                                      10                           6                          11                           6
19                                                      10                           6                          35                           1
20                                                      11                           6                          12                           6
21                                                      11                           6                          14                          16
22                                                      12                           6                          13                           6
23                                                      12                           6                          36                           1
24                                                      13                           6                          37                           1
25                                                      14                          16                          15                           8
26                                                      14                          16                          16                           8
27                                                      14                          16                          17                           7
28                                                      17                           7                          18                           6
29                                                      17                           7                          38                           1
30                                                      18                           6                          19                           6
31                                                      18                           6                          23                           7
32                                                      19                           6                          20                           6
33                                                      19                           6                          22                           6
34                                                      19                           6                          39                           1
35                                                      20                           6                          21                           6
36                                                      20                           6                          40                           1
37                                                      21                           6                          22                           6
38                                                      21                           6                          41                           1
39                                                      22                           6                          23                           7
40                                                      22                           6                          42                           1
41                                                      24                           6                          25                          16
42                                                      24                           6                          26                           6
43                                                      24                           6                          28                           6
44                                                      25                          16                          26                           6
45                                                      26                           6                          27                           7
46                                                      26                           6                          43                           1
47                                                      27                           7                          28                           6
48                                                      28                           6                          29                           6
49                                                      29                           6                          30                           6
50                                                      29                           6                          44                           1
51                                                      30                           6                          45                           1
   &BondOrders [&Type "ArrayOfDoubles", &Dim (52,1)] "The bond orders"
                                                         0

0                                      1.8880426711624674e+00
1                                      1.0917240356412115e+00
2                                      9.2430319168625463e-01
3                                      1.6198422765159102e+00
4                                      1.0735373747069523e+00
5                                      1.1788307047492932e+00
6                                      1.6645660446212607e+00
7                                      1.0699833263670429e+00
8                                      1.0067423777850093e+00
9                                      9.2747041660728080e-01
10                                     9.0406992042809042e-01
11                                     9.0851003984013734e-01
12                                     1.0080590854790168e+00
13                                     8.2006817434491275e-01
14                                     1.3580827163174374e+00
15                                     1.3709583087018731e+00
16                                     1.4927039923076386e+00
17                                     9.2391966461338393e-01
18                                     1.3599629944624589e+00
19                                     9.1623977888194896e-01
20                                     1.3920213323811077e+00
21                                     8.4750295802174502e-01
22                                     1.4573952919673463e+00
23                                     9.0977698247152206e-01
24                                     9.1733542674202451e-01
25                                     1.6712545544041193e+00
26                                     1.6592267817378441e+00
27                                     8.2223625305016390e-01
28                                     9.2662800532019018e-01
29                                     7.8750359914410384e-01
30                                     1.3797311598973347e+00
31                                     1.4092349612637625e+00
32                                     1.4759244609681081e+00
33                                     1.0021466439168605e-01
34                                     9.2078066883906684e-01
35                                     1.4355578761597412e+00
36                                     9.2801876475383882e-01
37                                     1.4400445017616521e+00
38                                     9.2863030936007274e-01
39                                     1.4165946803913905e+00
40                                     9.2918921565143653e-01
41                                     1.1246693464259312e+00
42                                     1.0761378476935177e-01
43                                     1.3814927954684815e+00
44                                     1.1820847987742289e+00
45                                     1.5667776508898656e+00
46                                     9.0371493333638275e-01
47                                     1.2843201092448071e+00
48                                     1.1456863312954302e+00
49                                     1.6600693082393767e+00
50                                     9.1492438450657310e-01
51                                     9.1588247472444984e-01
   &ATNO [&Type "ArrayOfIntegers", &Dim (46,1)] "Atomic number of the elements"
                                                         0

0                                                        8
1                                                        6
2                                                        7
3                                                        6
4                                                        6
5                                                        6
6                                                        6
7                                                        7
8                                                        6
9                                                        6
10                                                       6
11                                                       6
12                                                       6
13                                                       6
14                                                      16
15                                                       8
16                                                       8
17                                                       7
18                                                       6
19                                                       6
20                                                       6
21                                                       6
22                                                       6
23                                                       7
24                                                       6
25                                                      16
26                                                       6
27                                                       7
28                                                       6
29                                                       6
30                                                       6
31                                                       1
32                                                       1
33                                                       1
34                                                       1
35                                                       1
36                                                       1
37                                                       1
38                                                       1
39                                                       1
40                                                       1
41                                                       1
42                                                       1
43                                                       1
44                                                       1
45                                                       1
   &NA [&Type "ArrayOfDoubles", &Dim (46,1)] "Mulliken gross atomic population"
                                                         0

0                                      8.4047753171004729e+00
1                                      5.5717698458518479e+00
2                                      7.4609910411612548e+00
3                                      5.7427568861070171e+00
4                                      5.8691298148749951e+00
5                                      6.0232625484788915e+00
6                                      6.1742914793622541e+00
7                                      7.6755625855271834e+00
8                                      5.6437648626895287e+00
9                                      6.1958753853252322e+00
10                                     6.1462859832014356e+00
11                                     6.1600744766375533e+00
12                                     6.1290667825635099e+00
13                                     6.2030833916373753e+00
14                                     1.4797016599754718e+01
15                                     8.5698453833478769e+00
16                                     8.5672914401007141e+00
17                                     7.7944401398572847e+00
18                                     5.5384380942148983e+00
19                                     6.1925883573086029e+00
20                                     6.1095943666607262e+00
21                                     6.1663590414705425e+00
22                                     5.9932270040577365e+00
23                                     7.4326990631273375e+00
24                                     6.2322421286834020e+00
25                                     1.5682983276447246e+01
26                                     6.1584958206936236e+00
27                                     7.3797160371912423e+00
28                                     5.7738437451249913e+00
29                                     6.1276428982247619e+00
30                                     6.2016771751414845e+00
31                                     8.1897953314002003e-01
32                                     8.1079421281671815e-01
33                                     6.4551556883423178e-01
34                                     8.3904728131836670e-01
35                                     8.1535425626724245e-01
36                                     8.0325708606563140e-01
37                                     8.2960750016246898e-01
38                                     5.9537513500637462e-01
39                                     8.3882195566186391e-01
40                                     8.2891898446828804e-01
41                                     8.4191710514679396e-01
42                                     8.2407266272406698e-01
43                                     7.6672906888098924e-01
44                                     8.0545284208536505e-01
45                                     8.1736583549591491e-01
   &ZA [&Type "ArrayOfDoubles", &Dim (46,1)] "Total nuclear charge"
                                                         0

0                                      8.0000000000000000e+00
1                                      6.0000000000000000e+00
2                                      7.0000000000000000e+00
3                                      6.0000000000000000e+00
4                                      6.0000000000000000e+00
5                                      6.0000000000000000e+00
6                                      6.0000000000000000e+00
7                                      7.0000000000000000e+00
8                                      6.0000000000000000e+00
9                                      6.0000000000000000e+00
10                                     6.0000000000000000e+00
11                                     6.0000000000000000e+00
12                                     6.0000000000000000e+00
13                                     6.0000000000000000e+00
14                                     1.6000000000000000e+01
15                                     8.0000000000000000e+00
16                                     8.0000000000000000e+00
17                                     7.0000000000000000e+00
18                                     6.0000000000000000e+00
19                                     6.0000000000000000e+00
20                                     6.0000000000000000e+00
21                                     6.0000000000000000e+00
22                                     6.0000000000000000e+00
23                                     7.0000000000000000e+00
24                                     6.0000000000000000e+00
25                                     1.6000000000000000e+01
26                                     6.0000000000000000e+00
27                                     7.0000000000000000e+00
28                                     6.0000000000000000e+00
29                                     6.0000000000000000e+00
30                                     6.0000000000000000e+00
31                                     1.0000000000000000e+00
32                                     1.0000000000000000e+00
33                                     1.0000000000000000e+00
34                                     1.0000000000000000e+00
35                                     1.0000000000000000e+00
36                                     1.0000000000000000e+00
37                                     1.0000000000000000e+00
38                                     1.0000000000000000e+00
39                                     1.0000000000000000e+00
40                                     1.0000000000000000e+00
41                                     1.0000000000000000e+00
42                                     1.0000000000000000e+00
43                                     1.0000000000000000e+00
44                                     1.0000000000000000e+00
45                                     1.0000000000000000e+00
   &QA [&Type "ArrayOfDoubles", &Dim (46,1)] "Mulliken gross atomic charge"
                                                         0

0                                     -4.0477531710047288e-01
1                                      4.2823015414815213e-01
2                                     -4.6099104116125478e-01
3                                      2.5724311389298293e-01
4                                      1.3087018512500492e-01
5                                     -2.3262548478891532e-02
6                                     -1.7429147936225409e-01
7                                     -6.7556258552718340e-01
8                                      3.5623513731047129e-01
9                                     -1.9587538532523219e-01
10                                    -1.4628598320143560e-01
11                                    -1.6007447663755325e-01
12                                    -1.2906678256350990e-01
13                                    -2.0308339163737532e-01
14                                     1.2029834002452819e+00
15                                    -5.6984538334787693e-01
16                                    -5.6729144010071408e-01
17                                    -7.9444013985728468e-01
18                                     4.6156190578510170e-01
19                                    -1.9258835730860291e-01
20                                    -1.0959436666072619e-01
21                                    -1.6635904147054248e-01
22                                     6.7729959422635488e-03
23                                    -4.3269906312733752e-01
24                                    -2.3224212868340199e-01
25                                     3.1701672355275434e-01
26                                    -1.5849582069362356e-01
27                                    -3.7971603719124225e-01
28                                     2.2615625487500868e-01
29                                    -1.2764289822476194e-01
30                                    -2.0167717514148453e-01
31                                     1.8102046685997997e-01
32                                     1.8920578718328185e-01
33                                     3.5448443116576822e-01
34                                     1.6095271868163330e-01
35                                     1.8464574373275755e-01
36                                     1.9674291393436860e-01
37                                     1.7039249983753102e-01
38                                     4.0462486499362538e-01
39                                     1.6117804433813609e-01
40                                     1.7108101553171196e-01
41                                     1.5808289485320604e-01
42                                     1.7592733727593302e-01
43                                     2.3327093111901076e-01
44                                     1.9454715791463495e-01
45                                     1.8263416450408509e-01
   &VA [&Type "ArrayOfDoubles", &Dim (46,1)] "Mayer's total valence"
                                                         0

0                                      2.0885038189043823e+00
1                                      3.9936106522647847e+00
2                                      2.9371538459493314e+00
3                                      4.0026280587667280e+00
4                                      4.0161823859768937e+00
5                                      3.7890013637937838e+00
6                                      3.7893689664457879e+00
7                                      2.9014959689486952e+00
8                                      3.8955944071855515e+00
9                                      3.9056273285927023e+00
10                                     3.9693233721814769e+00
11                                     3.8000767813999650e+00
12                                     3.9707726291980663e+00
13                                     3.8884047445728669e+00
14                                     5.1870960050736823e+00
15                                     1.8591346417815022e+00
16                                     1.8677168596481737e+00
17                                     2.7331889766974014e+00
18                                     3.8852178373263264e+00
19                                     3.9148985125072593e+00
20                                     3.9554255533627205e+00
21                                     3.9181850124707274e+00
22                                     3.9281972124550992e+00
23                                     3.0146777578443018e+00
24                                     3.7299337803300294e+00
25                                     2.5199982001647330e+00
26                                     3.8373140843592228e+00
27                                     3.0048869255891661e+00
28                                     4.0187497222350448e+00
29                                     3.8496976044857276e+00
30                                     3.8702999917538707e+00
31                                     9.1865563230737490e-01
32                                     9.2790790819910607e-01
33                                     8.5143544895687917e-01
34                                     9.3504085317945895e-01
35                                     9.3174842101381994e-01
36                                     9.3629013506953651e-01
37                                     9.3404728370250223e-01
38                                     8.2119710346689112e-01
39                                     9.3362159299767122e-01
40                                     9.3061745384621264e-01
41                                     9.3647251054913738e-01
42                                     9.2894540385069302e-01
43                                     9.1529684224104724e-01
44                                     9.2975776709736979e-01
45                                     9.3587355661217331e-01
   &BVA [&Type "ArrayOfDoubles", &Dim (46,1)] "Mayer's bonded valence"
                                                         0

0                                      2.0885038189043641e+00
1                                      3.9936106522648149e+00
2                                      2.9371538459492141e+00
3                                      4.0026280587666676e+00
4                                      4.0161823859768493e+00
5                                      3.7890013637938096e+00
6                                      3.7893689664457875e+00
7                                      2.9014959689487370e+00
8                                      3.8955944071855977e+00
9                                      3.9056273285927343e+00
10                                     3.9693233721815058e+00
11                                     3.8000767813999659e+00
12                                     3.9707726291980969e+00
13                                     3.8884047445729442e+00
14                                     5.1870960050737267e+00
15                                     1.8591346417815213e+00
16                                     1.8677168596481248e+00
17                                     2.7331889766974609e+00
18                                     3.8852178373263451e+00
19                                     3.9148985125072580e+00
20                                     3.9554255533627245e+00
21                                     3.9181850124707180e+00
22                                     3.9281972124550943e+00
23                                     3.0146777578443151e+00
24                                     3.7299337803300299e+00
25                                     2.5199982001648280e+00
26                                     3.8373140843592521e+00
27                                     3.0048869255891795e+00
28                                     4.0187497222350412e+00
29                                     3.8496976044856974e+00
30                                     3.8702999917537841e+00
31                                     9.1865563230736891e-01
32                                     9.2790790819910507e-01
33                                     8.5143544895688705e-01
34                                     9.3504085317945873e-01
35                                     9.3174842101381716e-01
36                                     9.3629013506954573e-01
37                                     9.3404728370251944e-01
38                                     8.2119710346689201e-01
39                                     9.3362159299767256e-01
40                                     9.3061745384621286e-01
41                                     9.3647251054913627e-01
42                                     9.2894540385068425e-01
43                                     9.1529684224105179e-01
44                                     9.2975776709735747e-01
45                                     9.3587355661215810e-01
   &FA [&Type "ArrayOfDoubles", &Dim (46,1)] "Mayer's free valence"
                                                         0

0                                      0.0000000000000000e+00
1                                      0.0000000000000000e+00
2                                      0.0000000000000000e+00
3                                      0.0000000000000000e+00
4                                      0.0000000000000000e+00
5                                      0.0000000000000000e+00
6                                      0.0000000000000000e+00
7                                      0.0000000000000000e+00
8                                      0.0000000000000000e+00
9                                      0.0000000000000000e+00
10                                     0.0000000000000000e+00
11                                     0.0000000000000000e+00
12                                     0.0000000000000000e+00
13                                     0.0000000000000000e+00
14                                     0.0000000000000000e+00
15                                     0.0000000000000000e+00
16                                     0.0000000000000000e+00
17                                     0.0000000000000000e+00
18                                     0.0000000000000000e+00
19                                     0.0000000000000000e+00
20                                     0.0000000000000000e+00
21                                     0.0000000000000000e+00
22                                     0.0000000000000000e+00
23                                     0.0000000000000000e+00
24                                     0.0000000000000000e+00
25                                     0.0000000000000000e+00
26                                     0.0000000000000000e+00
27                                     0.0000000000000000e+00
28                                     0.0000000000000000e+00
29                                     0.0000000000000000e+00
30                                     0.0000000000000000e+00
31                                     0.0000000000000000e+00
32                                     0.0000000000000000e+00
33                                     0.0000000000000000e+00
34                                     0.0000000000000000e+00
35                                     0.0000000000000000e+00
36                                     0.0000000000000000e+00
37                                     0.0000000000000000e+00
38                                     0.0000000000000000e+00
39                                     0.0000000000000000e+00
40                                     0.0000000000000000e+00
41                                     0.0000000000000000e+00
42                                     0.0000000000000000e+00
43                                     0.0000000000000000e+00
44                                     0.0000000000000000e+00
45                                     0.0000000000000000e+00
   &Method [&Type "String"] "SCF"
   &Level [&Type "String"] "Relaxed density"
   &Mult [&Type "Integer"] 1
   &State [&Type "Integer"] -1
   &Irrep [&Type "Integer"] 0
$End
$SCF_Energy
   &GeometryIndex 1
   &Method [&Type "String"] "SCF"
   &totalEnergy [&Type "ArrayOfDoubles", &Dim (1,1)] "Total energy of each state"
                                                         0

0                                     -2.1042418477910801e+03
   &Mult [&Type "ArrayOfIntegers", &Dim (1,1)] "Multiplicity of each state"
                                                         0

0                                                        1
$End
$DFT_Energy
   &GeometryIndex 1
   &nAlphaEl [&Type "Integer"] 116
   &nBetaEl [&Type "Integer"] 116
   &nTotalEl [&Type "Integer"] 231
   &finalEn [&Type "Double"]      -2.1042418477910801e+03  "No Van der Waals correction"
   &eExchange [&Type "Double"]       0.0000000000000000e+00
   &eCorr [&Type "Double"]       0.0000000000000000e+00
   &eXC [&Type "Double"]      -1.7038129314422434e+02
   &eCNL [&Type "Double"]       0.0000000000000000e+00
$End
$Solvation_Details
   &GeometryIndex 1
   &Solvent [&Type "String"] "TOLUENE"
   &Epsilon [&Type "Double"]       2.3870000000000000e+00
   &Refrac [&Type "Double"]       1.4961000000000000e+00
   &RSolv [&Type "Double"]       1.3000000000000000e+00
   &SurfaceType [&Type "String"] "GAUSSIAN VDW"
   &CPCMDielEnergy [&Type "Double"]      -3.0445249000000001e-02
   &NPoints [&Type "Integer"] 4271
   &SurfaceArea [&Type "Double"]       1.6200430224150000e+03
$End
$SCF_Timings
   &GeometryIndex 1
   &TOTAL [&Type "Double"]       4.3269831000000003e+01
   &PREP [&Type "Double"]       1.2640439999999999e+00
   &FOCK [&Type "Double"]       3.9973972999999994e+01
   &DENS [&Type "Double"]       2.1838999999999942e-02
   &ETOT [&Type "Double"]       1.3950999999995162e-02
   &POP [&Type "Double"]       8.5079000000000349e-02
   &TRAFO [&Type "Double"]       7.1888000000001284e-02
   &DIIS [&Type "Double"]       8.4592000000000667e-02
   &SOSCF [&Type "Double"]       1.2667500000000054e-01
   &XC [&Type "Double"]       1.2302710000000019e+00
   &FOCKSTART [&Type "Double"]       9.1410000000011760e-03
   &SOLV [&Type "Double"]       2.4611610000000024e+00
   &SOLV_INIT [&Type "Double"]       5.8608700000000002e-01
   &SOLV_FINAL [&Type "Double"]       1.0000000045806701e-06
   &INT_PREP [&Type "Double"]       2.0000000002795559e-06
   &INT_BF [&Type "Double"]       3.0168200000007594e-01
   &INT_DENS [&Type "Double"]       3.0739500000008668e-01
   &INT_DENSIO [&Type "Double"]       2.7076720762000052e+04
   &INT_FUNC [&Type "Double"]       1.0497400000003942e-01
   &INT_POT [&Type "Double"]       3.6243599999988874e-01
   &INT_POTIO [&Type "Double"]       7.2160000000405233e-03
   &INT_SUM [&Type "Double"]       2.0700000000140051e-04
   &SPLITRIJ [&Type "Double"]       1.3989960000000001e+00
   &COSX [&Type "Double"]       3.7705424000000001e+01
   &FROZCORE [&Type "Double"]       1.4675000000003990e-02
$End
$CIS_Absorption_Spectrum
   &GeometryIndex 1
   &Method [&Type "Integer"] 20
   &RelCorrection [&Type "Integer"] 1 "Type of relativistic treatment in QDPT. 0->Unknow, 1->None, 2->SOC, 3->SSC, 4->SOC/SSC"
   &DensType [&Type "Integer"] 3 "Type of density (electron/spin ...). 0->Unknow, 1->Electronic, 2->Spin, 3->Trans/Electronic, 4->Tran/Spin"
   &DeriType [&Type "Integer"] 0 "Type of derivative (w.r.t. to what perturbation). 0->Unknown, 1->No Derivative, 2->Electric/Dipole, 3->Electric/Quad, 4->Magnetic/Dipole, 5->Magnetic/Quad"
   &DensLevel [&Type "Integer"] 0 "// Source of density: relaxed, unrelaxed, ... 0->Unknown, 1->Linearized, 2->Unrelaxed, 3->Relaxed"
   &Density_name [&Type "String"] "Tdens-CIS"
   &Representation [&Type "String"] "Length" "Possible values: Unknown,  Length, Velocity"
   &PointGroup [&Type "String"] "C1"
   &DoHigherMoments [&Type "Boolean"] false
   &NTrans [&Type "Integer"] 8
   &ExcitationEnergies [&Type "ArrayOfDoubles", &Dim (8,11)] 
                                                         0                           1                           2                           3                           4                           5                           6                           7

0                                      1.7315519370583450e+00         1.3965909688569371e+04         7.1602926146548577e+02         3.3553564456220375e-02         7.9094269768709236e-01         5.8896275862371239e-01         0.0000000000000000e+00        -1.5468381251955676e-01
1                                      2.2670644950646559e+00         1.8285110205832803e+04         5.4689306695073014e+02         6.6555085770813162e-04         1.1982825985357538e-02        -8.9774211001874937e-02         0.0000000000000000e+00         1.3283472540082180e-02
2                                      2.3751856541451262e+00         1.9157166256144861e+04         5.2199787099474565e+02         3.5332271851947270e-04         6.0717779728827470e-03        -1.4710528640954658e-02         0.0000000000000000e+00         3.2540273693255115e-02
3                                      3.3294111963725319e+00         2.6853515097932468e+04         3.7239072663414294e+02         5.2412017610809760e-04         6.4254762562634673e-03        -2.4813694118131169e-02         0.0000000000000000e+00         4.7715006087588323e-02
4                                      3.7937859083013610e+00         3.0598950132050606e+04         3.2680859823113951e+02         1.8251380680428306e-01         1.9636531789567562e+00        -8.0417801457301741e-01         0.0000000000000000e+00        -6.2440820870394109e-01
5                                      3.9115686319481626e+00         3.1548931964024687e+04         3.1696794082928136e+02         1.6728383444234609e-04         1.7456006722419422e-03         3.5534390946197231e-02         0.0000000000000000e+00         1.5631016173572126e-02
6                                      4.1841238094685718e+00         3.3747237953545671e+04         2.9632054669971427e+02         2.1240499918208974e-03         2.0720588582038034e-02         1.0478646757819336e-01         0.0000000000000000e+00        -6.5384926199988369e-03
7                                      4.2379344668591648e+00         3.4181250220412054e+04         2.9255805260242613e+02         1.0736048449505616e-04         1.0340275416421915e-03         2.2404897035633903e-03         0.0000000000000000e+00         2.2378931594602712e-02
                                                         8                           9                          10

0                                      0.0000000000000000e+00        -6.4818090436687015e-01         0.0000000000000000e+00
1                                      0.0000000000000000e+00         6.1212469167852196e-02         0.0000000000000000e+00
2                                      0.0000000000000000e+00        -6.9256832933324700e-02         0.0000000000000000e+00
3                                      0.0000000000000000e+00        -5.9439339115914633e-02         0.0000000000000000e+00
4                                      0.0000000000000000e+00        -9.6284229691953782e-01         0.0000000000000000e+00
5                                      0.0000000000000000e+00         1.5446004846117493e-02         0.0000000000000000e+00
6                                      0.0000000000000000e+00         9.8476560199777921e-02         0.0000000000000000e+00
7                                      0.0000000000000000e+00         2.2982409974032537e-02         0.0000000000000000e+00
   &States [&Type "ArrayOfIntegers", &Dim (8,4)] "The initial and Final states. Col1: Initial State  Col2: Initial Irrep Col3: Final State Col4: Final Irrep"
                                                         0                           1                           2                           3

0                                                        0                           0                           1                           0
1                                                        0                           0                           2                           0
2                                                        0                           0                           3                           0
3                                                        0                           0                           4                           0
4                                                        0                           0                           5                           0
5                                                        0                           0                           6                           0
6                                                        0                           0                           7                           0
7                                                        0                           0                           8                           0
   &Multiplicities [&Type "ArrayOfDoubles", &Dim (8,2)] "Col1: Multiplicity of the initial state  Col2: Multiplicity of the final state"
                                                         0                           1

0                                      1.0000000000000000e+00         1.0000000000000000e+00
1                                      1.0000000000000000e+00         1.0000000000000000e+00
2                                      1.0000000000000000e+00         1.0000000000000000e+00
3                                      1.0000000000000000e+00         1.0000000000000000e+00
4                                      1.0000000000000000e+00         1.0000000000000000e+00
5                                      1.0000000000000000e+00         1.0000000000000000e+00
6                                      1.0000000000000000e+00         1.0000000000000000e+00
7                                      1.0000000000000000e+00         1.0000000000000000e+00
   &Temperature [&Type "Double"]       2.9814999999999998e+02
$End
$CIS_Absorption_Spectrum
   &GeometryIndex 1
   &Method [&Type "Integer"] 20
   &RelCorrection [&Type "Integer"] 1 "Type of relativistic treatment in QDPT. 0->Unknow, 1->None, 2->SOC, 3->SSC, 4->SOC/SSC"
   &DensType [&Type "Integer"] 3 "Type of density (electron/spin ...). 0->Unknow, 1->Electronic, 2->Spin, 3->Trans/Electronic, 4->Tran/Spin"
   &DeriType [&Type "Integer"] 0 "Type of derivative (w.r.t. to what perturbation). 0->Unknown, 1->No Derivative, 2->Electric/Dipole, 3->Electric/Quad, 4->Magnetic/Dipole, 5->Magnetic/Quad"
   &DensLevel [&Type "Integer"] 0 "// Source of density: relaxed, unrelaxed, ... 0->Unknown, 1->Linearized, 2->Unrelaxed, 3->Relaxed"
   &Density_name [&Type "String"] "Tdens-CIS"
   &Representation [&Type "String"] "Velocity" "Possible values: Unknown,  Length, Velocity"
   &PointGroup [&Type "String"] "C1"
   &DoHigherMoments [&Type "Boolean"] false
   &NTrans [&Type "Integer"] 8
   &ExcitationEnergies [&Type "ArrayOfDoubles", &Dim (8,11)] 
                                                         0                           1                           2                           3                           4                           5                           6                           7

0                                      1.7315519370583450e+00         1.3965909688569371e+04         7.1602926146548577e+02         2.7161453697062521e-02         2.5925621129465892e-03         1.3907295534444317e-02         0.0000000000000000e+00         8.4335439074949281e-03
1                                      2.2670644950646559e+00         1.8285110205832803e+04         5.4689306695073014e+02         2.0837611488321544e-03         2.6040687718467020e-04         1.2244569798804150e-02         0.0000000000000000e+00         1.7741912665347761e-03
2                                      2.3751856541451262e+00         1.9157166256144861e+04         5.2199787099474565e+02         7.3972341236406517e-04         9.6851770337542316e-05        -2.5448180248215223e-03         0.0000000000000000e+00         7.8248373238644277e-03
3                                      3.3294111963725319e+00         2.6853515097932468e+04         3.7239072663414294e+02         3.7089451882767082e-05         6.8070429138383139e-06        -1.2949763318500712e-04         0.0000000000000000e+00        -2.5210705828403088e-03
4                                      3.7937859083013610e+00         3.0598950132050606e+04         3.2680859823113951e+02         1.2405589106483832e-02         2.5943636406421315e-03         4.7657566558817151e-02         0.0000000000000000e+00        -2.1605533784586452e-05
5                                      3.9115686319481626e+00         3.1548931964024687e+04         3.1696794082928136e+02         6.4272481385605447e-05         1.3858513828007352e-05        -3.2731558781728871e-03         0.0000000000000000e+00        -5.7875627849629855e-04
6                                      4.1841238094685718e+00         3.3747237953545671e+04         2.9632054669971427e+02         1.8304841701881276e-04         4.2219311051305091e-05        -5.2554368011377053e-03         0.0000000000000000e+00        -3.8206493119006630e-03
7                                      4.2379344668591648e+00         3.4181250220412054e+04         2.9255805260242613e+02         2.0903783931258459e-05         4.8833717000615809e-06        -8.0428774426668148e-05         0.0000000000000000e+00         5.0489521594223973e-05
                                                         8                           9                          10

0                                      0.0000000000000000e+00        -4.8249607055649367e-02         0.0000000000000000e+00
1                                      0.0000000000000000e+00         1.0360001591536326e-02         0.0000000000000000e+00
2                                      0.0000000000000000e+00        -5.3988510271301225e-03         0.0000000000000000e+00
3                                      0.0000000000000000e+00         6.5914823308192271e-04         0.0000000000000000e+00
4                                      0.0000000000000000e+00         1.7975525681741673e-02         0.0000000000000000e+00
5                                      0.0000000000000000e+00        -1.6763071303584989e-03         0.0000000000000000e+00
6                                      0.0000000000000000e+00        -4.8310620215098568e-05         0.0000000000000000e+00
7                                      0.0000000000000000e+00        -2.2077938582474115e-03         0.0000000000000000e+00
   &States [&Type "ArrayOfIntegers", &Dim (8,4)] "The initial and Final states. Col1: Initial State  Col2: Initial Irrep Col3: Final State Col4: Final Irrep"
                                                         0                           1                           2                           3

0                                                        0                           0                           1                           0
1                                                        0                           0                           2                           0
2                                                        0                           0                           3                           0
3                                                        0                           0                           4                           0
4                                                        0                           0                           5                           0
5                                                        0                           0                           6                           0
6                                                        0                           0                           7                           0
7                                                        0                           0                           8                           0
   &Multiplicities [&Type "ArrayOfDoubles", &Dim (8,2)] "Col1: Multiplicity of the initial state  Col2: Multiplicity of the final state"
                                                         0                           1

0                                      1.0000000000000000e+00         1.0000000000000000e+00
1                                      1.0000000000000000e+00         1.0000000000000000e+00
2                                      1.0000000000000000e+00         1.0000000000000000e+00
3                                      1.0000000000000000e+00         1.0000000000000000e+00
4                                      1.0000000000000000e+00         1.0000000000000000e+00
5                                      1.0000000000000000e+00         1.0000000000000000e+00
6                                      1.0000000000000000e+00         1.0000000000000000e+00
7                                      1.0000000000000000e+00         1.0000000000000000e+00
   &Temperature [&Type "Double"]       2.9814999999999998e+02
$End
$CIS_ECD_Spectrum
   &GeometryIndex 1
   &Method [&Type "Integer"] 20
   &RelCorrection [&Type "Integer"] 1 "Type of relativistic treatment in QDPT. 0->Unknow, 1->None, 2->SOC, 3->SSC, 4->SOC/SSC"
   &DensType [&Type "Integer"] 3 "Type of density (electron/spin ...). 0->Unknow, 1->Electronic, 2->Spin, 3->Trans/Electronic, 4->Tran/Spin"
   &DeriType [&Type "Integer"] 0 "Type of derivative (w.r.t. to what perturbation). 0->Unknown, 1->No Derivative, 2->Electric/Dipole, 3->Electric/Quad, 4->Magnetic/Dipole, 5->Magnetic/Quad"
   &DensLevel [&Type "Integer"] 0 "// Source of density: relaxed, unrelaxed, ... 0->Unknown, 1->Linearized, 2->Unrelaxed, 3->Relaxed"
   &Density_name [&Type "String"] "Tdens-CIS"
   &Representation [&Type "String"] "Length" "Possible values: Unknown,  Length, Velocity"
   &PointGroup [&Type "String"] "C1"
   &DoHigherMoments [&Type "Boolean"] false
   &NTrans [&Type "Integer"] 8
   &ExcitationEnergies [&Type "ArrayOfDoubles", &Dim (8,10)] 
                                                         0                           1                           2                           3                           4                           5                           6                           7

0                                      1.7315519370583450e+00         1.3965909688569371e+04         7.1602926146548577e+02        -2.0251436741207080e+01         2.6146261824102313e-01         0.0000000000000000e+00        -4.6764028386588830e-01         0.0000000000000000e+00
1                                      2.2670644950646559e+00         1.8285110205832803e+04         5.4689306695073014e+02        -6.8012470278794834e-01        -8.1469268899297762e-03         0.0000000000000000e+00        -7.3729098154177528e-03         0.0000000000000000e+00
2                                      2.3751856541451262e+00         1.9157166256144861e+04         5.2199787099474565e+02         4.5161559878920841e+00         1.2032955569269677e-01         0.0000000000000000e+00         8.3359182731794823e-02         0.0000000000000000e+00
3                                      3.3294111963725319e+00         2.6853515097932468e+04         3.7239072663414294e+02        -3.4899009524025582e+00        -3.2476020246168008e-01         0.0000000000000000e+00        -1.5961252463579145e-01         0.0000000000000000e+00
4                                      3.7937859083013610e+00         3.0598950132050606e+04         3.2680859823113951e+02         6.7285142963547377e+00         3.9286838845390283e-02         0.0000000000000000e+00        -3.2506733053406300e-01         0.0000000000000000e+00
5                                      3.9115686319481626e+00         3.1548931964024687e+04         3.1696794082928136e+02         1.4015595252545790e-01        -5.6398371048136343e-03         0.0000000000000000e+00         3.6478893676270565e-03         0.0000000000000000e+00
6                                      4.1841238094685718e+00         3.3747237953545671e+04         2.9632054669971427e+02         2.0040823988886983e-01         1.0882838191632110e-02         0.0000000000000000e+00        -9.7598540780358938e-03         0.0000000000000000e+00
7                                      4.2379344668591648e+00         3.4181250220412054e+04         2.9255805260242613e+02        -1.0692750884026621e-01         3.6625884129324678e-03         0.0000000000000000e+00         5.2818650460237076e-03         0.0000000000000000e+00
                                                         8                           9

0                                      2.8290333758539965e-01         0.0000000000000000e+00
1                                      1.3219124633407029e-02         0.0000000000000000e+00
2                                      1.5192286404956820e-01         0.0000000000000000e+00
3                                     -1.1709225970161478e-01         0.0000000000000000e+00
4                                      1.9281769946461080e-01         0.0000000000000000e+00
5                                     -9.9636543809147830e-03         0.0000000000000000e+00
6                                     -1.6544824722702713e-02         0.0000000000000000e+00
7                                      4.3684209278012616e-03         0.0000000000000000e+00
   &States [&Type "ArrayOfIntegers", &Dim (8,4)] "The initial and Final states. Col1: Initial State  Col2: Initial Irrep Col3: Final State Col4: Final Irrep"
                                                         0                           1                           2                           3

0                                                        0                           0                           1                           0
1                                                        0                           0                           2                           0
2                                                        0                           0                           3                           0
3                                                        0                           0                           4                           0
4                                                        0                           0                           5                           0
5                                                        0                           0                           6                           0
6                                                        0                           0                           7                           0
7                                                        0                           0                           8                           0
   &Multiplicities [&Type "ArrayOfDoubles", &Dim (8,2)] "Col1: Multiplicity of the initial state  Col2: Multiplicity of the final state"
                                                         0                           1

0                                      1.0000000000000000e+00         1.0000000000000000e+00
1                                      1.0000000000000000e+00         1.0000000000000000e+00
2                                      1.0000000000000000e+00         1.0000000000000000e+00
3                                      1.0000000000000000e+00         1.0000000000000000e+00
4                                      1.0000000000000000e+00         1.0000000000000000e+00
5                                      1.0000000000000000e+00         1.0000000000000000e+00
6                                      1.0000000000000000e+00         1.0000000000000000e+00
7                                      1.0000000000000000e+00         1.0000000000000000e+00
   &Temperature [&Type "Double"]       2.9814999999999998e+02
$End
$CIS_ECD_Spectrum
   &GeometryIndex 1
   &Method [&Type "Integer"] 20
   &RelCorrection [&Type "Integer"] 1 "Type of relativistic treatment in QDPT. 0->Unknow, 1->None, 2->SOC, 3->SSC, 4->SOC/SSC"
   &DensType [&Type "Integer"] 3 "Type of density (electron/spin ...). 0->Unknow, 1->Electronic, 2->Spin, 3->Trans/Electronic, 4->Tran/Spin"
   &DeriType [&Type "Integer"] 0 "Type of derivative (w.r.t. to what perturbation). 0->Unknown, 1->No Derivative, 2->Electric/Dipole, 3->Electric/Quad, 4->Magnetic/Dipole, 5->Magnetic/Quad"
   &DensLevel [&Type "Integer"] 0 "// Source of density: relaxed, unrelaxed, ... 0->Unknown, 1->Linearized, 2->Unrelaxed, 3->Relaxed"
   &Density_name [&Type "String"] "Tdens-CIS"
   &Representation [&Type "String"] "Velocity" "Possible values: Unknown,  Length, Velocity"
   &PointGroup [&Type "String"] "C1"
   &DoHigherMoments [&Type "Boolean"] false
   &NTrans [&Type "Integer"] 8
   &ExcitationEnergies [&Type "ArrayOfDoubles", &Dim (8,10)] 
                                                         0                           1                           2                           3                           4                           5                           6                           7

0                                      1.7315519370583450e+00         1.3965909688569371e+04         7.1602926146548577e+02        -1.0340989538260982e+02         2.6146261824102313e-01         0.0000000000000000e+00        -4.6764028386588830e-01         0.0000000000000000e+00
1                                      2.2670644950646559e+00         1.8285110205832803e+04         5.4689306695073014e+02         1.3645351409939838e-01        -8.1469268899297762e-03         0.0000000000000000e+00        -7.3729098154177528e-03         0.0000000000000000e+00
2                                      2.3751856541451262e+00         1.9157166256144861e+04         5.2199787099474565e+02        -2.5609929795673234e+00         1.2032955569269677e-01         0.0000000000000000e+00         8.3359182731794823e-02         0.0000000000000000e+00
3                                      3.3294111963725319e+00         2.6853515097932468e+04         3.7239072663414294e+02         1.4151536894060952e+00        -3.2476020246168008e-01         0.0000000000000000e+00        -1.5961252463579145e-01         0.0000000000000000e+00
4                                      3.7937859083013610e+00         3.0598950132050606e+04         3.2680859823113951e+02         1.8075451776650706e+01         3.9286838845390283e-02         0.0000000000000000e+00        -3.2506733053406300e-01         0.0000000000000000e+00
5                                      3.9115686319481626e+00         3.1548931964024687e+04         3.1696794082928136e+02         1.0839770747236008e-01        -5.6398371048136343e-03         0.0000000000000000e+00         3.6478893676270565e-03         0.0000000000000000e+00
6                                      4.1841238094685718e+00         3.3747237953545671e+04         2.9632054669971427e+02        -5.8579743650060079e-02         1.0882838191632110e-02         0.0000000000000000e+00        -9.7598540780358938e-03         0.0000000000000000e+00
7                                      4.2379344668591648e+00         3.4181250220412054e+04         2.9255805260242613e+02        -2.9279930427288794e-02         3.6625884129324678e-03         0.0000000000000000e+00         5.2818650460237076e-03         0.0000000000000000e+00
                                                         8                           9

0                                      2.8290333758539965e-01         0.0000000000000000e+00
1                                      1.3219124633407029e-02         0.0000000000000000e+00
2                                      1.5192286404956820e-01         0.0000000000000000e+00
3                                     -1.1709225970161478e-01         0.0000000000000000e+00
4                                      1.9281769946461080e-01         0.0000000000000000e+00
5                                     -9.9636543809147830e-03         0.0000000000000000e+00
6                                     -1.6544824722702713e-02         0.0000000000000000e+00
7                                      4.3684209278012616e-03         0.0000000000000000e+00
   &States [&Type "ArrayOfIntegers", &Dim (8,4)] "The initial and Final states. Col1: Initial State  Col2: Initial Irrep Col3: Final State Col4: Final Irrep"
                                                         0                           1                           2                           3

0                                                        0                           0                           1                           0
1                                                        0                           0                           2                           0
2                                                        0                           0                           3                           0
3                                                        0                           0                           4                           0
4                                                        0                           0                           5                           0
5                                                        0                           0                           6                           0
6                                                        0                           0                           7                           0
7                                                        0                           0                           8                           0
   &Multiplicities [&Type "ArrayOfDoubles", &Dim (8,2)] "Col1: Multiplicity of the initial state  Col2: Multiplicity of the final state"
                                                         0                           1

0                                      1.0000000000000000e+00         1.0000000000000000e+00
1                                      1.0000000000000000e+00         1.0000000000000000e+00
2                                      1.0000000000000000e+00         1.0000000000000000e+00
3                                      1.0000000000000000e+00         1.0000000000000000e+00
4                                      1.0000000000000000e+00         1.0000000000000000e+00
5                                      1.0000000000000000e+00         1.0000000000000000e+00
6                                      1.0000000000000000e+00         1.0000000000000000e+00
7                                      1.0000000000000000e+00         1.0000000000000000e+00
   &Temperature [&Type "Double"]       2.9814999999999998e+02
$End
$CIS_Energies
   &GeometryIndex 1
   &e0 [&Type "Double"]      -2.1042418477910801e+03  "Ground state energy"
   &multP1 [&Type "Boolean"] false "Do the higher multiplicity too?"
   &mode [&Type "String"] "TDA" "CIS mode: CIS, RPA, TDA, TD-DFT, sTDA, sTD-DFT"
   &dCorr [&Type "Integer"] 0 "(D) Correction algorithm"
   &Method [&Type "String"] "TDA/CIS"
   &totalEnergy [&Type "ArrayOfDoubles", &Dim (8,1)] "Total energy of each state"
                                                         0

0                                     -2.1041782144244257e+03
1                                     -2.1041585346988445e+03
2                                     -2.1041545613191197e+03
3                                     -2.1041194941735725e+03
4                                     -2.1041024287158889e+03
5                                     -2.1040981002801782e+03
6                                     -2.1040880840611012e+03
7                                     -2.1040861065557096e+03
   &Mult [&Type "ArrayOfIntegers", &Dim (8,1)] "Multiplicity of each state"
                                                         0

0                                                        1
1                                                        1
2                                                        1
3                                                        1
4                                                        1
5                                                        1
6                                                        1
7                                                        1
   &RelCorr [&Type "String"] "None" "Relativistic correction (SOC and/or SSC)"
   &NBlocks [&Type "Integer"] 1 "Number of multiplicity blocks"
   &NRoots [&Type "ArrayOfIntegers", &Dim (1,1)] "Number of roots in each block"
                                                         0

0                                                        8
   &NTotalRoots [&Type "Integer"] 8 "Total number of roots"
   &Block [&Type "ArrayOfIntegers", &Dim (8,1)] "Block index of each state"
                                                         0

0                                                        0
1                                                        0
2                                                        0
3                                                        0
4                                                        0
5                                                        0
6                                                        0
7                                                        0
   &Root [&Type "ArrayOfIntegers", &Dim (8,1)] "Root index within the block"
                                                         0

0                                                        0
1                                                        1
2                                                        2
3                                                        3
4                                                        4
5                                                        5
6                                                        6
7                                                        7
$End
$Single_Point_Data
   &GeometryIndex 1
   &FinalEnergy [&Type "Double"]      -2.1041782144244257e+03  "Final single point energy"
   &Converged [&Type "Boolean"] true
$End
$Calculation_Info
   &GeometryIndex 1
   &Mult [&Type "Integer"] 1
   &Charge [&Type "Integer"] 0
   &NumOfAtoms [&Type "Integer"] 46
   &NumOfElectrons [&Type "Integer"] 232
   &NumOfBasisFuncts [&Type "Integer"] 472
   &NumOfAuxCBasisFuncts [&Type "Integer"] 0
   &NumOfAuxJBasisFuncts [&Type "Integer"] 1688
   &NumOfAuxJKBasisFuncts [&Type "Integer"] 0
   &NumOfCABSBasisFuncts [&Type "Integer"] 0
$End
$SCF_Dipole_Moment
   &GeometryIndex 1
   &dipoleMagnitude [&Type "Double", &Units "a.u."]       2.1999106012752603e+00
   &dipoleElecContrib [&Type "ArrayOfDoubles", &Dim (3,1)] "Electronic contribution"
                                                         0

0                                      1.3319866740422208e+01
1                                     -2.6873869794201388e-01
2                                      3.6538336993893208e+00
   &dipoleNucContrib [&Type "ArrayOfDoubles", &Dim (3,1)] "Nuclear contribution"
                                                         0

0                                     -1.2188356508425798e+01
1                                      1.5270098425471001e+00
2                                     -5.0595523679517447e+00
   &dipoleTotal [&Type "ArrayOfDoubles", &Dim (3,1)] "Total"
                                                         0

0                                      1.1315102319964101e+00
1                                      1.2582711446050863e+00
2                                     -1.4057186685624239e+00
   &doAtomicDipole [&Type "Boolean"] false
   &Method [&Type "String"] "SCF"
   &Level [&Type "String"] "Relaxed density"
   &Mult [&Type "Integer"] 1
   &State [&Type "Integer"] -1
   &Irrep [&Type "Integer"] 0
$End
$Calculation_Timings
   &GeometryIndex 1
   &GTOINT [&Type "Double"]       6.2263650000000004e+00
   &SCF [&Type "Double"]       5.0957850999999998e+01
   &CIS [&Type "Double"]       6.8315702999999985e+01
   &PROPINT [&Type "Double"]       3.1746109999999987e+00
   &PROP [&Type "Double"]       3.1291889999999967e+00
   &SUM [&Type "Double"]       1.3180371899999997e+02
$End
