*************************************************
******************* ORCA 6.1.1 ******************
*************************************************
$Calculation_Status
   &GeometryIndex 1
   &version [&Type "String"] "6.1.1"
   &progName [&Type "String"] "ProgCIS"
   &Status [&Type "String"] "NORMAL TERMINATION"
$End
$Geometry
   &GeometryIndex 1
   &NAtoms [&Type "Integer"] 30
   &NCorelessECP [&Type "Integer"] 0
   &NGhostAtoms [&Type "Integer"] 0
   &CartesianCoordinates [&Type "Coordinates", &Dim(30,4), &Units "Bohr"] 
              C      7.903152166049   -2.595907341537    1.896551824717
              C      5.826471646247   -2.599656558187    3.893259134532
              N      3.339599612911   -2.712278566590    2.707894401959
              C      2.164369481595   -0.615793716904    1.471013845250
              N      3.299560095585    1.686663722475    1.425144522801
              C      2.164834354224    3.664400071631    0.250844136743
              N      3.376891468438    6.076856579539    0.207748932259
              N      2.277471480436    8.080189269179   -0.954854049031
              N      1.370359472453    9.734512218598   -1.914504222989
              N     -0.118247723104    3.335154977044   -0.876662850787
              C     -1.267594275564    1.041590588852   -0.830842661218
              N     -0.116365555875   -0.930790276441    0.344886357797
              N     -3.674842698247    0.723016777743   -2.032678246774
              C     -5.054095221886   -1.681208083126   -2.003172062919
              C     -7.049141462429   -1.719437242815   -4.100938146924
              C     -6.298117053655   -2.080767997430    0.579418378552
              H      9.780071625961   -2.599458136943    2.834430463887
              H      7.760687602539   -0.886270218452    0.689404218999
              H      7.745692625666   -4.306665072219    0.690658997152
              H      5.974474997056   -0.886976976026    5.099673526510
              H      6.065574914520   -4.287541043744    5.116456184305
              H      5.132063432445    6.311004985889    1.078691582039
              H     -4.437694902893    2.270940586917   -2.996175903141
              H     -3.714139553202   -3.259136963855   -2.370353409644
              H     -8.465341911438   -0.197285518655   -3.804485469939
              H     -8.035979126276   -3.572292930138   -4.130754245865
              H     -6.127712889255   -1.432913186938   -5.965141639680
              H     -7.634023039235   -0.516012397581    0.998977264532
              H     -7.345391938718   -3.900014905461    0.607044284904
              H     -4.842587624347   -2.143918865373    2.088459182795
$End
$SCF_Mulliken_Population_Analysis
   &GeometryIndex 1
   &NAtoms [&Type "Integer"] 30
   &ATNO [&Type "ArrayOfIntegers", &Dim (30,1)] 
                                                         0

0                                                        6
1                                                        6
2                                                        7
3                                                        6
4                                                        7
5                                                        6
6                                                        7
7                                                        7
8                                                        7
9                                                        7
10                                                       6
11                                                       7
12                                                       7
13                                                       6
14                                                       6
15                                                       6
16                                                       1
17                                                       1
18                                                       1
19                                                       1
20                                                       1
21                                                       1
22                                                       1
23                                                       1
24                                                       1
25                                                       1
26                                                       1
27                                                       1
28                                                       1
29                                                       1
   &AtomicCharges [&Type "ArrayOfDoubles", &Dim (30,1)] 
                                                         0

0                                     -6.9210292257452455e-01
1                                     -1.3563659292721741e-01
2                                     -4.0102490435350635e-01
3                                      2.1038461585745782e-01
4                                     -3.7814251469517135e-01
5                                      1.5931671956398663e-01
6                                     -3.2665895263987021e-01
7                                      5.8861435193550715e-01
8                                     -1.3054298741345960e-01
9                                     -4.8353536834544908e-01
10                                     4.9600136356000313e-01
11                                    -4.6721823591555811e-01
12                                    -5.4095780007335392e-01
13                                     1.1912521391410635e-02
14                                    -6.5323536007951155e-01
15                                    -6.7768490675058590e-01
16                                     1.7857942111470004e-01
17                                     2.0188825751875994e-01
18                                     2.0578493009068644e-01
19                                     1.7237489756847191e-01
20                                     1.7944209145369250e-01
21                                     5.4783896321971581e-01
22                                     4.3952151824103614e-01
23                                     2.1999352898542068e-01
24                                     2.0973676429683741e-01
25                                     2.1754944788369224e-01
26                                     2.1141893946222001e-01
27                                     2.0202520211234087e-01
28                                     2.0009612137730426e-01
29                                     2.3426089013501761e-01
   &Method [&Type "String"] "SCF"
   &Level [&Type "String"] "Relaxed density"
   &Mult [&Type "Integer"] 1
   &State [&Type "Integer"] -1
   &Irrep [&Type "Integer"] 0
$End
$SCF_Loewdin_Population_Analysis
   &GeometryIndex 1
   &NAtoms [&Type "Integer"] 30
   &ATNO [&Type "ArrayOfIntegers", &Dim (30,1)] 
                                                         0

0                                                        6
1                                                        6
2                                                        7
3                                                        6
4                                                        7
5                                                        6
6                                                        7
7                                                        7
8                                                        7
9                                                        7
10                                                       6
11                                                       7
12                                                       7
13                                                       6
14                                                       6
15                                                       6
16                                                       1
17                                                       1
18                                                       1
19                                                       1
20                                                       1
21                                                       1
22                                                       1
23                                                       1
24                                                       1
25                                                       1
26                                                       1
27                                                       1
28                                                       1
29                                                       1
   &AtomicCharges [&Type "ArrayOfDoubles", &Dim (30,1)] 
                                                         0

0                                     -5.1594645656012172e-01
1                                     -2.8742097954083512e-01
2                                     -4.5375517834541146e-01
3                                      7.0281796578522737e-02
4                                     -2.7783709797484413e-01
5                                      1.2627869591466734e-01
6                                     -1.4882994270186245e-01
7                                      2.0852019905988417e-01
8                                      2.1757029278600282e-01
9                                     -3.1309202613435527e-01
10                                     1.3600844565289627e-01
11                                    -2.9769798564424832e-01
12                                    -4.1893340426396009e-01
13                                    -2.0328474146688524e-01
14                                    -4.9670277290496667e-01
15                                    -4.9745702787830837e-01
16                                     1.7733212846087198e-01
17                                     1.9582066830330080e-01
18                                     1.9368794585748317e-01
19                                     1.9305969821063496e-01
20                                     1.8642333796286237e-01
21                                     4.1767607518324690e-01
22                                     3.5620756120718078e-01
23                                     2.2519009312825888e-01
24                                     2.0002376373965103e-01
25                                     2.0158751686953380e-01
26                                     1.9726177849449300e-01
27                                     1.9965117090977358e-01
28                                     1.9360690101673894e-01
29                                     2.1476954407988846e-01
   &Method [&Type "String"] "SCF"
   &Level [&Type "String"] "Relaxed density"
   &Mult [&Type "Integer"] 1
   &State [&Type "Integer"] -1
   &Irrep [&Type "Integer"] 0
$End
$SCF_Mayer_Population_Analysis
   &GeometryIndex 1
   &NAtoms [&Type "Integer"] 30 "Total number of atoms"
   &NBondOrdersPrint [&Type "Integer"] 42 "The number of bond orders larger than threshold"
   &bondThresh [&Type "Double"]       1.0000000000000001e-01  "The threshold for printing"
   &components [&Type "ArrayOfIntegers", &Dim (42,4)] "The indices and atomic numbers of the bonding atoms"
                                                         0                           1                           2                           3

0                                                        0                           6                           1                           6
1                                                        0                           6                          16                           1
2                                                        0                           6                          17                           1
3                                                        0                           6                          18                           1
4                                                        1                           6                           2                           7
5                                                        1                           6                          19                           1
6                                                        1                           6                          20                           1
7                                                        2                           7                           3                           6
8                                                        3                           6                           4                           7
9                                                        3                           6                           9                           7
10                                                       3                           6                          11                           7
11                                                       4                           7                           5                           6
12                                                       4                           7                           6                           7
13                                                       4                           7                           7                           7
14                                                       4                           7                          10                           6
15                                                       5                           6                           6                           7
16                                                       5                           6                           7                           7
17                                                       5                           6                           9                           7
18                                                       5                           6                          10                           6
19                                                       6                           7                           7                           7
20                                                       6                           7                           8                           7
21                                                       6                           7                          10                           6
22                                                       6                           7                          21                           1
23                                                       7                           7                           8                           7
24                                                       7                           7                           9                           7
25                                                       7                           7                          21                           1
26                                                       8                           7                           9                           7
27                                                       9                           7                          10                           6
28                                                      10                           6                          11                           7
29                                                      10                           6                          12                           7
30                                                      12                           7                          13                           6
31                                                      12                           7                          22                           1
32                                                      13                           6                          14                           6
33                                                      13                           6                          15                           6
34                                                      13                           6                          23                           1
35                                                      14                           6                          15                           6
36                                                      14                           6                          24                           1
37                                                      14                           6                          25                           1
38                                                      14                           6                          26                           1
39                                                      15                           6                          27                           1
40                                                      15                           6                          28                           1
41                                                      15                           6                          29                           1
   &BondOrders [&Type "ArrayOfDoubles", &Dim (42,1)] "The bond orders"
                                                         0

0                                      6.5401662580324960e-01
1                                      9.6493410440418992e-01
2                                      9.6813193528884200e-01
3                                      9.6072680432953517e-01
4                                      7.1037273727838479e-01
5                                      1.0040075597738503e+00
6                                      9.7540876228871487e-01
7                                      1.6208991202071008e+00
8                                      1.3125563327476570e+00
9                                     -2.3388764030076642e-01
10                                     1.3260100359143285e+00
11                                     1.5437029336335142e+00
12                                    -2.0241541285537129e-01
13                                     1.5991448179143658e-01
14                                    -2.0975469770977817e-01
15                                     8.4485621621124984e-01
16                                     2.9327411055789609e-01
17                                     1.4498994937772467e+00
18                                    -1.4292096582896499e-01
19                                     2.5979946201167285e+00
20                                    -3.2942132542109537e-01
21                                    -1.4901378903650181e-01
22                                     4.4431494104422625e-01
23                                     4.7234430723031001e-01
24                                     1.5300089837900877e-01
25                                     1.8385143785070612e-01
26                                    -2.1730632782379936e-01
27                                     1.3828419139056058e+00
28                                     1.5383112210094672e+00
29                                     1.0716842205655805e+00
30                                     8.2180416226826614e-01
31                                     7.2880219483230990e-01
32                                     6.8927147015947177e-01
33                                     8.3318881698828995e-01
34                                     9.7895537479715755e-01
35                                    -2.3584349166998847e-01
36                                     9.6806228409968265e-01
37                                     9.6220129139799604e-01
38                                     1.0018368071670636e+00
39                                     9.7400894444928077e-01
40                                     9.7741715504015447e-01
41                                     9.5818240018029854e-01
   &ATNO [&Type "ArrayOfIntegers", &Dim (30,1)] "Atomic number of the elements"
                                                         0

0                                                        6
1                                                        6
2                                                        7
3                                                        6
4                                                        7
5                                                        6
6                                                        7
7                                                        7
8                                                        7
9                                                        7
10                                                       6
11                                                       7
12                                                       7
13                                                       6
14                                                       6
15                                                       6
16                                                       1
17                                                       1
18                                                       1
19                                                       1
20                                                       1
21                                                       1
22                                                       1
23                                                       1
24                                                       1
25                                                       1
26                                                       1
27                                                       1
28                                                       1
29                                                       1
   &NA [&Type "ArrayOfDoubles", &Dim (30,1)] "Mulliken gross atomic population"
                                                         0

0                                      6.6921029225745263e+00
1                                      6.1356365929272192e+00
2                                      7.4010249043535055e+00
3                                      5.7896153841425422e+00
4                                      7.3781425146951669e+00
5                                      5.8406832804360160e+00
6                                      7.3266589526398649e+00
7                                      6.4113856480644893e+00
8                                      7.1305429874134525e+00
9                                      7.4835353683454438e+00
10                                     5.5039986364399986e+00
11                                     7.4672182359155563e+00
12                                     7.5409578000733548e+00
13                                     5.9880874786085903e+00
14                                     6.6532353600795124e+00
15                                     6.6776849067505797e+00
16                                     8.2142057888529996e-01
17                                     7.9811174248123984e-01
18                                     7.9421506990931334e-01
19                                     8.2762510243152865e-01
20                                     8.2055790854630728e-01
21                                     4.5216103678028430e-01
22                                     5.6047848175896386e-01
23                                     7.8000647101457921e-01
24                                     7.9026323570316226e-01
25                                     7.8245055211630787e-01
26                                     7.8858106053777999e-01
27                                     7.9797479788765924e-01
28                                     7.9990387862269585e-01
29                                     7.6573910986498250e-01
   &ZA [&Type "ArrayOfDoubles", &Dim (30,1)] "Total nuclear charge"
                                                         0

0                                      6.0000000000000000e+00
1                                      6.0000000000000000e+00
2                                      7.0000000000000000e+00
3                                      6.0000000000000000e+00
4                                      7.0000000000000000e+00
5                                      6.0000000000000000e+00
6                                      7.0000000000000000e+00
7                                      7.0000000000000000e+00
8                                      7.0000000000000000e+00
9                                      7.0000000000000000e+00
10                                     6.0000000000000000e+00
11                                     7.0000000000000000e+00
12                                     7.0000000000000000e+00
13                                     6.0000000000000000e+00
14                                     6.0000000000000000e+00
15                                     6.0000000000000000e+00
16                                     1.0000000000000000e+00
17                                     1.0000000000000000e+00
18                                     1.0000000000000000e+00
19                                     1.0000000000000000e+00
20                                     1.0000000000000000e+00
21                                     1.0000000000000000e+00
22                                     1.0000000000000000e+00
23                                     1.0000000000000000e+00
24                                     1.0000000000000000e+00
25                                     1.0000000000000000e+00
26                                     1.0000000000000000e+00
27                                     1.0000000000000000e+00
28                                     1.0000000000000000e+00
29                                     1.0000000000000000e+00
   &QA [&Type "ArrayOfDoubles", &Dim (30,1)] "Mulliken gross atomic charge"
                                                         0

0                                     -6.9210292257452632e-01
1                                     -1.3563659292721919e-01
2                                     -4.0102490435350546e-01
3                                      2.1038461585745782e-01
4                                     -3.7814251469516691e-01
5                                      1.5931671956398397e-01
6                                     -3.2665895263986489e-01
7                                      5.8861435193551070e-01
8                                     -1.3054298741345249e-01
9                                     -4.8353536834544375e-01
10                                     4.9600136356000135e-01
11                                    -4.6721823591555633e-01
12                                    -5.4095780007335481e-01
13                                     1.1912521391409747e-02
14                                    -6.5323536007951244e-01
15                                    -6.7768490675057969e-01
16                                     1.7857942111470004e-01
17                                     2.0188825751876016e-01
18                                     2.0578493009068666e-01
19                                     1.7237489756847135e-01
20                                     1.7944209145369272e-01
21                                     5.4783896321971570e-01
22                                     4.3952151824103614e-01
23                                     2.1999352898542079e-01
24                                     2.0973676429683774e-01
25                                     2.1754944788369213e-01
26                                     2.1141893946222001e-01
27                                     2.0202520211234076e-01
28                                     2.0009612137730415e-01
29                                     2.3426089013501750e-01
   &VA [&Type "ArrayOfDoubles", &Dim (30,1)] "Mayer's total valence"
                                                         0

0                                      3.4720979428224750e+00
1                                      3.2487752298889250e+00
2                                      2.4305951970470963e+00
3                                      4.0299925599452679e+00
4                                      2.6395402909012389e+00
5                                      3.9270967443304543e+00
6                                      3.3066687343796990e+00
7                                      3.8473640114523429e+00
8                                      1.1124072980505817e-01
9                                      2.7680537405979031e+00
10                                     3.5786914030490955e+00
11                                     2.7035691450028740e+00
12                                     2.4121434025359334e+00
13                                     3.2481628769256874e+00
14                                     3.1844330752211096e+00
15                                     3.3576145809065503e+00
16                                     9.1917837264281477e-01
17                                     9.1214875675364770e-01
18                                     9.1163046711132911e-01
19                                     9.1627647335336548e-01
20                                     9.0643546431406130e-01
21                                     6.7939823082277306e-01
22                                     7.7256923247996045e-01
23                                     9.0231174282275572e-01
24                                     9.0880115619210067e-01
25                                     9.0973564674220120e-01
26                                     9.0882939052944256e-01
27                                     9.1268211017547896e-01
28                                     9.1381805222844203e-01
29                                     9.0342165056827062e-01
   &BVA [&Type "ArrayOfDoubles", &Dim (30,1)] "Mayer's bonded valence"
                                                         0

0                                      3.4720979428225007e+00
1                                      3.2487752298889578e+00
2                                      2.4305951970470172e+00
3                                      4.0299925599452102e+00
4                                      2.6395402909011860e+00
5                                      3.9270967443304086e+00
6                                      3.3066687343797545e+00
7                                      3.8473640114522314e+00
8                                      1.1124072980520516e-01
9                                      2.7680537405977619e+00
10                                     3.5786914030491364e+00
11                                     2.7035691450028727e+00
12                                     2.4121434025359951e+00
13                                     3.2481628769256918e+00
14                                     3.1844330752211212e+00
15                                     3.3576145809065032e+00
16                                     9.1917837264281999e-01
17                                     9.1214875675365459e-01
18                                     9.1163046711133044e-01
19                                     9.1627647335338092e-01
20                                     9.0643546431407684e-01
21                                     6.7939823082277817e-01
22                                     7.7256923247996034e-01
23                                     9.0231174282275106e-01
24                                     9.0880115619210455e-01
25                                     9.0973564674221141e-01
26                                     9.0882939052943224e-01
27                                     9.1268211017547152e-01
28                                     9.1381805222844914e-01
29                                     9.0342165056826573e-01
   &FA [&Type "ArrayOfDoubles", &Dim (30,1)] "Mayer's free valence"
                                                         0

0                                      0.0000000000000000e+00
1                                      0.0000000000000000e+00
2                                      0.0000000000000000e+00
3                                      0.0000000000000000e+00
4                                      0.0000000000000000e+00
5                                      0.0000000000000000e+00
6                                      0.0000000000000000e+00
7                                      0.0000000000000000e+00
8                                      0.0000000000000000e+00
9                                      0.0000000000000000e+00
10                                     0.0000000000000000e+00
11                                     0.0000000000000000e+00
12                                     0.0000000000000000e+00
13                                     0.0000000000000000e+00
14                                     0.0000000000000000e+00
15                                     0.0000000000000000e+00
16                                     0.0000000000000000e+00
17                                     0.0000000000000000e+00
18                                     0.0000000000000000e+00
19                                     0.0000000000000000e+00
20                                     0.0000000000000000e+00
21                                     0.0000000000000000e+00
22                                     0.0000000000000000e+00
23                                     0.0000000000000000e+00
24                                     0.0000000000000000e+00
25                                     0.0000000000000000e+00
26                                     0.0000000000000000e+00
27                                     0.0000000000000000e+00
28                                     0.0000000000000000e+00
29                                     0.0000000000000000e+00
   &Method [&Type "String"] "SCF"
   &Level [&Type "String"] "Relaxed density"
   &Mult [&Type "Integer"] 1
   &State [&Type "Integer"] -1
   &Irrep [&Type "Integer"] 0
$End
$SCF_Energy
   &GeometryIndex 1
   &Method [&Type "String"] "SCF"
   &totalEnergy [&Type "ArrayOfDoubles", &Dim (1,1)] "Total energy of each state"
                                                         0

0                                     -7.5069886426435164e+02
   &Mult [&Type "ArrayOfIntegers", &Dim (1,1)] "Multiplicity of each state"
                                                         0

0                                                        1
$End
$DFT_Energy
   &GeometryIndex 1
   &nAlphaEl [&Type "Integer"] 59
   &nBetaEl [&Type "Integer"] 59
   &nTotalEl [&Type "Integer"] 118
   &finalEn [&Type "Double"]      -7.5069886426435164e+02  "No Van der Waals correction"
   &eExchange [&Type "Double"]      -7.8622524519600930e+01
   &eCorr [&Type "Double"]      -4.7180591709262441e+00
   &eXC [&Type "Double"]      -8.3340583690527168e+01
   &eCNL [&Type "Double"]       0.0000000000000000e+00
$End
$Solvation_Details
   &GeometryIndex 1
   &Solvent [&Type "String"] "TOLUENE"
   &Epsilon [&Type "Double"]       2.3870000000000000e+00
   &Refrac [&Type "Double"]       1.4961000000000000e+00
   &RSolv [&Type "Double"]       1.3000000000000000e+00
   &SurfaceType [&Type "String"] "GAUSSIAN VDW"
   &CPCMDielEnergy [&Type "Double"]      -3.7221083000000002e-02
   &NPoints [&Type "Integer"] 2651
   &SurfaceArea [&Type "Double"]       1.0251082832210000e+03
$End
$SCF_Timings
   &GeometryIndex 1
   &TOTAL [&Type "Double"]       8.2239838000000006e+01
   &PREP [&Type "Double"]       8.4778199999999992e-01
   &FOCK [&Type "Double"]       7.9067712000000000e+01
   &DENS [&Type "Double"]       1.7376499999997463e-01
   &ETOT [&Type "Double"]       1.1990499999999971e-01
   &POP [&Type "Double"]       2.8335000000012656e-02
   &TRAFO [&Type "Double"]       5.5970999999997773e-02
   &DIIS [&Type "Double"]       4.1394899999999568e-01
   &SOSCF [&Type "Double"]       6.1279200000000245e-01
   &XC [&Type "Double"]       9.7467540000000010e+00
   &FOCKSTART [&Type "Double"]       1.8484999999995866e-02
   &SOLV [&Type "Double"]       1.1760283000000028e+01
   &SOLV_INIT [&Type "Double"]       2.1782099999999993e-01
   &SOLV_FINAL [&Type "Double"]       9.9999999747524271e-07
   &INT_PREP [&Type "Double"]       1.6000000009341875e-05
   &INT_BF [&Type "Double"]       2.3690290000003595e+00
   &INT_DENS [&Type "Double"]       2.6897139999997757e+00
   &INT_DENSIO [&Type "Double"]       4.0867687396400049e+05
   &INT_FUNC [&Type "Double"]       2.2415800000004760e-01
   &INT_POT [&Type "Double"]       3.0671910000002987e+00
   &INT_POTIO [&Type "Double"]       6.7695999999819456e-02
   &INT_SUM [&Type "Double"]       1.8680000000355079e-03
   &SPLITRIJ [&Type "Double"]       7.2478080000000116e+00
   &COSX [&Type "Double"]       5.1539636999999964e+01
   &FROZCORE [&Type "Double"]       2.8599999999983083e-03
$End
$CIS_Absorption_Spectrum
   &GeometryIndex 1
   &Method [&Type "Integer"] 20
   &RelCorrection [&Type "Integer"] 1 "Type of relativistic treatment in QDPT. 0->Unknow, 1->None, 2->SOC, 3->SSC, 4->SOC/SSC"
   &DensType [&Type "Integer"] 3 "Type of density (electron/spin ...). 0->Unknow, 1->Electronic, 2->Spin, 3->Trans/Electronic, 4->Tran/Spin"
   &DeriType [&Type "Integer"] 0 "Type of derivative (w.r.t. to what perturbation). 0->Unknown, 1->No Derivative, 2->Electric/Dipole, 3->Electric/Quad, 4->Magnetic/Dipole, 5->Magnetic/Quad"
   &DensLevel [&Type "Integer"] 0 "// Source of density: relaxed, unrelaxed, ... 0->Unknown, 1->Linearized, 2->Unrelaxed, 3->Relaxed"
   &Density_name [&Type "String"] "Tdens-CIS"
   &Representation [&Type "String"] "Length" "Possible values: Unknown,  Length, Velocity"
   &PointGroup [&Type "String"] "C1"
   &DoHigherMoments [&Type "Boolean"] false
   &NTrans [&Type "Integer"] 8
   &ExcitationEnergies [&Type "ArrayOfDoubles", &Dim (8,11)] 
                                                         0                           1                           2                           3                           4                           5                           6                           7

0                                      9.1860896197648118e-02         7.4090817188359676e+02         1.3496949256987125e+04         1.1333398603953859e-03         5.0358335385765973e-01        -9.0455494807875920e-03         0.0000000000000000e+00        -6.9126460083708607e-01
1                                      9.3347269967228164e-01         7.5289658608310328e+03         1.3282036583569020e+03         4.7746027142529165e-03         2.0877452294935286e-01        -2.4305540468871095e-01         0.0000000000000000e+00         3.2761873746697773e-01
2                                      1.2982124665318431e+00         1.0470790783763645e+04         9.5503770503239639e+02         9.8130201670945882e-02         3.0853099276434177e+00         2.8630131495666356e-01         0.0000000000000000e+00        -1.6334998888735619e+00
3                                      1.5819753420535152e+00         1.2759492963403141e+04         7.8373020218609497e+02         2.1989734429353890e-04         5.6736449537001105e-03        -6.4662674689251756e-02         0.0000000000000000e+00         2.2683635492345759e-02
4                                      1.7840703637869586e+00         1.4389499411164477e+04         6.9495120811786069e+02         1.3904996594449805e-03         3.1812718925287649e-02        -2.2249317543210866e-02         0.0000000000000000e+00         1.5316239050285593e-01
5                                      1.8255823256665809e+00         1.4724315998642100e+04         6.7914869532290777e+02         5.5894412316011364e-04         1.2497088699300199e-02         7.0692907600939298e-02         0.0000000000000000e+00         8.2675735626922320e-02
6                                      2.1322523888289919e+00         1.7197777125999426e+04         5.8147049625861825e+02         7.5951301935690612e-03         1.4539132474624186e-01        -3.8793001187884639e-02         0.0000000000000000e+00         3.6477577389144494e-01
7                                      2.4840571741023481e+00         2.0035274375710094e+04         4.9911969322085105e+02         2.0744318657046037e-02         3.4086269082311088e-01        -2.4492780591760022e-01         0.0000000000000000e+00         4.4890136309311307e-01
                                                         8                           9                          10

0                                      0.0000000000000000e+00         1.6017110701307638e-01         0.0000000000000000e+00
1                                      0.0000000000000000e+00        -2.0582651933485960e-01         0.0000000000000000e+00
2                                      0.0000000000000000e+00         5.7880877476724890e-01         0.0000000000000000e+00
3                                      0.0000000000000000e+00        -3.1270371545322299e-02         0.0000000000000000e+00
4                                      0.0000000000000000e+00        -8.8650825882220008e-02         0.0000000000000000e+00
5                                      0.0000000000000000e+00         2.5774488409520496e-02         0.0000000000000000e+00
6                                      0.0000000000000000e+00        -1.0404356100680170e-01         0.0000000000000000e+00
7                                      0.0000000000000000e+00        -2.8171018250082175e-01         0.0000000000000000e+00
   &States [&Type "ArrayOfIntegers", &Dim (8,4)] "The initial and Final states. Col1: Initial State  Col2: Initial Irrep Col3: Final State Col4: Final Irrep"
                                                         0                           1                           2                           3

0                                                        0                           0                           1                           0
1                                                        0                           0                           2                           0
2                                                        0                           0                           3                           0
3                                                        0                           0                           4                           0
4                                                        0                           0                           5                           0
5                                                        0                           0                           6                           0
6                                                        0                           0                           7                           0
7                                                        0                           0                           8                           0
   &Multiplicities [&Type "ArrayOfDoubles", &Dim (8,2)] "Col1: Multiplicity of the initial state  Col2: Multiplicity of the final state"
                                                         0                           1

0                                      1.0000000000000000e+00         1.0000000000000000e+00
1                                      1.0000000000000000e+00         1.0000000000000000e+00
2                                      1.0000000000000000e+00         1.0000000000000000e+00
3                                      1.0000000000000000e+00         1.0000000000000000e+00
4                                      1.0000000000000000e+00         1.0000000000000000e+00
5                                      1.0000000000000000e+00         1.0000000000000000e+00
6                                      1.0000000000000000e+00         1.0000000000000000e+00
7                                      1.0000000000000000e+00         1.0000000000000000e+00
   &Temperature [&Type "Double"]       2.9814999999999998e+02
$End
$CIS_Absorption_Spectrum
   &GeometryIndex 1
   &Method [&Type "Integer"] 20
   &RelCorrection [&Type "Integer"] 1 "Type of relativistic treatment in QDPT. 0->Unknow, 1->None, 2->SOC, 3->SSC, 4->SOC/SSC"
   &DensType [&Type "Integer"] 3 "Type of density (electron/spin ...). 0->Unknow, 1->Electronic, 2->Spin, 3->Trans/Electronic, 4->Tran/Spin"
   &DeriType [&Type "Integer"] 0 "Type of derivative (w.r.t. to what perturbation). 0->Unknown, 1->No Derivative, 2->Electric/Dipole, 3->Electric/Quad, 4->Magnetic/Dipole, 5->Magnetic/Quad"
   &DensLevel [&Type "Integer"] 0 "// Source of density: relaxed, unrelaxed, ... 0->Unknown, 1->Linearized, 2->Unrelaxed, 3->Relaxed"
   &Density_name [&Type "String"] "Tdens-CIS"
   &Representation [&Type "String"] "Velocity" "Possible values: Unknown,  Length, Velocity"
   &PointGroup [&Type "String"] "C1"
   &DoHigherMoments [&Type "Boolean"] false
   &NTrans [&Type "Integer"] 8
   &ExcitationEnergies [&Type "ArrayOfDoubles", &Dim (8,11)] 
                                                         0                           1                           2                           3                           4                           5                           6                           7

0                                      9.1860896197648118e-02         7.4090817188359676e+02         1.3496949256987125e+04         8.6154944744872453e-01         4.3626615669177101e-03         3.0304151531146822e-03         0.0000000000000000e+00        -6.3556592032887174e-02
1                                      9.3347269967228164e-01         7.5289658608310328e+03         1.3282036583569020e+03         2.1322562049522154e-02         1.0971895071106815e-03        -2.0975467653347717e-02         0.0000000000000000e+00         1.6820542108998384e-02
2                                      1.2982124665318431e+00         1.0470790783763645e+04         9.5503770503239639e+02         1.4226873217752334e-01         1.0181127452925130e-02         1.7080075850073328e-02         0.0000000000000000e+00        -9.0133551481163088e-02
3                                      1.5819753420535152e+00         1.2759492963403141e+04         7.8373020218609497e+02         1.0501423814458094e-04         9.1577447313426233e-06        -2.8666046574672248e-03         0.0000000000000000e+00        -4.4521505204215140e-04
4                                      1.7840703637869586e+00         1.4389499411164477e+04         6.9495120811786069e+02         7.7627953588189425e-04         7.6343269301470864e-05        -9.5010487974332973e-04         0.0000000000000000e+00         5.9999839131607054e-03
5                                      1.8255823256665809e+00         1.4724315998642100e+04         6.7914869532290777e+02         2.0096880825236707e-04         2.0224170467338174e-05        -4.4874659075063378e-03         0.0000000000000000e+00        -9.8386330499558510e-05
6                                      2.1322523888289919e+00         1.7197777125999426e+04         5.8147049625861825e+02         7.2147448486685180e-04         8.4800853629322150e-05        -5.4793001801484520e-03         0.0000000000000000e+00         6.2228433454858869e-03
7                                      2.4840571741023481e+00         2.0035274375710094e+04         4.9911969322085105e+02         6.8567283876498613e-03         9.3889963761707522e-04        -1.0407170974962654e-02         0.0000000000000000e+00         1.9488803181897808e-02
                                                         8                           9                          10

0                                      0.0000000000000000e+00         1.7721110577010295e-02         0.0000000000000000e+00
1                                      0.0000000000000000e+00        -1.9346540439919933e-02         0.0000000000000000e+00
2                                      0.0000000000000000e+00         4.2015965528277383e-02         0.0000000000000000e+00
3                                      0.0000000000000000e+00         8.6145576007415629e-04         0.0000000000000000e+00
4                                      0.0000000000000000e+00        -6.2801881389629981e-03         0.0000000000000000e+00
5                                      0.0000000000000000e+00        -2.7774147381571715e-04         0.0000000000000000e+00
6                                      0.0000000000000000e+00        -4.0067872245340532e-03         0.0000000000000000e+00
7                                      0.0000000000000000e+00        -2.1231509142126945e-02         0.0000000000000000e+00
   &States [&Type "ArrayOfIntegers", &Dim (8,4)] "The initial and Final states. Col1: Initial State  Col2: Initial Irrep Col3: Final State Col4: Final Irrep"
                                                         0                           1                           2                           3

0                                                        0                           0                           1                           0
1                                                        0                           0                           2                           0
2                                                        0                           0                           3                           0
3                                                        0                           0                           4                           0
4                                                        0                           0                           5                           0
5                                                        0                           0                           6                           0
6                                                        0                           0                           7                           0
7                                                        0                           0                           8                           0
   &Multiplicities [&Type "ArrayOfDoubles", &Dim (8,2)] "Col1: Multiplicity of the initial state  Col2: Multiplicity of the final state"
                                                         0                           1

0                                      1.0000000000000000e+00         1.0000000000000000e+00
1                                      1.0000000000000000e+00         1.0000000000000000e+00
2                                      1.0000000000000000e+00         1.0000000000000000e+00
3                                      1.0000000000000000e+00         1.0000000000000000e+00
4                                      1.0000000000000000e+00         1.0000000000000000e+00
5                                      1.0000000000000000e+00         1.0000000000000000e+00
6                                      1.0000000000000000e+00         1.0000000000000000e+00
7                                      1.0000000000000000e+00         1.0000000000000000e+00
   &Temperature [&Type "Double"]       2.9814999999999998e+02
$End
$CIS_ECD_Spectrum
   &GeometryIndex 1
   &Method [&Type "Integer"] 20
   &RelCorrection [&Type "Integer"] 1 "Type of relativistic treatment in QDPT. 0->Unknow, 1->None, 2->SOC, 3->SSC, 4->SOC/SSC"
   &DensType [&Type "Integer"] 3 "Type of density (electron/spin ...). 0->Unknow, 1->Electronic, 2->Spin, 3->Trans/Electronic, 4->Tran/Spin"
   &DeriType [&Type "Integer"] 0 "Type of derivative (w.r.t. to what perturbation). 0->Unknown, 1->No Derivative, 2->Electric/Dipole, 3->Electric/Quad, 4->Magnetic/Dipole, 5->Magnetic/Quad"
   &DensLevel [&Type "Integer"] 0 "// Source of density: relaxed, unrelaxed, ... 0->Unknown, 1->Linearized, 2->Unrelaxed, 3->Relaxed"
   &Density_name [&Type "String"] "Tdens-CIS"
   &Representation [&Type "String"] "Length" "Possible values: Unknown,  Length, Velocity"
   &PointGroup [&Type "String"] "C1"
   &DoHigherMoments [&Type "Boolean"] false
   &NTrans [&Type "Integer"] 8
   &ExcitationEnergies [&Type "ArrayOfDoubles", &Dim (8,10)] 
                                                         0                           1                           2                           3                           4                           5                           6                           7

0                                      9.1860896197648118e-02         7.4090817188359676e+02         1.3496949256987125e+04         1.4497901491873664e+01         5.0012733713308208e-02         0.0000000000000000e+00         2.2238012162736326e-02         0.0000000000000000e+00
1                                      9.3347269967228164e-01         7.5289658608310328e+03         1.3282036583569020e+03        -1.3929353933428246e+01        -1.7915453136262579e-02         0.0000000000000000e+00         4.2596946055643042e-02         0.0000000000000000e+00
2                                      1.2982124665318431e+00         1.0470790783763645e+04         9.5503770503239639e+02        -1.5600037936237079e+01        -1.9411569143654203e-02         0.0000000000000000e+00        -3.1299551263238218e-02         0.0000000000000000e+00
3                                      1.5819753420535152e+00         1.2759492963403141e+04         7.8373020218609497e+02         1.2371732924309875e+00         1.4020483203844450e-02         0.0000000000000000e+00        -2.1159530075651283e-02         0.0000000000000000e+00
4                                      1.7840703637869586e+00         1.4389499411164477e+04         6.9495120811786069e+02        -4.4301408271673557e+00        -4.4793525381293581e-02         0.0000000000000000e+00         3.2425125001880634e-02         0.0000000000000000e+00
5                                      1.8255823256665809e+00         1.4724315998642100e+04         6.7914869532290777e+02        -2.3850019905136344e-01        -4.1624492545047749e-02         0.0000000000000000e+00         1.3197362714359945e-02         0.0000000000000000e+00
6                                      2.1322523888289919e+00         1.7197777125999426e+04         5.8147049625861825e+02        -2.1119243724893595e+00        -7.2517947330959509e-02         0.0000000000000000e+00         3.9091805160354653e-02         0.0000000000000000e+00
7                                      2.4840571741023481e+00         2.0035274375710094e+04         4.9911969322085105e+02        -2.3755236588736208e+00         1.1019441052180733e-02         0.0000000000000000e+00        -1.6294072634997665e-02         0.0000000000000000e+00
                                                         8                           9

0                                     -9.3193737145017844e-02         0.0000000000000000e+00
1                                     -5.4588341311578838e-02         0.0000000000000000e+00
2                                     -2.1562928969440003e-02         0.0000000000000000e+00
3                                      3.9577634637895459e-02         0.0000000000000000e+00
4                                     -3.8735051042001291e-02         0.0000000000000000e+00
5                                      9.1460228794811832e-02         0.0000000000000000e+00
6                                      1.2103874509074293e-01         0.0000000000000000e+00
7                                     -5.3431341787968614e-02         0.0000000000000000e+00
   &States [&Type "ArrayOfIntegers", &Dim (8,4)] "The initial and Final states. Col1: Initial State  Col2: Initial Irrep Col3: Final State Col4: Final Irrep"
                                                         0                           1                           2                           3

0                                                        0                           0                           1                           0
1                                                        0                           0                           2                           0
2                                                        0                           0                           3                           0
3                                                        0                           0                           4                           0
4                                                        0                           0                           5                           0
5                                                        0                           0                           6                           0
6                                                        0                           0                           7                           0
7                                                        0                           0                           8                           0
   &Multiplicities [&Type "ArrayOfDoubles", &Dim (8,2)] "Col1: Multiplicity of the initial state  Col2: Multiplicity of the final state"
                                                         0                           1

0                                      1.0000000000000000e+00         1.0000000000000000e+00
1                                      1.0000000000000000e+00         1.0000000000000000e+00
2                                      1.0000000000000000e+00         1.0000000000000000e+00
3                                      1.0000000000000000e+00         1.0000000000000000e+00
4                                      1.0000000000000000e+00         1.0000000000000000e+00
5                                      1.0000000000000000e+00         1.0000000000000000e+00
6                                      1.0000000000000000e+00         1.0000000000000000e+00
7                                      1.0000000000000000e+00         1.0000000000000000e+00
   &Temperature [&Type "Double"]       2.9814999999999998e+02
$End
$CIS_ECD_Spectrum
   &GeometryIndex 1
   &Method [&Type "Integer"] 20
   &RelCorrection [&Type "Integer"] 1 "Type of relativistic treatment in QDPT. 0->Unknow, 1->None, 2->SOC, 3->SSC, 4->SOC/SSC"
   &DensType [&Type "Integer"] 3 "Type of density (electron/spin ...). 0->Unknow, 1->Electronic, 2->Spin, 3->Trans/Electronic, 4->Tran/Spin"
   &DeriType [&Type "Integer"] 0 "Type of derivative (w.r.t. to what perturbation). 0->Unknown, 1->No Derivative, 2->Electric/Dipole, 3->Electric/Quad, 4->Magnetic/Dipole, 5->Magnetic/Quad"
   &DensLevel [&Type "Integer"] 0 "// Source of density: relaxed, unrelaxed, ... 0->Unknown, 1->Linearized, 2->Unrelaxed, 3->Relaxed"
   &Density_name [&Type "String"] "Tdens-CIS"
   &Representation [&Type "String"] "Velocity" "Possible values: Unknown,  Length, Velocity"
   &PointGroup [&Type "String"] "C1"
   &DoHigherMoments [&Type "Boolean"] false
   &NTrans [&Type "Integer"] 8
   &ExcitationEnergies [&Type "ArrayOfDoubles", &Dim (8,10)] 
                                                         0                           1                           2                           3                           4                           5                           6                           7

0                                      9.1860896197648118e-02         7.4090817188359676e+02         1.3496949256987125e+04        -4.0685790108236546e+02         5.0012733713308208e-02         0.0000000000000000e+00         2.2238012162736326e-02         0.0000000000000000e+00
1                                      9.3347269967228164e-01         7.5289658608310328e+03         1.3282036583569020e+03         2.9525493273852295e+01        -1.7915453136262579e-02         0.0000000000000000e+00         4.2596946055643042e-02         0.0000000000000000e+00
2                                      1.2982124665318431e+00         1.0470790783763645e+04         9.5503770503239639e+02         1.5649011412249267e+01        -1.9411569143654203e-02         0.0000000000000000e+00        -3.1299551263238218e-02         0.0000000000000000e+00
3                                      1.5819753420535152e+00         1.2759492963403141e+04         7.8373020218609497e+02         2.6953438128123782e-02         1.4020483203844450e-02         0.0000000000000000e+00        -2.1159530075651283e-02         0.0000000000000000e+00
4                                      1.7840703637869586e+00         1.4389499411164477e+04         6.9495120811786069e+02         3.4542414262140690e+00        -4.4793525381293581e-02         0.0000000000000000e+00         3.2425125001880634e-02         0.0000000000000000e+00
5                                      1.8255823256665809e+00         1.4724315998642100e+04         6.7914869532290777e+02         1.1249766304944691e+00        -4.1624492545047749e-02         0.0000000000000000e+00         1.3197362714359945e-02         0.0000000000000000e+00
6                                      2.1322523888289919e+00         1.7197777125999426e+04         5.8147049625861825e+02         9.3637689269810886e-01        -7.2517947330959509e-02         0.0000000000000000e+00         3.9091805160354653e-02         0.0000000000000000e+00
7                                      2.4840571741023481e+00         2.0035274375710094e+04         4.9911969322085105e+02         3.6264597558430256e+00         1.1019441052180733e-02         0.0000000000000000e+00        -1.6294072634997665e-02         0.0000000000000000e+00
                                                         8                           9

0                                     -9.3193737145017844e-02         0.0000000000000000e+00
1                                     -5.4588341311578838e-02         0.0000000000000000e+00
2                                     -2.1562928969440003e-02         0.0000000000000000e+00
3                                      3.9577634637895459e-02         0.0000000000000000e+00
4                                     -3.8735051042001291e-02         0.0000000000000000e+00
5                                      9.1460228794811832e-02         0.0000000000000000e+00
6                                      1.2103874509074293e-01         0.0000000000000000e+00
7                                     -5.3431341787968614e-02         0.0000000000000000e+00
   &States [&Type "ArrayOfIntegers", &Dim (8,4)] "The initial and Final states. Col1: Initial State  Col2: Initial Irrep Col3: Final State Col4: Final Irrep"
                                                         0                           1                           2                           3

0                                                        0                           0                           1                           0
1                                                        0                           0                           2                           0
2                                                        0                           0                           3                           0
3                                                        0                           0                           4                           0
4                                                        0                           0                           5                           0
5                                                        0                           0                           6                           0
6                                                        0                           0                           7                           0
7                                                        0                           0                           8                           0
   &Multiplicities [&Type "ArrayOfDoubles", &Dim (8,2)] "Col1: Multiplicity of the initial state  Col2: Multiplicity of the final state"
                                                         0                           1

0                                      1.0000000000000000e+00         1.0000000000000000e+00
1                                      1.0000000000000000e+00         1.0000000000000000e+00
2                                      1.0000000000000000e+00         1.0000000000000000e+00
3                                      1.0000000000000000e+00         1.0000000000000000e+00
4                                      1.0000000000000000e+00         1.0000000000000000e+00
5                                      1.0000000000000000e+00         1.0000000000000000e+00
6                                      1.0000000000000000e+00         1.0000000000000000e+00
7                                      1.0000000000000000e+00         1.0000000000000000e+00
   &Temperature [&Type "Double"]       2.9814999999999998e+02
$End
$CIS_Energies
   &GeometryIndex 1
   &e0 [&Type "Double"]      -7.5069886426435164e+02  "Ground state energy"
   &multP1 [&Type "Boolean"] false "Do the higher multiplicity too?"
   &mode [&Type "String"] "TDA" "CIS mode: CIS, RPA, TDA, TD-DFT, sTDA, sTD-DFT"
   &dCorr [&Type "Integer"] 0 "(D) Correction algorithm"
   &Method [&Type "String"] "TDA/CIS"
   &totalEnergy [&Type "ArrayOfDoubles", &Dim (8,1)] "Total energy of each state"
                                                         0

0                                     -7.5069548843832888e+02
1                                     -7.5066455977178134e+02
2                                     -7.5065115583117688e+02
3                                     -7.5064072773675218e+02
4                                     -7.5063330088091163e+02
5                                     -7.5063177534429087e+02
6                                     -7.5062050542615930e+02
7                                     -7.5060757683741019e+02
   &Mult [&Type "ArrayOfIntegers", &Dim (8,1)] "Multiplicity of each state"
                                                         0

0                                                        1
1                                                        1
2                                                        1
3                                                        1
4                                                        1
5                                                        1
6                                                        1
7                                                        1
   &RelCorr [&Type "String"] "None" "Relativistic correction (SOC and/or SSC)"
   &NBlocks [&Type "Integer"] 1 "Number of multiplicity blocks"
   &NRoots [&Type "ArrayOfIntegers", &Dim (1,1)] "Number of roots in each block"
                                                         0

0                                                        8
   &NTotalRoots [&Type "Integer"] 8 "Total number of roots"
   &Block [&Type "ArrayOfIntegers", &Dim (8,1)] "Block index of each state"
                                                         0

0                                                        0
1                                                        0
2                                                        0
3                                                        0
4                                                        0
5                                                        0
6                                                        0
7                                                        0
   &Root [&Type "ArrayOfIntegers", &Dim (8,1)] "Root index within the block"
                                                         0

0                                                        0
1                                                        1
2                                                        2
3                                                        3
4                                                        4
5                                                        5
6                                                        6
7                                                        7
$End
$Single_Point_Data
   &GeometryIndex 1
   &FinalEnergy [&Type "Double"]      -7.5069548843832888e+02  "Final single point energy"
   &Converged [&Type "Boolean"] true
$End
$Calculation_Info
   &GeometryIndex 1
   &Mult [&Type "Integer"] 1
   &Charge [&Type "Integer"] 0
   &NumOfAtoms [&Type "Integer"] 30
   &NumOfElectrons [&Type "Integer"] 118
   &NumOfBasisFuncts [&Type "Integer"] 316
   &NumOfAuxCBasisFuncts [&Type "Integer"] 0
   &NumOfAuxJBasisFuncts [&Type "Integer"] 938
   &NumOfAuxJKBasisFuncts [&Type "Integer"] 0
   &NumOfCABSBasisFuncts [&Type "Integer"] 0
$End
$SCF_Dipole_Moment
   &GeometryIndex 1
   &dipoleMagnitude [&Type "Double", &Units "a.u."]       5.9411694025868744e+00
   &dipoleElecContrib [&Type "ArrayOfDoubles", &Dim (3,1)] "Electronic contribution"
                                                         0

0                                      7.6643502061858984e+00
1                                      2.3613152456478311e+01
2                                     -1.5788852209361393e+00
   &dipoleNucContrib [&Type "ArrayOfDoubles", &Dim (3,1)] "Nuclear contribution"
                                                         0

0                                     -7.4375882078666944e+00
1                                     -1.7886774288131505e+01
2                                      1.2147865973969996e-02
   &dipoleTotal [&Type "ArrayOfDoubles", &Dim (3,1)] "Total"
                                                         0

0                                      2.2676199831920396e-01
1                                      5.7263781683468054e+00
2                                     -1.5667373549621693e+00
   &doAtomicDipole [&Type "Boolean"] false
   &Method [&Type "String"] "SCF"
   &Level [&Type "String"] "Relaxed density"
   &Mult [&Type "Integer"] 1
   &State [&Type "Integer"] -1
   &Irrep [&Type "Integer"] 0
$End
$Calculation_Timings
   &GeometryIndex 1
   &GTOINT [&Type "Double"]       2.8983449999999999e+00
   &SCF [&Type "Double"]       8.6263982999999996e+01
   &CIS [&Type "Double"]       2.2852941000000001e+01
   &PROPINT [&Type "Double"]       1.5739349999999916e+00
   &PROP [&Type "Double"]       1.5538099999999986e+00
   &SUM [&Type "Double"]       1.1514301399999999e+02
$End
