*************************************************
******************* ORCA 6.1.1 ******************
*************************************************
$Calculation_Status
   &GeometryIndex 1
   &version [&Type "String"] "6.1.1"
   &progName [&Type "String"] "ProgCIS"
   &Status [&Type "String"] "NORMAL TERMINATION"
$End
$Geometry
   &GeometryIndex 1
   &NAtoms [&Type "Integer"] 44
   &NCorelessECP [&Type "Integer"] 0
   &NGhostAtoms [&Type "Integer"] 0
   &CartesianCoordinates [&Type "Coordinates", &Dim(44,4), &Units "Bohr"] 
              C    -11.329806841831   -0.417425204438    3.040559406905
              C     -9.496424043142    0.476896975372    0.983905050388
              C     -9.385386748115   -1.337845743967   -1.274603305150
              C     -7.630267399933   -0.481790888939   -3.421609354654
              N     -4.972127101639   -0.324112403515   -2.686551301419
              C     -3.681412687205    1.933303563337   -2.171690488398
              O     -4.602199641392    4.053248297659   -2.239316513173
              C     -1.046775096624    1.201476072125   -1.561581407106
              C     -0.852434948632   -1.392603662795   -1.744293986692
              C     -3.356693096162   -2.412271048037   -2.478504888937
              O     -3.959459760253   -4.613598465995   -2.854213553481
              C      1.412250520659   -2.723792530017   -1.286183252633
              N      1.451018513277   -5.267379302694   -1.511242506365
              C      3.544604430124   -1.196258368421   -0.594971505631
              C      3.342454605457    1.500738701356   -0.404443790102
              C      1.000227515123    2.776804065362   -0.898147762759
              N      0.659603039537    5.304145490735   -0.765514749289
              C      5.560547450551    3.034869438704    0.310618985985
              O      5.455804811892    5.372731768376    0.490020278904
              C      7.990355129696    1.732511202914    0.831335679654
              C      8.188226217744   -0.907095353222    0.644843123876
              C      5.973030991140   -2.469414799140   -0.078656925714
              O      6.217679132780   -4.798803149134   -0.229860988267
              C     10.503734139778   -2.093289445354    1.146019067987
              C     12.599136152672   -0.657633343433    1.826637320807
              C     12.401681647843    1.977505221557    2.012473357546
              C     10.109514371840    3.167274781513    1.517264994534
              H    -10.782726785780   -2.277340314371    3.776008596632
              H    -11.371422836815    0.903310840104    4.635448993510
              H    -13.262103922615   -0.579562637542    2.305785342965
              H    -10.047203417266    2.366527065851    0.323411673955
              H     -7.599682014541    0.686407233972    1.799659478565
              H     -8.799872891101   -3.226554600241   -0.646829531970
              H    -11.285968880560   -1.553223181840   -2.086008489487
              H     -8.153005855255    1.402508603710   -4.093814783852
              H     -7.754245862529   -1.804689341104   -5.007338701587
              H     -0.163728817356   -6.157837648356   -2.017571444347
              H      3.096507686839   -6.181908704683   -1.172672437317
              H     -1.075379600854    6.007305369212   -1.155495795146
              H      2.154160045514    6.396042159831   -0.283332004935
              H     10.607749619065   -4.134534296289    0.988382348768
              H     14.391359563125   -1.582518182907    2.214273079986
              H     14.040877104863    3.094737991375    2.543988878407
              H      9.907805522287    5.203137773372    1.647299835832
$End
$SCF_Mulliken_Population_Analysis
   &GeometryIndex 1
   &NAtoms [&Type "Integer"] 44
   &ATNO [&Type "ArrayOfIntegers", &Dim (44,1)] 
                                                         0

0                                                        6
1                                                        6
2                                                        6
3                                                        6
4                                                        7
5                                                        6
6                                                        8
7                                                        6
8                                                        6
9                                                        6
10                                                       8
11                                                       6
12                                                       7
13                                                       6
14                                                       6
15                                                       6
16                                                       7
17                                                       6
18                                                       8
19                                                       6
20                                                       6
21                                                       6
22                                                       8
23                                                       6
24                                                       6
25                                                       6
26                                                       6
27                                                       1
28                                                       1
29                                                       1
30                                                       1
31                                                       1
32                                                       1
33                                                       1
34                                                       1
35                                                       1
36                                                       1
37                                                       1
38                                                       1
39                                                       1
40                                                       1
41                                                       1
42                                                       1
43                                                       1
   &AtomicCharges [&Type "ArrayOfDoubles", &Dim (44,1)] 
                                                         0

0                                     -4.5616509532267369e-01
1                                     -2.5652898595490825e-01
2                                     -2.6324772060680957e-01
3                                     -1.6577177852994485e-01
4                                     -4.9566836143958071e-01
5                                      5.3596596084744341e-01
6                                     -4.5972578848136436e-01
7                                     -3.9900331635507769e-02
8                                     -3.6437014554564051e-02
9                                      5.3484104846550018e-01
10                                    -4.6117539950600239e-01
11                                     2.6314882491938185e-01
12                                    -8.2859665234452873e-01
13                                    -3.7203541391388484e-03
14                                    -3.5770040560842986e-03
15                                     2.6353812502278462e-01
16                                    -8.2853015054417867e-01
17                                     3.0305540493066818e-01
18                                    -4.8521616966209535e-01
19                                     4.5795156412870242e-02
20                                     4.5790812956250981e-02
21                                     3.0316542233590571e-01
22                                    -4.8515543069037292e-01
23                                    -1.8885955761022899e-01
24                                    -1.4395120385256543e-01
25                                    -1.4396140609891539e-01
26                                    -1.8896110498996865e-01
27                                     1.4886781263902238e-01
28                                     1.4988958618170967e-01
29                                     1.4883037533559862e-01
30                                     1.4077005792446329e-01
31                                     1.4208938736573695e-01
32                                     1.5152818108107269e-01
33                                     1.5393632084128317e-01
34                                     1.8383241500308056e-01
35                                     1.8354697665858100e-01
36                                     3.7485200660096130e-01
37                                     3.8791387774949948e-01
38                                     3.7489596721385210e-01
39                                     3.8797190865986608e-01
40                                     1.7662444083918005e-01
41                                     1.7881479077160911e-01
42                                     1.7887124552515199e-01
43                                     1.7661340373800360e-01
   &Method [&Type "String"] "SCF"
   &Level [&Type "String"] "Relaxed density"
   &Mult [&Type "Integer"] 1
   &State [&Type "Integer"] -1
   &Irrep [&Type "Integer"] 0
$End
$SCF_Loewdin_Population_Analysis
   &GeometryIndex 1
   &NAtoms [&Type "Integer"] 44
   &ATNO [&Type "ArrayOfIntegers", &Dim (44,1)] 
                                                         0

0                                                        6
1                                                        6
2                                                        6
3                                                        6
4                                                        7
5                                                        6
6                                                        8
7                                                        6
8                                                        6
9                                                        6
10                                                       8
11                                                       6
12                                                       7
13                                                       6
14                                                       6
15                                                       6
16                                                       7
17                                                       6
18                                                       8
19                                                       6
20                                                       6
21                                                       6
22                                                       8
23                                                       6
24                                                       6
25                                                       6
26                                                       6
27                                                       1
28                                                       1
29                                                       1
30                                                       1
31                                                       1
32                                                       1
33                                                       1
34                                                       1
35                                                       1
36                                                       1
37                                                       1
38                                                       1
39                                                       1
40                                                       1
41                                                       1
42                                                       1
43                                                       1
   &AtomicCharges [&Type "ArrayOfDoubles", &Dim (44,1)] 
                                                         0

0                                     -3.7184960074590379e-01
1                                     -2.4050030121212451e-01
2                                     -2.3994074704998081e-01
3                                     -1.5636354222634274e-01
4                                     -5.6167760421295121e-02
5                                      1.5205424338187701e-01
6                                     -2.5259395415632646e-01
7                                     -5.2636937890110147e-02
8                                     -5.2076629125399343e-02
9                                      1.5336998268501656e-01
10                                    -2.5341536155702826e-01
11                                     6.3680851055567977e-02
12                                    -3.6019797740449899e-01
13                                    -7.2754652272760900e-02
14                                    -7.2873610812291822e-02
15                                     6.3802320919410072e-02
16                                    -3.6013366884070308e-01
17                                     1.3566854628253200e-01
18                                    -2.6464500605558428e-01
19                                    -4.6065561458730642e-02
20                                    -4.6090577629605889e-02
21                                     1.3568434020837472e-01
22                                    -2.6460270720508738e-01
23                                    -1.0342030269461677e-01
24                                    -1.1382975692887598e-01
25                                    -1.1385212576636228e-01
26                                    -1.0344424899107718e-01
27                                     1.2629247657071940e-01
28                                     1.2852262509664980e-01
29                                     1.2590596716229396e-01
30                                     1.2280494784983675e-01
31                                     1.2251265824997082e-01
32                                     1.2862716699900478e-01
33                                     1.3395927094826832e-01
34                                     1.4886158279402273e-01
35                                     1.4759049264537949e-01
36                                     2.6991888044711554e-01
37                                     2.7431969321913652e-01
38                                     2.6990369999321040e-01
39                                     2.7434738217371613e-01
40                                     1.5586013367271223e-01
41                                     1.5394968357693883e-01
42                                     1.5397996747717746e-01
43                                     1.5583811703572115e-01
   &Method [&Type "String"] "SCF"
   &Level [&Type "String"] "Relaxed density"
   &Mult [&Type "Integer"] 1
   &State [&Type "Integer"] -1
   &Irrep [&Type "Integer"] 0
$End
$SCF_Mayer_Population_Analysis
   &GeometryIndex 1
   &NAtoms [&Type "Integer"] 44 "Total number of atoms"
   &NBondOrdersPrint [&Type "Integer"] 47 "The number of bond orders larger than threshold"
   &bondThresh [&Type "Double"]       1.0000000000000001e-01  "The threshold for printing"
   &components [&Type "ArrayOfIntegers", &Dim (47,4)] "The indices and atomic numbers of the bonding atoms"
                                                         0                           1                           2                           3

0                                                        0                           6                           1                           6
1                                                        0                           6                          27                           1
2                                                        0                           6                          28                           1
3                                                        0                           6                          29                           1
4                                                        1                           6                           2                           6
5                                                        1                           6                          30                           1
6                                                        1                           6                          31                           1
7                                                        2                           6                           3                           6
8                                                        2                           6                          32                           1
9                                                        2                           6                          33                           1
10                                                       3                           6                           4                           7
11                                                       3                           6                          34                           1
12                                                       3                           6                          35                           1
13                                                       4                           7                           5                           6
14                                                       4                           7                           9                           6
15                                                       5                           6                           6                           8
16                                                       5                           6                           7                           6
17                                                       7                           6                           8                           6
18                                                       7                           6                          15                           6
19                                                       8                           6                           9                           6
20                                                       8                           6                          11                           6
21                                                       9                           6                          10                           8
22                                                      11                           6                          12                           7
23                                                      11                           6                          13                           6
24                                                      12                           7                          36                           1
25                                                      12                           7                          37                           1
26                                                      13                           6                          14                           6
27                                                      13                           6                          21                           6
28                                                      14                           6                          15                           6
29                                                      14                           6                          17                           6
30                                                      15                           6                          16                           7
31                                                      16                           7                          38                           1
32                                                      16                           7                          39                           1
33                                                      17                           6                          18                           8
34                                                      17                           6                          19                           6
35                                                      19                           6                          20                           6
36                                                      19                           6                          26                           6
37                                                      20                           6                          21                           6
38                                                      20                           6                          23                           6
39                                                      21                           6                          22                           8
40                                                      23                           6                          24                           6
41                                                      23                           6                          40                           1
42                                                      24                           6                          25                           6
43                                                      24                           6                          41                           1
44                                                      25                           6                          26                           6
45                                                      25                           6                          42                           1
46                                                      26                           6                          43                           1
   &BondOrders [&Type "ArrayOfDoubles", &Dim (47,1)] "The bond orders"
                                                         0

0                                      1.0181184621654709e+00
1                                      9.5513403008958186e-01
2                                      9.5577611657276140e-01
3                                      9.5561486078096158e-01
4                                      1.0144406625648463e+00
5                                      9.4666618481287323e-01
6                                      9.4483506314193799e-01
7                                      9.9840246220276041e-01
8                                      9.3908749159696592e-01
9                                      9.3774137769979082e-01
10                                     8.9811859667707339e-01
11                                     9.2501419269339547e-01
12                                     9.3068904314329126e-01
13                                     1.0167977795825092e+00
14                                     1.0172268834387395e+00
15                                     1.8558077173459671e+00
16                                     9.5790983023120280e-01
17                                     1.4592060088830372e+00
18                                     1.2398218149541063e+00
19                                     9.6117964763788311e-01
20                                     1.2393753254122055e+00
21                                     1.8576096845156473e+00
22                                     1.1665873571393877e+00
23                                     1.2555288372312916e+00
24                                     7.8387733271915094e-01
25                                     7.4653507557060383e-01
26                                     1.2945251494591328e+00
27                                     1.0155489263234556e+00
28                                     1.2559560099003335e+00
29                                     1.0155093411396305e+00
30                                     1.1668699928893940e+00
31                                     7.8370267555829098e-01
32                                     7.4649640213452306e-01
33                                     1.7702061832785891e+00
34                                     9.9036363154025542e-01
35                                     1.3802647228611027e+00
36                                     1.3790742493791868e+00
37                                     9.9042895224295979e-01
38                                     1.3790515147057487e+00
39                                     1.7702778338591671e+00
40                                     1.4323788312107879e+00
41                                     9.1201775453061362e-01
42                                     1.4097813220278401e+00
43                                     9.2748727262041364e-01
44                                     1.4323940429428887e+00
45                                     9.2746802848405641e-01
46                                     9.1202183489304733e-01
   &ATNO [&Type "ArrayOfIntegers", &Dim (44,1)] "Atomic number of the elements"
                                                         0

0                                                        6
1                                                        6
2                                                        6
3                                                        6
4                                                        7
5                                                        6
6                                                        8
7                                                        6
8                                                        6
9                                                        6
10                                                       8
11                                                       6
12                                                       7
13                                                       6
14                                                       6
15                                                       6
16                                                       7
17                                                       6
18                                                       8
19                                                       6
20                                                       6
21                                                       6
22                                                       8
23                                                       6
24                                                       6
25                                                       6
26                                                       6
27                                                       1
28                                                       1
29                                                       1
30                                                       1
31                                                       1
32                                                       1
33                                                       1
34                                                       1
35                                                       1
36                                                       1
37                                                       1
38                                                       1
39                                                       1
40                                                       1
41                                                       1
42                                                       1
43                                                       1
   &NA [&Type "ArrayOfDoubles", &Dim (44,1)] "Mulliken gross atomic population"
                                                         0

0                                      6.4561650953226710e+00
1                                      6.2565289859549100e+00
2                                      6.2632477206068122e+00
3                                      6.1657717785299511e+00
4                                      7.4956683614395772e+00
5                                      5.4640340391525601e+00
6                                      8.4597257884813644e+00
7                                      6.0399003316355069e+00
8                                      6.0364370145545658e+00
9                                      5.4651589515345016e+00
10                                     8.4611753995060042e+00
11                                     5.7368511750806217e+00
12                                     7.8285966523445278e+00
13                                     6.0037203541391424e+00
14                                     6.0035770040560870e+00
15                                     5.7364618749772172e+00
16                                     7.8285301505441822e+00
17                                     5.6969445950693363e+00
18                                     8.4852161696620954e+00
19                                     5.9542048435871298e+00
20                                     5.9542091870437490e+00
21                                     5.6968345776640943e+00
22                                     8.4851554306903694e+00
23                                     6.1888595576102299e+00
24                                     6.1439512038525672e+00
25                                     6.1439614060989163e+00
26                                     6.1889611049899678e+00
27                                     8.5113218736097762e-01
28                                     8.5011041381829000e-01
29                                     8.5116962466440138e-01
30                                     8.5922994207553693e-01
31                                     8.5791061263426283e-01
32                                     8.4847181891892709e-01
33                                     8.4606367915871672e-01
34                                     8.1616758499691955e-01
35                                     8.1645302334141878e-01
36                                     6.2514799339903870e-01
37                                     6.1208612225050052e-01
38                                     6.2510403278614790e-01
39                                     6.1202809134013370e-01
40                                     8.2337555916082017e-01
41                                     8.2118520922839100e-01
42                                     8.2112875447484801e-01
43                                     8.2338659626199606e-01
   &ZA [&Type "ArrayOfDoubles", &Dim (44,1)] "Total nuclear charge"
                                                         0

0                                      6.0000000000000000e+00
1                                      6.0000000000000000e+00
2                                      6.0000000000000000e+00
3                                      6.0000000000000000e+00
4                                      7.0000000000000000e+00
5                                      6.0000000000000000e+00
6                                      8.0000000000000000e+00
7                                      6.0000000000000000e+00
8                                      6.0000000000000000e+00
9                                      6.0000000000000000e+00
10                                     8.0000000000000000e+00
11                                     6.0000000000000000e+00
12                                     7.0000000000000000e+00
13                                     6.0000000000000000e+00
14                                     6.0000000000000000e+00
15                                     6.0000000000000000e+00
16                                     7.0000000000000000e+00
17                                     6.0000000000000000e+00
18                                     8.0000000000000000e+00
19                                     6.0000000000000000e+00
20                                     6.0000000000000000e+00
21                                     6.0000000000000000e+00
22                                     8.0000000000000000e+00
23                                     6.0000000000000000e+00
24                                     6.0000000000000000e+00
25                                     6.0000000000000000e+00
26                                     6.0000000000000000e+00
27                                     1.0000000000000000e+00
28                                     1.0000000000000000e+00
29                                     1.0000000000000000e+00
30                                     1.0000000000000000e+00
31                                     1.0000000000000000e+00
32                                     1.0000000000000000e+00
33                                     1.0000000000000000e+00
34                                     1.0000000000000000e+00
35                                     1.0000000000000000e+00
36                                     1.0000000000000000e+00
37                                     1.0000000000000000e+00
38                                     1.0000000000000000e+00
39                                     1.0000000000000000e+00
40                                     1.0000000000000000e+00
41                                     1.0000000000000000e+00
42                                     1.0000000000000000e+00
43                                     1.0000000000000000e+00
   &QA [&Type "ArrayOfDoubles", &Dim (44,1)] "Mulliken gross atomic charge"
                                                         0

0                                     -4.5616509532267102e-01
1                                     -2.5652898595491003e-01
2                                     -2.6324772060681223e-01
3                                     -1.6577177852995106e-01
4                                     -4.9566836143957715e-01
5                                      5.3596596084743986e-01
6                                     -4.5972578848136436e-01
7                                     -3.9900331635506880e-02
8                                     -3.6437014554565827e-02
9                                      5.3484104846549840e-01
10                                    -4.6117539950600417e-01
11                                     2.6314882491937830e-01
12                                    -8.2859665234452784e-01
13                                    -3.7203541391424011e-03
14                                    -3.5770040560869631e-03
15                                     2.6353812502278284e-01
16                                    -8.2853015054418222e-01
17                                     3.0305540493066374e-01
18                                    -4.8521616966209535e-01
19                                     4.5795156412870242e-02
20                                     4.5790812956250981e-02
21                                     3.0316542233590571e-01
22                                    -4.8515543069036937e-01
23                                    -1.8885955761022988e-01
24                                    -1.4395120385256721e-01
25                                    -1.4396140609891628e-01
26                                    -1.8896110498996777e-01
27                                     1.4886781263902238e-01
28                                     1.4988958618171000e-01
29                                     1.4883037533559862e-01
30                                     1.4077005792446307e-01
31                                     1.4208938736573717e-01
32                                     1.5152818108107291e-01
33                                     1.5393632084128328e-01
34                                     1.8383241500308045e-01
35                                     1.8354697665858122e-01
36                                     3.7485200660096130e-01
37                                     3.8791387774949948e-01
38                                     3.7489596721385210e-01
39                                     3.8797190865986630e-01
40                                     1.7662444083917983e-01
41                                     1.7881479077160900e-01
42                                     1.7887124552515199e-01
43                                     1.7661340373800394e-01
   &VA [&Type "ArrayOfDoubles", &Dim (44,1)] "Mayer's total valence"
                                                         0

0                                      3.8689902693537723e+00
1                                      3.8879786525939797e+00
2                                      3.8530706456618615e+00
3                                      3.7992766914973952e+00
4                                      3.0565119293928689e+00
5                                      3.9174840546197265e+00
6                                      2.1087023238924507e+00
7                                      3.8805219127260338e+00
8                                      3.8809449927148636e+00
9                                      3.9179564125294335e+00
10                                     2.1053917019403090e+00
11                                     3.8264306654164839e+00
12                                     2.8526227438051444e+00
13                                     3.7728721427654719e+00
14                                     3.7733181308547996e+00
15                                     3.8268464284372889e+00
16                                     2.8529070857525212e+00
17                                     3.9098419441379066e+00
18                                     2.0765708838837749e+00
19                                     3.8849694059189295e+00
20                                     3.8850717323080284e+00
21                                     3.9099122519564093e+00
22                                     2.0766720031072023e+00
23                                     3.8916845902509118e+00
24                                     3.8977784512961797e+00
25                                     3.8977338405755724e+00
26                                     3.8917613526591044e+00
27                                     9.3661266576449353e-01
28                                     9.3597486697225474e-01
29                                     9.3648562152501358e-01
30                                     9.3522458051420332e-01
31                                     9.3465587320964905e-01
32                                     9.3934892574206996e-01
33                                     9.3345185521378493e-01
34                                     9.3860996587219570e-01
35                                     9.2990781131493816e-01
36                                     8.5910945999783550e-01
37                                     8.6084701098566818e-01
38                                     8.5912232211937023e-01
39                                     8.6081283542964326e-01
40                                     9.4487622121756942e-01
41                                     9.3086149053910927e-01
42                                     9.3084416316792429e-01
43                                     9.4489673556177189e-01
   &BVA [&Type "ArrayOfDoubles", &Dim (44,1)] "Mayer's bonded valence"
                                                         0

0                                      3.8689902693537492e+00
1                                      3.8879786525940001e+00
2                                      3.8530706456618571e+00
3                                      3.7992766914973974e+00
4                                      3.0565119293928786e+00
5                                      3.9174840546197229e+00
6                                      2.1087023238924854e+00
7                                      3.8805219127259467e+00
8                                      3.8809449927148769e+00
9                                      3.9179564125294175e+00
10                                     2.1053917019402846e+00
11                                     3.8264306654164892e+00
12                                     2.8526227438051830e+00
13                                     3.7728721427654843e+00
14                                     3.7733181308547952e+00
15                                     3.8268464284371762e+00
16                                     2.8529070857524932e+00
17                                     3.9098419441379044e+00
18                                     2.0765708838837700e+00
19                                     3.8849694059189654e+00
20                                     3.8850717323080168e+00
21                                     3.9099122519564182e+00
22                                     2.0766720031071593e+00
23                                     3.8916845902509118e+00
24                                     3.8977784512961895e+00
25                                     3.8977338405755724e+00
26                                     3.8917613526591293e+00
27                                     9.3661266576449353e-01
28                                     9.3597486697225529e-01
29                                     9.3648562152501102e-01
30                                     9.3522458051420831e-01
31                                     9.3465587320964816e-01
32                                     9.3934892574206774e-01
33                                     9.3345185521378982e-01
34                                     9.3860996587219669e-01
35                                     9.2990781131493616e-01
36                                     8.5910945999783861e-01
37                                     8.6084701098567240e-01
38                                     8.5912232211936945e-01
39                                     8.6081283542964881e-01
40                                     9.4487622121755921e-01
41                                     9.3086149053911815e-01
42                                     9.3084416316792673e-01
43                                     9.4489673556177078e-01
   &FA [&Type "ArrayOfDoubles", &Dim (44,1)] "Mayer's free valence"
                                                         0

0                                      0.0000000000000000e+00
1                                      0.0000000000000000e+00
2                                      0.0000000000000000e+00
3                                      0.0000000000000000e+00
4                                      0.0000000000000000e+00
5                                      0.0000000000000000e+00
6                                      0.0000000000000000e+00
7                                      0.0000000000000000e+00
8                                      0.0000000000000000e+00
9                                      0.0000000000000000e+00
10                                     0.0000000000000000e+00
11                                     0.0000000000000000e+00
12                                     0.0000000000000000e+00
13                                     0.0000000000000000e+00
14                                     0.0000000000000000e+00
15                                     0.0000000000000000e+00
16                                     0.0000000000000000e+00
17                                     0.0000000000000000e+00
18                                     0.0000000000000000e+00
19                                     0.0000000000000000e+00
20                                     0.0000000000000000e+00
21                                     0.0000000000000000e+00
22                                     0.0000000000000000e+00
23                                     0.0000000000000000e+00
24                                     0.0000000000000000e+00
25                                     0.0000000000000000e+00
26                                     0.0000000000000000e+00
27                                     0.0000000000000000e+00
28                                     0.0000000000000000e+00
29                                     0.0000000000000000e+00
30                                     0.0000000000000000e+00
31                                     0.0000000000000000e+00
32                                     0.0000000000000000e+00
33                                     0.0000000000000000e+00
34                                     0.0000000000000000e+00
35                                     0.0000000000000000e+00
36                                     0.0000000000000000e+00
37                                     0.0000000000000000e+00
38                                     0.0000000000000000e+00
39                                     0.0000000000000000e+00
40                                     0.0000000000000000e+00
41                                     0.0000000000000000e+00
42                                     0.0000000000000000e+00
43                                     0.0000000000000000e+00
   &Method [&Type "String"] "SCF"
   &Level [&Type "String"] "Relaxed density"
   &Mult [&Type "Integer"] 1
   &State [&Type "Integer"] -1
   &Irrep [&Type "Integer"] 0
$End
$SCF_Energy
   &GeometryIndex 1
   &Method [&Type "String"] "SCF"
   &totalEnergy [&Type "ArrayOfDoubles", &Dim (1,1)] "Total energy of each state"
                                                         0

0                                     -1.2370002381854056e+03
   &Mult [&Type "ArrayOfIntegers", &Dim (1,1)] "Multiplicity of each state"
                                                         0

0                                                        1
$End
$DFT_Energy
   &GeometryIndex 1
   &nAlphaEl [&Type "Integer"] 95
   &nBetaEl [&Type "Integer"] 95
   &nTotalEl [&Type "Integer"] 190
   &finalEn [&Type "Double"]      -1.2370002381854056e+03  "No Van der Waals correction"
   &eExchange [&Type "Double"]       0.0000000000000000e+00
   &eCorr [&Type "Double"]       0.0000000000000000e+00
   &eXC [&Type "Double"]      -1.2380545174905475e+02
   &eCNL [&Type "Double"]       0.0000000000000000e+00
$End
$Solvation_Details
   &GeometryIndex 1
   &Solvent [&Type "String"] "WATER"
   &Epsilon [&Type "Double"]       8.0150999999999996e+01
   &Refrac [&Type "Double"]       1.3328000000000000e+00
   &RSolv [&Type "Double"]       1.3000000000000000e+00
   &SurfaceType [&Type "String"] "GAUSSIAN VDW"
   &CPCMDielEnergy [&Type "Double"]      -1.6926145000000000e-02
   &NPoints [&Type "Integer"] 3737
   &SurfaceArea [&Type "Double"]       1.3472918289380000e+03
$End
$SCF_Timings
   &GeometryIndex 1
   &TOTAL [&Type "Double"]       1.0542123199999999e+02
   &PREP [&Type "Double"]       1.2423480000000000e+00
   &FOCK [&Type "Double"]       1.0084464100000000e+02
   &DENS [&Type "Double"]       1.5161900000001083e-01
   &ETOT [&Type "Double"]       8.5337000000000884e-02
   &POP [&Type "Double"]       5.2164000000004762e-02
   &TRAFO [&Type "Double"]       1.0644800000000032e-01
   &DIIS [&Type "Double"]       5.2752500000000424e-01
   &SOSCF [&Type "Double"]       4.5213999999997689e-01
   &XC [&Type "Double"]       6.5425549999999983e+00
   &FOCKSTART [&Type "Double"]       1.8371999999973188e-02
   &SOLV [&Type "Double"]       1.0764986999999991e+01
   &SOLV_INIT [&Type "Double"]       5.3876700000000000e-01
   &INT_PREP [&Type "Double"]       8.9999999968171096e-06
   &INT_BF [&Type "Double"]       1.5549649999999922e+00
   &INT_DENS [&Type "Double"]       1.3877700000002555e+00
   &INT_DENSIO [&Type "Double"]       3.3029927845200070e+05
   &INT_FUNC [&Type "Double"]       5.2330300000055097e-01
   &INT_POT [&Type "Double"]       1.3078329999997855e+00
   &INT_POTIO [&Type "Double"]       4.8317999999829553e-02
   &INT_SUM [&Type "Double"]       1.3070000000023896e-03
   &SPLITRIJ [&Type "Double"]       6.8474530000000122e+00
   &COSX [&Type "Double"]       7.9564538999999996e+01
   &FROZCORE [&Type "Double"]       7.7080000000080418e-03
$End
$CIS_Absorption_Spectrum
   &GeometryIndex 1
   &Method [&Type "Integer"] 20
   &RelCorrection [&Type "Integer"] 1 "Type of relativistic treatment in QDPT. 0->Unknow, 1->None, 2->SOC, 3->SSC, 4->SOC/SSC"
   &DensType [&Type "Integer"] 3 "Type of density (electron/spin ...). 0->Unknow, 1->Electronic, 2->Spin, 3->Trans/Electronic, 4->Tran/Spin"
   &DeriType [&Type "Integer"] 0 "Type of derivative (w.r.t. to what perturbation). 0->Unknown, 1->No Derivative, 2->Electric/Dipole, 3->Electric/Quad, 4->Magnetic/Dipole, 5->Magnetic/Quad"
   &DensLevel [&Type "Integer"] 0 "// Source of density: relaxed, unrelaxed, ... 0->Unknown, 1->Linearized, 2->Unrelaxed, 3->Relaxed"
   &Density_name [&Type "String"] "Tdens-CIS"
   &Representation [&Type "String"] "Length" "Possible values: Unknown,  Length, Velocity"
   &PointGroup [&Type "String"] "C1"
   &DoHigherMoments [&Type "Boolean"] false
   &NTrans [&Type "Integer"] 8
   &ExcitationEnergies [&Type "ArrayOfDoubles", &Dim (8,11)] 
                                                         0                           1                           2                           3                           4                           5                           6                           7

0                                      2.2999980872313603e+00         1.8550737568244902e+04         5.3906212425310616e+02         4.7463715831749581e-01         8.4231811512576389e+00         2.8089251352040177e+00         0.0000000000000000e+00         1.6003916845573157e-01
1                                      3.3142655357009723e+00         2.6731357093551691e+04         3.7409249238648880e+02         1.0382151825356464e-05         1.2786213602693398e-04         1.9210860063694326e-03         0.0000000000000000e+00         7.8839311080244640e-04
2                                      3.6084572004422544e+00         2.9104173139651139e+04         3.4359333804182643e+02         8.1885770506272978e-08         9.2625115353073070e-07        -6.9969013924074439e-05         0.0000000000000000e+00        -9.3975920191209693e-04
3                                      3.7797856381504924e+00         3.0486030326205928e+04         3.2801909244982789e+02         1.5382055535053706e-03         1.6610743996420780e-02        -1.1179505604056233e-02         0.0000000000000000e+00         1.2799509639446066e-01
4                                      3.8819951917180822e+00         3.1310406057527613e+04         3.1938263533301608e+02         9.8515507226073357e-03         1.0358371554761188e-01        -3.0644947239856396e-01         0.0000000000000000e+00        -1.7417037463513120e-02
5                                      3.9677777599191382e+00         3.2002289202762498e+04         3.1247764610341625e+02         9.7532256432623764e-03         1.0033277255841047e-01         1.9947232690470700e-02         0.0000000000000000e+00        -3.1548650302483583e-01
6                                      4.0661381389316880e+00         3.2795619244341520e+04         3.0491877361716161e+02         3.7291708609095008e-04         3.7434499736515706e-03        -1.1195862928227151e-02         0.0000000000000000e+00        -2.3368669084939215e-03
7                                      4.2562875510014511e+00         3.4329277842426869e+04         2.9129654418891386e+02         5.8261999290887975e-02         5.5872268309804107e-01         7.2175305673825996e-01         0.0000000000000000e+00         3.9730281594932693e-02
                                                         8                           9                          10

0                                      0.0000000000000000e+00         7.1239609813412563e-01         0.0000000000000000e+00
1                                      0.0000000000000000e+00        -1.1115304804003566e-02         0.0000000000000000e+00
2                                      0.0000000000000000e+00         1.9546900788299412e-04         0.0000000000000000e+00
3                                      0.0000000000000000e+00         1.0149775851829379e-02         0.0000000000000000e+00
4                                      0.0000000000000000e+00        -9.6794024713554763e-02         0.0000000000000000e+00
5                                      0.0000000000000000e+00        -2.0078517763095487e-02         0.0000000000000000e+00
6                                      0.0000000000000000e+00         6.0105255011487189e-02         0.0000000000000000e+00
7                                      0.0000000000000000e+00         1.9030689139231546e-01         0.0000000000000000e+00
   &States [&Type "ArrayOfIntegers", &Dim (8,4)] "The initial and Final states. Col1: Initial State  Col2: Initial Irrep Col3: Final State Col4: Final Irrep"
                                                         0                           1                           2                           3

0                                                        0                           0                           1                           0
1                                                        0                           0                           2                           0
2                                                        0                           0                           3                           0
3                                                        0                           0                           4                           0
4                                                        0                           0                           5                           0
5                                                        0                           0                           6                           0
6                                                        0                           0                           7                           0
7                                                        0                           0                           8                           0
   &Multiplicities [&Type "ArrayOfDoubles", &Dim (8,2)] "Col1: Multiplicity of the initial state  Col2: Multiplicity of the final state"
                                                         0                           1

0                                      1.0000000000000000e+00         1.0000000000000000e+00
1                                      1.0000000000000000e+00         1.0000000000000000e+00
2                                      1.0000000000000000e+00         1.0000000000000000e+00
3                                      1.0000000000000000e+00         1.0000000000000000e+00
4                                      1.0000000000000000e+00         1.0000000000000000e+00
5                                      1.0000000000000000e+00         1.0000000000000000e+00
6                                      1.0000000000000000e+00         1.0000000000000000e+00
7                                      1.0000000000000000e+00         1.0000000000000000e+00
   &Temperature [&Type "Double"]       2.9814999999999998e+02
$End
$CIS_Absorption_Spectrum
   &GeometryIndex 1
   &Method [&Type "Integer"] 20
   &RelCorrection [&Type "Integer"] 1 "Type of relativistic treatment in QDPT. 0->Unknow, 1->None, 2->SOC, 3->SSC, 4->SOC/SSC"
   &DensType [&Type "Integer"] 3 "Type of density (electron/spin ...). 0->Unknow, 1->Electronic, 2->Spin, 3->Trans/Electronic, 4->Tran/Spin"
   &DeriType [&Type "Integer"] 0 "Type of derivative (w.r.t. to what perturbation). 0->Unknown, 1->No Derivative, 2->Electric/Dipole, 3->Electric/Quad, 4->Magnetic/Dipole, 5->Magnetic/Quad"
   &DensLevel [&Type "Integer"] 0 "// Source of density: relaxed, unrelaxed, ... 0->Unknown, 1->Linearized, 2->Unrelaxed, 3->Relaxed"
   &Density_name [&Type "String"] "Tdens-CIS"
   &Representation [&Type "String"] "Velocity" "Possible values: Unknown,  Length, Velocity"
   &PointGroup [&Type "String"] "C1"
   &DoHigherMoments [&Type "Boolean"] false
   &NTrans [&Type "Integer"] 8
   &ExcitationEnergies [&Type "ArrayOfDoubles", &Dim (8,11)] 
                                                         0                           1                           2                           3                           4                           5                           6                           7

0                                      2.2999980872313603e+00         1.8550737568244902e+04         5.3906212425310616e+02         2.3815240055117440e-02         3.0194168614223666e-03        -5.4834870852274210e-02         0.0000000000000000e+00        -3.5394463168523832e-03
1                                      3.3142655357009723e+00         2.6731357093551691e+04         3.7409249238648880e+02         7.8470768561702330e-05         1.4336259203419480e-05         8.4943170673451346e-04         0.0000000000000000e+00         3.2644700724391521e-04
2                                      3.6084572004422544e+00         2.9104173139651139e+04         3.4359333804182643e+02         1.1542289372859631e-07         2.2959062711830072e-08         4.9761330293508579e-06         0.0000000000000000e+00         3.7496055907857379e-05
3                                      3.7797856381504924e+00         3.0486030326205928e+04         3.2801909244982789e+02         7.7656357989459228e-04         1.6180235068807524e-04         9.1021672348841332e-04         0.0000000000000000e+00        -1.2616353902828821e-02
4                                      3.8819951917180822e+00         3.1310406057527613e+04         3.1938263533301608e+02         2.4110869679787256e-03         5.1595105689339240e-04         1.9712918683032578e-02         0.0000000000000000e+00         9.4382059169799773e-04
5                                      3.9677777599191382e+00         3.2002289202762498e+04         3.1247764610341625e+02         7.8351201433629939e-04         1.7136954226551823e-04         1.2413612034174694e-03         0.0000000000000000e+00        -1.2933019155575412e-02
6                                      4.0661381389316880e+00         3.2795619244341520e+04         3.0491877361716161e+02         1.0738908981992193e-03         2.4070378969887944e-04        -4.3944818317078358e-03         0.0000000000000000e+00        -1.1179932343870749e-03
7                                      4.2562875510014511e+00         3.4329277842426869e+04         2.9129654418891386e+02         2.1996142338610199e-02         5.1608129636225627e-03        -6.9731417044835736e-02         0.0000000000000000e+00        -3.9952927335641965e-03
                                                         8                           9                          10

0                                      0.0000000000000000e+00         1.6161623339025364e-04         0.0000000000000000e+00
1                                      0.0000000000000000e+00        -3.6753445186097945e-03         0.0000000000000000e+00
2                                      0.0000000000000000e+00        -1.4672541226133634e-04         0.0000000000000000e+00
3                                      0.0000000000000000e+00        -1.3421886614530805e-03         0.0000000000000000e+00
4                                      0.0000000000000000e+00         1.1245492278251955e-02         0.0000000000000000e+00
5                                      0.0000000000000000e+00        -1.6017428475531229e-03         0.0000000000000000e+00
6                                      0.0000000000000000e+00         1.4837196846356589e-02         0.0000000000000000e+00
7                                      0.0000000000000000e+00        -1.6804168426759001e-02         0.0000000000000000e+00
   &States [&Type "ArrayOfIntegers", &Dim (8,4)] "The initial and Final states. Col1: Initial State  Col2: Initial Irrep Col3: Final State Col4: Final Irrep"
                                                         0                           1                           2                           3

0                                                        0                           0                           1                           0
1                                                        0                           0                           2                           0
2                                                        0                           0                           3                           0
3                                                        0                           0                           4                           0
4                                                        0                           0                           5                           0
5                                                        0                           0                           6                           0
6                                                        0                           0                           7                           0
7                                                        0                           0                           8                           0
   &Multiplicities [&Type "ArrayOfDoubles", &Dim (8,2)] "Col1: Multiplicity of the initial state  Col2: Multiplicity of the final state"
                                                         0                           1

0                                      1.0000000000000000e+00         1.0000000000000000e+00
1                                      1.0000000000000000e+00         1.0000000000000000e+00
2                                      1.0000000000000000e+00         1.0000000000000000e+00
3                                      1.0000000000000000e+00         1.0000000000000000e+00
4                                      1.0000000000000000e+00         1.0000000000000000e+00
5                                      1.0000000000000000e+00         1.0000000000000000e+00
6                                      1.0000000000000000e+00         1.0000000000000000e+00
7                                      1.0000000000000000e+00         1.0000000000000000e+00
   &Temperature [&Type "Double"]       2.9814999999999998e+02
$End
$CIS_ECD_Spectrum
   &GeometryIndex 1
   &Method [&Type "Integer"] 20
   &RelCorrection [&Type "Integer"] 1 "Type of relativistic treatment in QDPT. 0->Unknow, 1->None, 2->SOC, 3->SSC, 4->SOC/SSC"
   &DensType [&Type "Integer"] 3 "Type of density (electron/spin ...). 0->Unknow, 1->Electronic, 2->Spin, 3->Trans/Electronic, 4->Tran/Spin"
   &DeriType [&Type "Integer"] 0 "Type of derivative (w.r.t. to what perturbation). 0->Unknown, 1->No Derivative, 2->Electric/Dipole, 3->Electric/Quad, 4->Magnetic/Dipole, 5->Magnetic/Quad"
   &DensLevel [&Type "Integer"] 0 "// Source of density: relaxed, unrelaxed, ... 0->Unknown, 1->Linearized, 2->Unrelaxed, 3->Relaxed"
   &Density_name [&Type "String"] "Tdens-CIS"
   &Representation [&Type "String"] "Length" "Possible values: Unknown,  Length, Velocity"
   &PointGroup [&Type "String"] "C1"
   &DoHigherMoments [&Type "Boolean"] false
   &NTrans [&Type "Integer"] 8
   &ExcitationEnergies [&Type "ArrayOfDoubles", &Dim (8,10)] 
                                                         0                           1                           2                           3                           4                           5                           6                           7

0                                      2.2999980872313603e+00         1.8550737568244902e+04         5.3906212425310616e+02        -7.1560945159313250e-01        -4.0191579606664004e-03         0.0000000000000000e+00         6.5094276230164852e-02         0.0000000000000000e+00
1                                      3.3142655357009723e+00         2.6731357093551691e+04         3.7409249238648880e+02         2.0694460346706967e-02        -1.9307282045238836e-02         0.0000000000000000e+00         2.4764890493619193e-01         0.0000000000000000e+00
2                                      3.6084572004422544e+00         2.9104173139651139e+04         3.4359333804182643e+02         1.7657183856873465e-03         3.7126424302556346e-02         0.0000000000000000e+00         3.2780517887604651e-03         0.0000000000000000e+00
3                                      3.7797856381504924e+00         3.0486030326205928e+04         3.2801909244982789e+02         2.2784306636336377e-01         5.4914661023641079e-02         0.0000000000000000e+00         1.8920876930946139e-02         0.0000000000000000e+00
4                                      3.8819951917180822e+00         3.1310406057527613e+04         3.1938263533301608e+02         2.5730107753965041e-03        -1.1139044241950903e-03         0.0000000000000000e+00         1.7756121451878198e-02         0.0000000000000000e+00
5                                      3.9677777599191382e+00         3.2002289202762498e+04         3.1247764610341625e+02        -4.9346527367066401e-01        -9.6735351347031262e-02         0.0000000000000000e+00        -3.1718415779221333e-02         0.0000000000000000e+00
6                                      4.0661381389316880e+00         3.2795619244341520e+04         3.0491877361716161e+02        -4.9869739478018632e-01        -3.1587360203785504e-02         0.0000000000000000e+00         5.0371475380976316e-01         0.0000000000000000e+00
7                                      4.2562875510014511e+00         3.4329277842426869e+04         2.9129654418891386e+02        -3.2697726498116843e-02        -1.1170073883518682e-03         0.0000000000000000e+00         2.4309789077414337e-02         0.0000000000000000e+00
                                                         8                           9

0                                      3.3545502211066226e-03         0.0000000000000000e+00
1                                      1.8177551906140767e-02         0.0000000000000000e+00
2                                      9.8889866653022480e-03         0.0000000000000000e+00
3                                     -2.2573322101773016e-01         0.0000000000000000e+00
4                                      3.8797887860103327e-04         0.0000000000000000e+00
5                                      3.5014705715213496e-01         0.0000000000000000e+00
6                                      3.1299428150882491e-02         0.0000000000000000e+00
7                                     -4.7436903237475911e-04         0.0000000000000000e+00
   &States [&Type "ArrayOfIntegers", &Dim (8,4)] "The initial and Final states. Col1: Initial State  Col2: Initial Irrep Col3: Final State Col4: Final Irrep"
                                                         0                           1                           2                           3

0                                                        0                           0                           1                           0
1                                                        0                           0                           2                           0
2                                                        0                           0                           3                           0
3                                                        0                           0                           4                           0
4                                                        0                           0                           5                           0
5                                                        0                           0                           6                           0
6                                                        0                           0                           7                           0
7                                                        0                           0                           8                           0
   &Multiplicities [&Type "ArrayOfDoubles", &Dim (8,2)] "Col1: Multiplicity of the initial state  Col2: Multiplicity of the final state"
                                                         0                           1

0                                      1.0000000000000000e+00         1.0000000000000000e+00
1                                      1.0000000000000000e+00         1.0000000000000000e+00
2                                      1.0000000000000000e+00         1.0000000000000000e+00
3                                      1.0000000000000000e+00         1.0000000000000000e+00
4                                      1.0000000000000000e+00         1.0000000000000000e+00
5                                      1.0000000000000000e+00         1.0000000000000000e+00
6                                      1.0000000000000000e+00         1.0000000000000000e+00
7                                      1.0000000000000000e+00         1.0000000000000000e+00
   &Temperature [&Type "Double"]       2.9814999999999998e+02
$End
$CIS_ECD_Spectrum
   &GeometryIndex 1
   &Method [&Type "Integer"] 20
   &RelCorrection [&Type "Integer"] 1 "Type of relativistic treatment in QDPT. 0->Unknow, 1->None, 2->SOC, 3->SSC, 4->SOC/SSC"
   &DensType [&Type "Integer"] 3 "Type of density (electron/spin ...). 0->Unknow, 1->Electronic, 2->Spin, 3->Trans/Electronic, 4->Tran/Spin"
   &DeriType [&Type "Integer"] 0 "Type of derivative (w.r.t. to what perturbation). 0->Unknown, 1->No Derivative, 2->Electric/Dipole, 3->Electric/Quad, 4->Magnetic/Dipole, 5->Magnetic/Quad"
   &DensLevel [&Type "Integer"] 0 "// Source of density: relaxed, unrelaxed, ... 0->Unknown, 1->Linearized, 2->Unrelaxed, 3->Relaxed"
   &Density_name [&Type "String"] "Tdens-CIS"
   &Representation [&Type "String"] "Velocity" "Possible values: Unknown,  Length, Velocity"
   &PointGroup [&Type "String"] "C1"
   &DoHigherMoments [&Type "Boolean"] false
   &NTrans [&Type "Integer"] 8
   &ExcitationEnergies [&Type "ArrayOfDoubles", &Dim (8,10)] 
                                                         0                           1                           2                           3                           4                           5                           6                           7

0                                      2.2999980872313603e+00         1.8550737568244902e+04         5.3906212425310616e+02        -5.2796444910195098e-02        -4.0191579606664004e-03         0.0000000000000000e+00         6.5094276230164852e-02         0.0000000000000000e+00
1                                      3.3142655357009723e+00         2.6731357093551691e+04         3.7409249238648880e+02        -9.1534077597536633e-03        -1.9307282045238836e-02         0.0000000000000000e+00         2.4764890493619193e-01         0.0000000000000000e+00
2                                      3.6084572004422544e+00         2.9104173139651139e+04         3.4359333804182643e+02        -4.0646915111249137e-03         3.7126424302556346e-02         0.0000000000000000e+00         3.2780517887604651e-03         0.0000000000000000e+00
3                                      3.7797856381504924e+00         3.0486030326205928e+04         3.2801909244982789e+02         3.8776581350386324e-01         5.4914661023641079e-02         0.0000000000000000e+00         1.8920876930946139e-02         0.0000000000000000e+00
4                                      3.8819951917180822e+00         3.1310406057527613e+04         3.1938263533301608e+02        -2.7650437371561534e-03        -1.1139044241950903e-03         0.0000000000000000e+00         1.7756121451878198e-02         0.0000000000000000e+00
5                                      3.9677777599191382e+00         3.2002289202762498e+04         3.1247764610341625e+02        -8.7528700001992876e-01        -9.6735351347031262e-02         0.0000000000000000e+00        -3.1718415779221333e-02         0.0000000000000000e+00
6                                      4.0661381389316880e+00         3.2795619244341520e+04         3.0491877361716161e+02         1.2637876664769448e-01        -3.1587360203785504e-02         0.0000000000000000e+00         5.0371475380976316e-01         0.0000000000000000e+00
7                                      4.2562875510014511e+00         3.4329277842426869e+04         2.9129654418891386e+02        -3.3947180686932935e-02        -1.1170073883518682e-03         0.0000000000000000e+00         2.4309789077414337e-02         0.0000000000000000e+00
                                                         8                           9

0                                      3.3545502211066226e-03         0.0000000000000000e+00
1                                      1.8177551906140767e-02         0.0000000000000000e+00
2                                      9.8889866653022480e-03         0.0000000000000000e+00
3                                     -2.2573322101773016e-01         0.0000000000000000e+00
4                                      3.8797887860103327e-04         0.0000000000000000e+00
5                                      3.5014705715213496e-01         0.0000000000000000e+00
6                                      3.1299428150882491e-02         0.0000000000000000e+00
7                                     -4.7436903237475911e-04         0.0000000000000000e+00
   &States [&Type "ArrayOfIntegers", &Dim (8,4)] "The initial and Final states. Col1: Initial State  Col2: Initial Irrep Col3: Final State Col4: Final Irrep"
                                                         0                           1                           2                           3

0                                                        0                           0                           1                           0
1                                                        0                           0                           2                           0
2                                                        0                           0                           3                           0
3                                                        0                           0                           4                           0
4                                                        0                           0                           5                           0
5                                                        0                           0                           6                           0
6                                                        0                           0                           7                           0
7                                                        0                           0                           8                           0
   &Multiplicities [&Type "ArrayOfDoubles", &Dim (8,2)] "Col1: Multiplicity of the initial state  Col2: Multiplicity of the final state"
                                                         0                           1

0                                      1.0000000000000000e+00         1.0000000000000000e+00
1                                      1.0000000000000000e+00         1.0000000000000000e+00
2                                      1.0000000000000000e+00         1.0000000000000000e+00
3                                      1.0000000000000000e+00         1.0000000000000000e+00
4                                      1.0000000000000000e+00         1.0000000000000000e+00
5                                      1.0000000000000000e+00         1.0000000000000000e+00
6                                      1.0000000000000000e+00         1.0000000000000000e+00
7                                      1.0000000000000000e+00         1.0000000000000000e+00
   &Temperature [&Type "Double"]       2.9814999999999998e+02
$End
$CIS_Energies
   &GeometryIndex 1
   &e0 [&Type "Double"]      -1.2370002381854056e+03  "Ground state energy"
   &multP1 [&Type "Boolean"] false "Do the higher multiplicity too?"
   &mode [&Type "String"] "TDA" "CIS mode: CIS, RPA, TDA, TD-DFT, sTDA, sTD-DFT"
   &dCorr [&Type "Integer"] 0 "(D) Correction algorithm"
   &Method [&Type "String"] "TDA/CIS"
   &totalEnergy [&Type "ArrayOfDoubles", &Dim (8,1)] "Total energy of each state"
                                                         0

0                                     -1.2369157148058543e+03
1                                     -1.2368784411607198e+03
2                                     -1.2368676298153202e+03
3                                     -1.2368613336107064e+03
4                                     -1.2368575774785002e+03
5                                     -1.2368544250269347e+03
6                                     -1.2368508103492989e+03
7                                     -1.2368438224865624e+03
   &Mult [&Type "ArrayOfIntegers", &Dim (8,1)] "Multiplicity of each state"
                                                         0

0                                                        1
1                                                        1
2                                                        1
3                                                        1
4                                                        1
5                                                        1
6                                                        1
7                                                        1
   &RelCorr [&Type "String"] "None" "Relativistic correction (SOC and/or SSC)"
   &NBlocks [&Type "Integer"] 1 "Number of multiplicity blocks"
   &NRoots [&Type "ArrayOfIntegers", &Dim (1,1)] "Number of roots in each block"
                                                         0

0                                                        8
   &NTotalRoots [&Type "Integer"] 8 "Total number of roots"
   &Block [&Type "ArrayOfIntegers", &Dim (8,1)] "Block index of each state"
                                                         0

0                                                        0
1                                                        0
2                                                        0
3                                                        0
4                                                        0
5                                                        0
6                                                        0
7                                                        0
   &Root [&Type "ArrayOfIntegers", &Dim (8,1)] "Root index within the block"
                                                         0

0                                                        0
1                                                        1
2                                                        2
3                                                        3
4                                                        4
5                                                        5
6                                                        6
7                                                        7
$End
$Single_Point_Data
   &GeometryIndex 1
   &FinalEnergy [&Type "Double"]      -1.2369157148058543e+03  "Final single point energy"
   &Converged [&Type "Boolean"] true
$End
$Calculation_Info
   &GeometryIndex 1
   &Mult [&Type "Integer"] 1
   &Charge [&Type "Integer"] 0
   &NumOfAtoms [&Type "Integer"] 44
   &NumOfElectrons [&Type "Integer"] 190
   &NumOfBasisFuncts [&Type "Integer"] 412
   &NumOfAuxCBasisFuncts [&Type "Integer"] 0
   &NumOfAuxJBasisFuncts [&Type "Integer"] 1510
   &NumOfAuxJKBasisFuncts [&Type "Integer"] 0
   &NumOfCABSBasisFuncts [&Type "Integer"] 0
$End
$SCF_Dipole_Moment
   &GeometryIndex 1
   &dipoleMagnitude [&Type "Double", &Units "a.u."]       3.6955460222728309e-01
   &dipoleElecContrib [&Type "ArrayOfDoubles", &Dim (3,1)] "Electronic contribution"
                                                         0

0                                      2.7660094216233361e+01
1                                      1.0901584493141430e+00
2                                     -6.0030185079418503e+00
   &dipoleNucContrib [&Type "ArrayOfDoubles", &Dim (3,1)] "Nuclear contribution"
                                                         0

0                                     -2.7329710927842008e+01
1                                     -1.0719056239453408e+00
2                                      6.1675916562532853e+00
   &dipoleTotal [&Type "ArrayOfDoubles", &Dim (3,1)] "Total"
                                                         0

0                                      3.3038328839135289e-01
1                                      1.8252825368802128e-02
2                                      1.6457314831143499e-01
   &doAtomicDipole [&Type "Boolean"] false
   &Method [&Type "String"] "SCF"
   &Level [&Type "String"] "Relaxed density"
   &Mult [&Type "Integer"] 1
   &State [&Type "Integer"] -1
   &Irrep [&Type "Integer"] 0
$End
$Calculation_Timings
   &GeometryIndex 1
   &GTOINT [&Type "Double"]       5.8590930000000006e+00
   &SCF [&Type "Double"]       1.1323427699999999e+02
   &CIS [&Type "Double"]       5.6848403999999988e+01
   &PROPINT [&Type "Double"]       3.1962079999999986e+00
   &PROP [&Type "Double"]       3.1777869999999950e+00
   &SUM [&Type "Double"]       1.8231576899999996e+02
$End
