*************************************************
******************* ORCA 6.1.1 ******************
*************************************************
$Calculation_Status
   &GeometryIndex 1
   &version [&Type "String"] "6.1.1"
   &progName [&Type "String"] "ProgCIS"
   &Status [&Type "String"] "NORMAL TERMINATION"
$End
$Geometry
   &GeometryIndex 1
   &NAtoms [&Type "Integer"] 42
   &NCorelessECP [&Type "Integer"] 0
   &NGhostAtoms [&Type "Integer"] 0
   &CartesianCoordinates [&Type "Coordinates", &Dim(42,4), &Units "Bohr"] 
              O     -5.512622938027   -7.528721854997   -1.979044613921
              C     -3.596338525489   -8.095990377316   -0.195350399845
              C     -3.785608765461   -6.477584601544    2.211211806251
              N     -3.645696145921   -3.781031173508    1.772003107372
              C     -1.489475250243   -2.419843262320    1.356548984202
              C      0.927992282189   -3.525559612052    1.780725147423
              C      3.123607042368   -2.193326227716    1.466727828896
              C      3.134001223366    0.383986293779    0.691316938978
              C      0.752942370143    1.553493864596    0.214587270755
              C     -1.560780074584    0.148017606392    0.544033321450
              C     -4.013220584587    1.344498772781    0.031093261405
              O     -6.070218556754    0.218910833521    0.286510003468
              C     -4.054987799992    4.013082018524   -0.831313660923
              C     -1.804161429218    5.381828864988   -1.140778887455
              C      0.683945142899    4.197134311136   -0.623805354125
              O      2.629020426214    5.499170804987   -0.928646902071
              C     -1.897907478429    7.904527581499   -1.951443014773
              C     -4.212445526908    9.046065670011   -2.448216437236
              C     -6.461400630440    7.678333044636   -2.139955010220
              C     -6.382869024739    5.177462137232   -1.335775362375
              N      5.361185650333    1.664073380152    0.444260052069
              C      7.875181565882    0.647322830679    0.806514870324
              C      8.899375110475   -0.812796018506   -1.494783693088
              O     11.425709850413   -1.631670456007   -1.108265474296
              H     -7.129397898050   -7.990789783237   -1.247204620470
              H     -1.808908218040   -7.714389925916   -1.165426925221
              H     -3.606373411671  -10.111549331758    0.341533411789
              H     -5.612898904799   -6.845640212422    3.125643517669
              H     -2.340984187937   -7.079775520028    3.571881717431
              H     -5.238048213628   -2.864114303934    1.194570227715
              H      1.052276827504   -5.483698506987    2.370725934989
              H      4.903862648168   -3.145804724628    1.816230686693
              H     -0.130980561351    8.919328384780   -2.174866426537
              H     -4.277132063129   11.000731267990   -3.076240718265
              H     -8.268906291107    8.573049691702   -2.529564976111
              H     -8.093943371748    4.077792389425   -1.081599352023
              H      5.144056827345    3.478803921300   -0.164021817711
              H      7.937131588686   -0.567025664270    2.492454520696
              H      9.150579101034    2.231770543037    1.185502830527
              H      7.633909708301   -2.396638610878   -1.967208389897
              H      8.947365066871    0.443737727262   -3.136431516586
              H     11.413163438959   -2.917171829080    0.198375371457
$End
$SCF_Mulliken_Population_Analysis
   &GeometryIndex 1
   &NAtoms [&Type "Integer"] 42
   &ATNO [&Type "ArrayOfIntegers", &Dim (42,1)] 
                                                         0

0                                                        8
1                                                        6
2                                                        6
3                                                        7
4                                                        6
5                                                        6
6                                                        6
7                                                        6
8                                                        6
9                                                        6
10                                                       6
11                                                       8
12                                                       6
13                                                       6
14                                                       6
15                                                       8
16                                                       6
17                                                       6
18                                                       6
19                                                       6
20                                                       7
21                                                       6
22                                                       6
23                                                       8
24                                                       1
25                                                       1
26                                                       1
27                                                       1
28                                                       1
29                                                       1
30                                                       1
31                                                       1
32                                                       1
33                                                       1
34                                                       1
35                                                       1
36                                                       1
37                                                       1
38                                                       1
39                                                       1
40                                                       1
41                                                       1
   &AtomicCharges [&Type "ArrayOfDoubles", &Dim (42,1)] 
                                                         0

0                                     -6.6510825879200475e-01
1                                     -2.0524904508957498e-02
2                                     -1.8010774469645519e-01
3                                     -6.2535217254417219e-01
4                                      2.8336228499643923e-01
5                                     -1.9098207787971866e-01
6                                     -1.9224351261339834e-01
7                                      2.9336366493165222e-01
8                                     -2.7663334664648431e-02
9                                     -2.7112733425608937e-02
10                                     2.8743356739151427e-01
11                                    -5.3385235176891044e-01
12                                     5.6507542394117038e-02
13                                     5.6603426965541104e-02
14                                     2.8866651154589817e-01
15                                    -5.3595955904878956e-01
16                                    -1.9090145350237897e-01
17                                    -1.4080360416339666e-01
18                                    -1.4096367872174120e-01
19                                    -1.9094901004864084e-01
20                                    -6.4404754328012892e-01
21                                    -1.7054385086998813e-01
22                                    -2.4489484836136555e-02
23                                    -6.6618065723870856e-01
24                                     4.2843930748707237e-01
25                                     1.5558257972489153e-01
26                                     1.4083384501832608e-01
27                                     1.7222782195577446e-01
28                                     1.7224797637340394e-01
29                                     3.7430480361172580e-01
30                                     1.7979735268739805e-01
31                                     1.8012506172923270e-01
32                                     1.5903085215391477e-01
33                                     1.6399817989992527e-01
34                                     1.6397628208233794e-01
35                                     1.5906446497794779e-01
36                                     3.8010950331855797e-01
37                                     1.6862458052080509e-01
38                                     1.7280958669504520e-01
39                                     1.4350236875975031e-01
40                                     1.5547713494290938e-01
41                                     4.3169723243966540e-01
   &Method [&Type "String"] "SCF"
   &Level [&Type "String"] "Relaxed density"
   &Mult [&Type "Integer"] 1
   &State [&Type "Integer"] -1
   &Irrep [&Type "Integer"] 0
$End
$SCF_Loewdin_Population_Analysis
   &GeometryIndex 1
   &NAtoms [&Type "Integer"] 42
   &ATNO [&Type "ArrayOfIntegers", &Dim (42,1)] 
                                                         0

0                                                        8
1                                                        6
2                                                        6
3                                                        7
4                                                        6
5                                                        6
6                                                        6
7                                                        6
8                                                        6
9                                                        6
10                                                       6
11                                                       8
12                                                       6
13                                                       6
14                                                       6
15                                                       8
16                                                       6
17                                                       6
18                                                       6
19                                                       6
20                                                       7
21                                                       6
22                                                       6
23                                                       8
24                                                       1
25                                                       1
26                                                       1
27                                                       1
28                                                       1
29                                                       1
30                                                       1
31                                                       1
32                                                       1
33                                                       1
34                                                       1
35                                                       1
36                                                       1
37                                                       1
38                                                       1
39                                                       1
40                                                       1
41                                                       1
   &AtomicCharges [&Type "ArrayOfDoubles", &Dim (42,1)] 
                                                         0

0                                     -4.3621693815375018e-01
1                                     -1.1612172720443059e-01
2                                     -1.8601773134882116e-01
3                                     -1.9906283294524929e-01
4                                      4.9305584987238582e-02
5                                     -1.2881465715454787e-01
6                                     -1.2937683282390200e-01
7                                      5.0113232037053201e-02
8                                     -9.6375850313533462e-02
9                                     -9.5316703128544233e-02
10                                     1.0914129342016210e-01
11                                    -3.0140839788021090e-01
12                                    -4.3604640782564985e-02
13                                    -4.3424637485265372e-02
14                                     1.0911455832581041e-01
15                                    -3.0329208209691494e-01
16                                    -1.0940568880973434e-01
17                                    -1.1933886938756721e-01
18                                    -1.1943781011162713e-01
19                                    -1.0936352658495263e-01
20                                    -1.9667664425622267e-01
21                                    -1.8512885344859331e-01
22                                    -1.1720483665215564e-01
23                                    -4.3312873806972618e-01
24                                     3.2976256417163641e-01
25                                     1.2677816453373569e-01
26                                     1.1618090131085423e-01
27                                     1.4114336736223299e-01
28                                     1.3908910239978112e-01
29                                     2.7105292917350732e-01
30                                     1.5612134109913811e-01
31                                     1.5652317177007902e-01
32                                     1.4890351099202082e-01
33                                     1.4760569813166513e-01
34                                     1.4759195140373205e-01
35                                     1.4889337328042895e-01
36                                     2.7427807854614539e-01
37                                     1.3230486981622247e-01
38                                     1.4232893237547628e-01
39                                     1.1374470804875991e-01
40                                     1.2708948406656484e-01
41                                     3.3165118138610772e-01
   &Method [&Type "String"] "SCF"
   &Level [&Type "String"] "Relaxed density"
   &Mult [&Type "Integer"] 1
   &State [&Type "Integer"] -1
   &Irrep [&Type "Integer"] 0
$End
$SCF_Mayer_Population_Analysis
   &GeometryIndex 1
   &NAtoms [&Type "Integer"] 42 "Total number of atoms"
   &NBondOrdersPrint [&Type "Integer"] 46 "The number of bond orders larger than threshold"
   &bondThresh [&Type "Double"]       1.0000000000000001e-01  "The threshold for printing"
   &components [&Type "ArrayOfIntegers", &Dim (46,4)] "The indices and atomic numbers of the bonding atoms"
                                                         0                           1                           2                           3

0                                                        0                           8                           1                           6
1                                                        0                           8                          24                           1
2                                                        1                           6                           2                           6
3                                                        1                           6                          25                           1
4                                                        1                           6                          26                           1
5                                                        2                           6                           3                           7
6                                                        2                           6                          27                           1
7                                                        2                           6                          28                           1
8                                                        3                           7                           4                           6
9                                                        3                           7                          29                           1
10                                                       4                           6                           5                           6
11                                                       4                           6                           9                           6
12                                                       5                           6                           6                           6
13                                                       5                           6                          30                           1
14                                                       6                           6                           7                           6
15                                                       6                           6                          31                           1
16                                                       7                           6                           8                           6
17                                                       7                           6                          20                           7
18                                                       8                           6                           9                           6
19                                                       8                           6                          14                           6
20                                                       9                           6                          10                           6
21                                                      10                           6                          11                           8
22                                                      10                           6                          12                           6
23                                                      11                           8                          29                           1
24                                                      12                           6                          13                           6
25                                                      12                           6                          19                           6
26                                                      13                           6                          14                           6
27                                                      13                           6                          16                           6
28                                                      14                           6                          15                           8
29                                                      15                           8                          36                           1
30                                                      16                           6                          17                           6
31                                                      16                           6                          32                           1
32                                                      17                           6                          18                           6
33                                                      17                           6                          33                           1
34                                                      18                           6                          19                           6
35                                                      18                           6                          34                           1
36                                                      19                           6                          35                           1
37                                                      20                           7                          21                           6
38                                                      20                           7                          36                           1
39                                                      21                           6                          22                           6
40                                                      21                           6                          37                           1
41                                                      21                           6                          38                           1
42                                                      22                           6                          23                           8
43                                                      22                           6                          39                           1
44                                                      22                           6                          40                           1
45                                                      23                           8                          41                           1
   &BondOrders [&Type "ArrayOfDoubles", &Dim (46,1)] "The bond orders"
                                                         0

0                                      9.7010486079254910e-01
1                                      7.6715241082143371e-01
2                                      9.6766575498305296e-01
3                                      9.3507859768046109e-01
4                                      9.2563132597924391e-01
5                                      9.7030215145766441e-01
6                                      9.3285988055764046e-01
7                                      9.1418582490007383e-01
8                                      1.1482792496953116e+00
9                                      7.1304104436587556e-01
10                                     1.2256929221656794e+00
11                                     1.2921053044545532e+00
12                                     1.5843813747515609e+00
13                                     9.0439929492065929e-01
14                                     1.2261265564670047e+00
15                                     9.0363266555639010e-01
16                                     1.2893629665942230e+00
17                                     1.1438627799726362e+00
18                                     1.2334482112592413e+00
19                                     1.0682808731270570e+00
20                                     1.0652740565093690e+00
21                                     1.6382224026070926e+00
22                                     1.0089920528260443e+00
23                                     1.3336911368212720e-01
24                                     1.3676217839113380e+00
25                                     1.3616033319545224e+00
26                                     1.0092665606615563e+00
27                                     1.3613081890926215e+00
28                                     1.6338475355668822e+00
29                                     1.3625924825754049e-01
30                                     1.4357160883878335e+00
31                                     9.0827951609053981e-01
32                                     1.3959383481072449e+00
33                                     9.2548693854402120e-01
34                                     1.4357427993127747e+00
35                                     9.2548282021711326e-01
36                                     9.0821889859311433e-01
37                                     9.4221520242007983e-01
38                                     7.1256904724999226e-01
39                                     9.6613567563112768e-01
40                                     9.2254246449593325e-01
41                                     9.3225654337088004e-01
42                                     9.5669347607399047e-01
43                                     9.2840574029435097e-01
44                                     9.3825703301731744e-01
45                                     7.6600656156946534e-01
   &ATNO [&Type "ArrayOfIntegers", &Dim (42,1)] "Atomic number of the elements"
                                                         0

0                                                        8
1                                                        6
2                                                        6
3                                                        7
4                                                        6
5                                                        6
6                                                        6
7                                                        6
8                                                        6
9                                                        6
10                                                       6
11                                                       8
12                                                       6
13                                                       6
14                                                       6
15                                                       8
16                                                       6
17                                                       6
18                                                       6
19                                                       6
20                                                       7
21                                                       6
22                                                       6
23                                                       8
24                                                       1
25                                                       1
26                                                       1
27                                                       1
28                                                       1
29                                                       1
30                                                       1
31                                                       1
32                                                       1
33                                                       1
34                                                       1
35                                                       1
36                                                       1
37                                                       1
38                                                       1
39                                                       1
40                                                       1
41                                                       1
   &NA [&Type "ArrayOfDoubles", &Dim (42,1)] "Mulliken gross atomic population"
                                                         0

0                                      8.6651082587920030e+00
1                                      6.0205249045089531e+00
2                                      6.1801077446964552e+00
3                                      7.6253521725441704e+00
4                                      5.7166377150035625e+00
5                                      6.1909820778797160e+00
6                                      6.1922435126133966e+00
7                                      5.7066363350683504e+00
8                                      6.0276633346646467e+00
9                                      6.0271127334256072e+00
10                                     5.7125664326084866e+00
11                                     8.5338523517689140e+00
12                                     5.9434924576058785e+00
13                                     5.9433965730344607e+00
14                                     5.7113334884541036e+00
15                                     8.5359595590487931e+00
16                                     6.1909014535023781e+00
17                                     6.1408036041633931e+00
18                                     6.1409636787217403e+00
19                                     6.1909490100486391e+00
20                                     7.6440475432801307e+00
21                                     6.1705438508699890e+00
22                                     6.0244894848361392e+00
23                                     8.6661806572387086e+00
24                                     5.7156069251292763e-01
25                                     8.4441742027510802e-01
26                                     8.5916615498167404e-01
27                                     8.2777217804422576e-01
28                                     8.2775202362659628e-01
29                                     6.2569519638827409e-01
30                                     8.2020264731260206e-01
31                                     8.1987493827076730e-01
32                                     8.4096914784608523e-01
33                                     8.3600182010007451e-01
34                                     8.3602371791766206e-01
35                                     8.4093553502205209e-01
36                                     6.1989049668144225e-01
37                                     8.3137541947919491e-01
38                                     8.2719041330495491e-01
39                                     8.5649763124024991e-01
40                                     8.4452286505709062e-01
41                                     5.6830276756033449e-01
   &ZA [&Type "ArrayOfDoubles", &Dim (42,1)] "Total nuclear charge"
                                                         0

0                                      8.0000000000000000e+00
1                                      6.0000000000000000e+00
2                                      6.0000000000000000e+00
3                                      7.0000000000000000e+00
4                                      6.0000000000000000e+00
5                                      6.0000000000000000e+00
6                                      6.0000000000000000e+00
7                                      6.0000000000000000e+00
8                                      6.0000000000000000e+00
9                                      6.0000000000000000e+00
10                                     6.0000000000000000e+00
11                                     8.0000000000000000e+00
12                                     6.0000000000000000e+00
13                                     6.0000000000000000e+00
14                                     6.0000000000000000e+00
15                                     8.0000000000000000e+00
16                                     6.0000000000000000e+00
17                                     6.0000000000000000e+00
18                                     6.0000000000000000e+00
19                                     6.0000000000000000e+00
20                                     7.0000000000000000e+00
21                                     6.0000000000000000e+00
22                                     6.0000000000000000e+00
23                                     8.0000000000000000e+00
24                                     1.0000000000000000e+00
25                                     1.0000000000000000e+00
26                                     1.0000000000000000e+00
27                                     1.0000000000000000e+00
28                                     1.0000000000000000e+00
29                                     1.0000000000000000e+00
30                                     1.0000000000000000e+00
31                                     1.0000000000000000e+00
32                                     1.0000000000000000e+00
33                                     1.0000000000000000e+00
34                                     1.0000000000000000e+00
35                                     1.0000000000000000e+00
36                                     1.0000000000000000e+00
37                                     1.0000000000000000e+00
38                                     1.0000000000000000e+00
39                                     1.0000000000000000e+00
40                                     1.0000000000000000e+00
41                                     1.0000000000000000e+00
   &QA [&Type "ArrayOfDoubles", &Dim (42,1)] "Mulliken gross atomic charge"
                                                         0

0                                     -6.6510825879200297e-01
1                                     -2.0524904508953057e-02
2                                     -1.8010774469645519e-01
3                                     -6.2535217254417041e-01
4                                      2.8336228499643745e-01
5                                     -1.9098207787971599e-01
6                                     -1.9224351261339656e-01
7                                      2.9336366493164956e-01
8                                     -2.7663334664646655e-02
9                                     -2.7112733425607161e-02
10                                     2.8743356739151338e-01
11                                    -5.3385235176891399e-01
12                                     5.6507542394121479e-02
13                                     5.6603426965539327e-02
14                                     2.8866651154589640e-01
15                                    -5.3595955904879311e-01
16                                    -1.9090145350237808e-01
17                                    -1.4080360416339310e-01
18                                    -1.4096367872174032e-01
19                                    -1.9094901004863907e-01
20                                    -6.4404754328013070e-01
21                                    -1.7054385086998902e-01
22                                    -2.4489484836139219e-02
23                                    -6.6618065723870856e-01
24                                     4.2843930748707237e-01
25                                     1.5558257972489198e-01
26                                     1.4083384501832596e-01
27                                     1.7222782195577424e-01
28                                     1.7224797637340372e-01
29                                     3.7430480361172591e-01
30                                     1.7979735268739794e-01
31                                     1.8012506172923270e-01
32                                     1.5903085215391477e-01
33                                     1.6399817989992549e-01
34                                     1.6397628208233794e-01
35                                     1.5906446497794791e-01
36                                     3.8010950331855775e-01
37                                     1.6862458052080509e-01
38                                     1.7280958669504509e-01
39                                     1.4350236875975009e-01
40                                     1.5547713494290938e-01
41                                     4.3169723243966551e-01
   &VA [&Type "ArrayOfDoubles", &Dim (42,1)] "Mayer's total valence"
                                                         0

0                                      1.7763643358460945e+00
1                                      3.7913288647671601e+00
2                                      3.8206695903308177e+00
3                                      2.9989185491453316e+00
4                                      3.8444790117424841e+00
5                                      3.8994873181023384e+00
6                                      3.9000008519780249e+00
7                                      3.8374184594451033e+00
8                                      3.7996083231071314e+00
9                                      3.7986001674070811e+00
10                                     3.8677545808555980e+00
11                                     2.0319462511169570e+00
12                                     3.8815140061064337e+00
13                                     3.8812618653306510e+00
14                                     3.8657835773229721e+00
15                                     2.0308990135888436e+00
16                                     3.8768668974372273e+00
17                                     3.8878973868940907e+00
18                                     3.8878434335605370e+00
19                                     3.8772902784824583e+00
20                                     2.9841593254755110e+00
21                                     3.8091567142480676e+00
22                                     3.7898815046199554e+00
23                                     1.7778347107781443e+00
24                                     7.8324852237741238e-01
25                                     9.3372432578901376e-01
26                                     9.2803898699626508e-01
27                                     9.2886136642057671e-01
28                                     9.2798924145279649e-01
29                                     8.7384605561640982e-01
30                                     9.3133577113679844e-01
31                                     9.3191386685773636e-01
32                                     9.4875526958374046e-01
33                                     9.3163240971890304e-01
34                                     9.3164373605703321e-01
35                                     9.4874852447854807e-01
36                                     8.6696409414853071e-01
37                                     9.3012303463866186e-01
38                                     9.3036092726666242e-01
39                                     9.2978854742700401e-01
40                                     9.3148218430169716e-01
41                                     7.7966853106618883e-01
   &BVA [&Type "ArrayOfDoubles", &Dim (42,1)] "Mayer's bonded valence"
                                                         0

0                                      1.7763643358460985e+00
1                                      3.7913288647671610e+00
2                                      3.8206695903308314e+00
3                                      2.9989185491453263e+00
4                                      3.8444790117425516e+00
5                                      3.8994873181023517e+00
6                                      3.9000008519779725e+00
7                                      3.8374184594450571e+00
8                                      3.7996083231071300e+00
9                                      3.7986001674071379e+00
10                                     3.8677545808556006e+00
11                                     2.0319462511169384e+00
12                                     3.8815140061064963e+00
13                                     3.8812618653306226e+00
14                                     3.8657835773229507e+00
15                                     2.0308990135887761e+00
16                                     3.8768668974371883e+00
17                                     3.8878973868940903e+00
18                                     3.8878434335604952e+00
19                                     3.8772902784824756e+00
20                                     2.9841593254755558e+00
21                                     3.8091567142480791e+00
22                                     3.7898815046199186e+00
23                                     1.7778347107780981e+00
24                                     7.8324852237741460e-01
25                                     9.3372432578901288e-01
26                                     9.2803898699626763e-01
27                                     9.2886136642058126e-01
28                                     9.2798924145280315e-01
29                                     8.7384605561641071e-01
30                                     9.3133577113678645e-01
31                                     9.3191386685772559e-01
32                                     9.4875526958373679e-01
33                                     9.3163240971889638e-01
34                                     9.3164373605702622e-01
35                                     9.4874852447855329e-01
36                                     8.6696409414852893e-01
37                                     9.3012303463865353e-01
38                                     9.3036092726666753e-01
39                                     9.2978854742700645e-01
40                                     9.3148218430169161e-01
41                                     7.7966853106618739e-01
   &FA [&Type "ArrayOfDoubles", &Dim (42,1)] "Mayer's free valence"
                                                         0

0                                      0.0000000000000000e+00
1                                      0.0000000000000000e+00
2                                      0.0000000000000000e+00
3                                      0.0000000000000000e+00
4                                      0.0000000000000000e+00
5                                      0.0000000000000000e+00
6                                      0.0000000000000000e+00
7                                      0.0000000000000000e+00
8                                      0.0000000000000000e+00
9                                      0.0000000000000000e+00
10                                     0.0000000000000000e+00
11                                     0.0000000000000000e+00
12                                     0.0000000000000000e+00
13                                     0.0000000000000000e+00
14                                     0.0000000000000000e+00
15                                     0.0000000000000000e+00
16                                     0.0000000000000000e+00
17                                     0.0000000000000000e+00
18                                     0.0000000000000000e+00
19                                     0.0000000000000000e+00
20                                     0.0000000000000000e+00
21                                     0.0000000000000000e+00
22                                     0.0000000000000000e+00
23                                     0.0000000000000000e+00
24                                     0.0000000000000000e+00
25                                     0.0000000000000000e+00
26                                     0.0000000000000000e+00
27                                     0.0000000000000000e+00
28                                     0.0000000000000000e+00
29                                     0.0000000000000000e+00
30                                     0.0000000000000000e+00
31                                     0.0000000000000000e+00
32                                     0.0000000000000000e+00
33                                     0.0000000000000000e+00
34                                     0.0000000000000000e+00
35                                     0.0000000000000000e+00
36                                     0.0000000000000000e+00
37                                     0.0000000000000000e+00
38                                     0.0000000000000000e+00
39                                     0.0000000000000000e+00
40                                     0.0000000000000000e+00
41                                     0.0000000000000000e+00
   &Method [&Type "String"] "SCF"
   &Level [&Type "String"] "Relaxed density"
   &Mult [&Type "Integer"] 1
   &State [&Type "Integer"] -1
   &Irrep [&Type "Integer"] 0
$End
$SCF_Energy
   &GeometryIndex 1
   &Method [&Type "String"] "SCF"
   &totalEnergy [&Type "ArrayOfDoubles", &Dim (1,1)] "Total energy of each state"
                                                         0

0                                     -1.1065221761647817e+03
   &Mult [&Type "ArrayOfIntegers", &Dim (1,1)] "Multiplicity of each state"
                                                         0

0                                                        1
$End
$DFT_Energy
   &GeometryIndex 1
   &nAlphaEl [&Type "Integer"] 85
   &nBetaEl [&Type "Integer"] 85
   &nTotalEl [&Type "Integer"] 171
   &finalEn [&Type "Double"]      -1.1065221761647817e+03  "No Van der Waals correction"
   &eExchange [&Type "Double"]      -1.1607304032102537e+02
   &eCorr [&Type "Double"]      -6.9512703969471872e+00
   &eXC [&Type "Double"]      -1.2302431071797255e+02
   &eCNL [&Type "Double"]       0.0000000000000000e+00
$End
$Solvation_Details
   &GeometryIndex 1
   &Solvent [&Type "String"] "WATER"
   &Epsilon [&Type "Double"]       8.0150999999999996e+01
   &Refrac [&Type "Double"]       1.3328000000000000e+00
   &RSolv [&Type "Double"]       1.3000000000000000e+00
   &SurfaceType [&Type "String"] "GAUSSIAN VDW"
   &CPCMDielEnergy [&Type "Double"]      -3.3939935999999997e-02
   &NPoints [&Type "Integer"] 3563
   &SurfaceArea [&Type "Double"]       1.2798638928870000e+03
$End
$SCF_Timings
   &GeometryIndex 1
   &TOTAL [&Type "Double"]       4.7670070000000003e+01
   &PREP [&Type "Double"]       1.0283860000000000e+00
   &FOCK [&Type "Double"]       4.4940232999999999e+01
   &DENS [&Type "Double"]       1.2429000000000912e-01
   &ETOT [&Type "Double"]       5.3837999999999830e-02
   &POP [&Type "Double"]       4.3694000000002120e-02
   &TRAFO [&Type "Double"]       9.1323000000000931e-02
   &DIIS [&Type "Double"]       3.8200299999999654e-01
   &SOSCF [&Type "Double"]       2.9865199999999703e-01
   &XC [&Type "Double"]       4.4631339999999984e+00
   &FOCKSTART [&Type "Double"]       1.2378999999998364e-02
   &SOLV [&Type "Double"]       7.7238740000000048e+00
   &SOLV_INIT [&Type "Double"]       4.1232199999999997e-01
   &INT_PREP [&Type "Double"]       2.9999999977547986e-06
   &INT_BF [&Type "Double"]       1.2619190000002316e+00
   &INT_DENS [&Type "Double"]       1.0757599999999234e+00
   &INT_DENSIO [&Type "Double"]       1.3192401445200024e+05
   &INT_FUNC [&Type "Double"]       1.4692399999997541e-01
   &INT_POT [&Type "Double"]       1.0770339999999177e+00
   &INT_POTIO [&Type "Double"]       3.7162999999940993e-02
   &INT_SUM [&Type "Double"]       1.1279999999960211e-03
   &SPLITRIJ [&Type "Double"]       4.7101210000000044e+00
   &COSX [&Type "Double"]       2.9543792999999997e+01
   &FROZCORE [&Type "Double"]       6.3110000000037303e-03
$End
$CIS_Absorption_Spectrum
   &GeometryIndex 1
   &Method [&Type "Integer"] 20
   &RelCorrection [&Type "Integer"] 1 "Type of relativistic treatment in QDPT. 0->Unknow, 1->None, 2->SOC, 3->SSC, 4->SOC/SSC"
   &DensType [&Type "Integer"] 3 "Type of density (electron/spin ...). 0->Unknow, 1->Electronic, 2->Spin, 3->Trans/Electronic, 4->Tran/Spin"
   &DeriType [&Type "Integer"] 0 "Type of derivative (w.r.t. to what perturbation). 0->Unknown, 1->No Derivative, 2->Electric/Dipole, 3->Electric/Quad, 4->Magnetic/Dipole, 5->Magnetic/Quad"
   &DensLevel [&Type "Integer"] 0 "// Source of density: relaxed, unrelaxed, ... 0->Unknown, 1->Linearized, 2->Unrelaxed, 3->Relaxed"
   &Density_name [&Type "String"] "Tdens-CIS"
   &Representation [&Type "String"] "Length" "Possible values: Unknown,  Length, Velocity"
   &PointGroup [&Type "String"] "C1"
   &DoHigherMoments [&Type "Boolean"] false
   &NTrans [&Type "Integer"] 8
   &ExcitationEnergies [&Type "ArrayOfDoubles", &Dim (8,11)] 
                                                         0                           1                           2                           3                           4                           5                           6                           7

0                                      2.3994955823847328e+00         1.9353239070978660e+04         5.1670937166252429e+02         4.4587824401617460e-01         7.5846965108295175e+00        -1.4626697525224417e+00         0.0000000000000000e+00         2.2269949471015869e+00
1                                      3.1203320325231156e+00         2.5167177739179508e+04         3.9734292432926634e+02         6.4644640698834359e-04         8.4561678908358015e-03        -7.9781469887659689e-02         0.0000000000000000e+00         4.5213145377390365e-02
2                                      3.3223202029360315e+00         2.6796322372830244e+04         3.7318553870434692e+02         2.6255232686952720e-03         3.2256427402881427e-02         1.6239841457268397e-01         0.0000000000000000e+00         7.5480200786325544e-02
3                                      3.3858526380108200e+00         2.7308746072957179e+04         3.6618305261194774e+02         9.1371861889108475e-04         1.1015045684166749e-02        -7.0437952364979559e-02         0.0000000000000000e+00        -7.4680020955307694e-02
4                                      3.5313687605278008e+00         2.8482412875441583e+04         3.5109385022019353e+02         5.3470795325456885e-02         6.1803839147336781e-01        -6.7675816899575059e-01         0.0000000000000000e+00        -3.9048669465514857e-01
5                                      3.9437226014241586e+00         3.1808271244712774e+04         3.1438363698128410e+02         5.6491510250557930e-02         5.8468063032038942e-01        -5.5305816087895154e-01         0.0000000000000000e+00        -5.0968151577148535e-01
6                                      3.9488021648405303e+00         3.1849240690914270e+04         3.1397922785809868e+02         3.7317526850169577e-02         3.8573527677630598e-01         5.2544388120452579e-01         0.0000000000000000e+00        -3.0685015679892697e-01
7                                      4.0178855461716756e+00         3.2406435796647478e+04         3.0858068016953973e+02         6.3362202697346730e-03         6.4368677412010064e-02        -1.2684966616965049e-01         0.0000000000000000e+00         2.0429745222591103e-01
                                                         8                           9                          10

0                                      0.0000000000000000e+00        -6.9698436960197085e-01         0.0000000000000000e+00
1                                      0.0000000000000000e+00         6.8451762930706187e-03         0.0000000000000000e+00
2                                      0.0000000000000000e+00        -1.3635308445945411e-02         0.0000000000000000e+00
3                                      0.0000000000000000e+00         2.1827391527858352e-02         0.0000000000000000e+00
4                                      0.0000000000000000e+00         8.6930509420936941e-02         0.0000000000000000e+00
5                                      0.0000000000000000e+00         1.3795670874032318e-01         0.0000000000000000e+00
6                                      0.0000000000000000e+00         1.2444671853248714e-01         0.0000000000000000e+00
7                                      0.0000000000000000e+00        -8.0872681534989874e-02         0.0000000000000000e+00
   &States [&Type "ArrayOfIntegers", &Dim (8,4)] "The initial and Final states. Col1: Initial State  Col2: Initial Irrep Col3: Final State Col4: Final Irrep"
                                                         0                           1                           2                           3

0                                                        0                           0                           1                           0
1                                                        0                           0                           2                           0
2                                                        0                           0                           3                           0
3                                                        0                           0                           4                           0
4                                                        0                           0                           5                           0
5                                                        0                           0                           6                           0
6                                                        0                           0                           7                           0
7                                                        0                           0                           8                           0
   &Multiplicities [&Type "ArrayOfDoubles", &Dim (8,2)] "Col1: Multiplicity of the initial state  Col2: Multiplicity of the final state"
                                                         0                           1

0                                      1.0000000000000000e+00         1.0000000000000000e+00
1                                      1.0000000000000000e+00         1.0000000000000000e+00
2                                      1.0000000000000000e+00         1.0000000000000000e+00
3                                      1.0000000000000000e+00         1.0000000000000000e+00
4                                      1.0000000000000000e+00         1.0000000000000000e+00
5                                      1.0000000000000000e+00         1.0000000000000000e+00
6                                      1.0000000000000000e+00         1.0000000000000000e+00
7                                      1.0000000000000000e+00         1.0000000000000000e+00
   &Temperature [&Type "Double"]       2.9814999999999998e+02
$End
$CIS_Absorption_Spectrum
   &GeometryIndex 1
   &Method [&Type "Integer"] 20
   &RelCorrection [&Type "Integer"] 1 "Type of relativistic treatment in QDPT. 0->Unknow, 1->None, 2->SOC, 3->SSC, 4->SOC/SSC"
   &DensType [&Type "Integer"] 3 "Type of density (electron/spin ...). 0->Unknow, 1->Electronic, 2->Spin, 3->Trans/Electronic, 4->Tran/Spin"
   &DeriType [&Type "Integer"] 0 "Type of derivative (w.r.t. to what perturbation). 0->Unknown, 1->No Derivative, 2->Electric/Dipole, 3->Electric/Quad, 4->Magnetic/Dipole, 5->Magnetic/Quad"
   &DensLevel [&Type "Integer"] 0 "// Source of density: relaxed, unrelaxed, ... 0->Unknown, 1->Linearized, 2->Unrelaxed, 3->Relaxed"
   &Density_name [&Type "String"] "Tdens-CIS"
   &Representation [&Type "String"] "Velocity" "Possible values: Unknown,  Length, Velocity"
   &PointGroup [&Type "String"] "C1"
   &DoHigherMoments [&Type "Boolean"] false
   &NTrans [&Type "Integer"] 8
   &ExcitationEnergies [&Type "ArrayOfDoubles", &Dim (8,11)] 
                                                         0                           1                           2                           3                           4                           5                           6                           7

0                                      2.3994955823847328e+00         1.9353239070978660e+04         5.1670937166252429e+02         7.4520378302130813e-03         9.8567931610710766e-04        -4.0276493622918722e-03         0.0000000000000000e+00        -1.7430951292962565e-03
1                                      3.1203320325231156e+00         2.5167177739179508e+04         3.9734292432926634e+02         4.5035267764422795e-05         7.7462979297802337e-06         2.3555125982011945e-03         0.0000000000000000e+00        -1.4071094280708491e-03
2                                      3.3223202029360315e+00         2.6796322372830244e+04         3.7318553870434692e+02         9.6963663592580084e-03         1.7757880981401433e-03        -3.6841103993040004e-02         0.0000000000000000e+00        -2.0434821768226023e-02
3                                      3.3858526380108200e+00         2.7308746072957179e+04         3.6618305261194774e+02         2.9368446588081418e-04         5.4813769053653854e-05         6.2231386840970728e-03         0.0000000000000000e+00         4.0041161382114851e-03
4                                      3.5313687605278008e+00         2.8482412875441583e+04         3.5109385022019353e+02         3.6137425872716715e-03         7.0346245321434623e-04         2.3898185554504011e-02         0.0000000000000000e+00         1.0934290534362873e-02
5                                      3.9437226014241586e+00         3.1808271244712774e+04         3.1438363698128410e+02         1.1615105264529720e-02         2.5250509580659500e-03         4.0008042954997727e-02         0.0000000000000000e+00         3.0236354495515528e-02
6                                      3.9488021648405303e+00         3.1849240690914270e+04         3.1397922785809868e+02         6.4022938726750675e-03         1.3936111699689203e-03        -3.2485546936012286e-02         0.0000000000000000e+00         1.5767727004190508e-02
7                                      4.0178855461716756e+00         3.2406435796647478e+04         3.0858068016953973e+02         1.4951345908753603e-02         3.3114521819530562e-03         2.9507353536078237e-02         0.0000000000000000e+00        -4.7369102172548631e-02
                                                         8                           9                          10

0                                      0.0000000000000000e+00        -3.1087279972550851e-02         0.0000000000000000e+00
1                                      0.0000000000000000e+00         4.6679908625641071e-04         0.0000000000000000e+00
2                                      0.0000000000000000e+00         9.6913054589720300e-04         0.0000000000000000e+00
3                                      0.0000000000000000e+00         2.3101498622977852e-04         0.0000000000000000e+00
4                                      0.0000000000000000e+00         3.5749784512615628e-03         0.0000000000000000e+00
5                                      0.0000000000000000e+00        -3.1890945107545410e-03         0.0000000000000000e+00
6                                      0.0000000000000000e+00        -9.4699099973750960e-03         0.0000000000000000e+00
7                                      0.0000000000000000e+00         1.4033404028125031e-02         0.0000000000000000e+00
   &States [&Type "ArrayOfIntegers", &Dim (8,4)] "The initial and Final states. Col1: Initial State  Col2: Initial Irrep Col3: Final State Col4: Final Irrep"
                                                         0                           1                           2                           3

0                                                        0                           0                           1                           0
1                                                        0                           0                           2                           0
2                                                        0                           0                           3                           0
3                                                        0                           0                           4                           0
4                                                        0                           0                           5                           0
5                                                        0                           0                           6                           0
6                                                        0                           0                           7                           0
7                                                        0                           0                           8                           0
   &Multiplicities [&Type "ArrayOfDoubles", &Dim (8,2)] "Col1: Multiplicity of the initial state  Col2: Multiplicity of the final state"
                                                         0                           1

0                                      1.0000000000000000e+00         1.0000000000000000e+00
1                                      1.0000000000000000e+00         1.0000000000000000e+00
2                                      1.0000000000000000e+00         1.0000000000000000e+00
3                                      1.0000000000000000e+00         1.0000000000000000e+00
4                                      1.0000000000000000e+00         1.0000000000000000e+00
5                                      1.0000000000000000e+00         1.0000000000000000e+00
6                                      1.0000000000000000e+00         1.0000000000000000e+00
7                                      1.0000000000000000e+00         1.0000000000000000e+00
   &Temperature [&Type "Double"]       2.9814999999999998e+02
$End
$CIS_ECD_Spectrum
   &GeometryIndex 1
   &Method [&Type "Integer"] 20
   &RelCorrection [&Type "Integer"] 1 "Type of relativistic treatment in QDPT. 0->Unknow, 1->None, 2->SOC, 3->SSC, 4->SOC/SSC"
   &DensType [&Type "Integer"] 3 "Type of density (electron/spin ...). 0->Unknow, 1->Electronic, 2->Spin, 3->Trans/Electronic, 4->Tran/Spin"
   &DeriType [&Type "Integer"] 0 "Type of derivative (w.r.t. to what perturbation). 0->Unknown, 1->No Derivative, 2->Electric/Dipole, 3->Electric/Quad, 4->Magnetic/Dipole, 5->Magnetic/Quad"
   &DensLevel [&Type "Integer"] 0 "// Source of density: relaxed, unrelaxed, ... 0->Unknown, 1->Linearized, 2->Unrelaxed, 3->Relaxed"
   &Density_name [&Type "String"] "Tdens-CIS"
   &Representation [&Type "String"] "Length" "Possible values: Unknown,  Length, Velocity"
   &PointGroup [&Type "String"] "C1"
   &DoHigherMoments [&Type "Boolean"] false
   &NTrans [&Type "Integer"] 8
   &ExcitationEnergies [&Type "ArrayOfDoubles", &Dim (8,10)] 
                                                         0                           1                           2                           3                           4                           5                           6                           7

0                                      2.3994955823847328e+00         1.9353239070978660e+04         5.1670937166252429e+02         3.2855195891215196e+01         7.2306347338496640e-02         0.0000000000000000e+00         8.3758970491916423e-03         0.0000000000000000e+00
1                                      3.1203320325231156e+00         2.5167177739179508e+04         3.9734292432926634e+02        -5.6686260381264786e+00        -2.2093611233376567e-01         0.0000000000000000e+00        -1.2967294655997724e-01         0.0000000000000000e+00
2                                      3.3223202029360315e+00         2.6796322372830244e+04         3.7318553870434692e+02        -1.5981032781527245e+00         3.7023519420888405e-02         0.0000000000000000e+00        -1.2515510462666900e-02         0.0000000000000000e+00
3                                      3.3858526380108200e+00         2.7308746072957179e+04         3.6618305261194774e+02        -5.7655058111582635e-01        -2.8934424975607456e-03         0.0000000000000000e+00        -1.9368726396483196e-02         0.0000000000000000e+00
4                                      3.5313687605278008e+00         2.8482412875441583e+04         3.5109385022019353e+02        -5.8585437995642788e+00        -3.2560543369077329e-02         0.0000000000000000e+00        -6.0470853095351315e-02         0.0000000000000000e+00
5                                      3.9437226014241586e+00         3.1808271244712774e+04         3.1438363698128410e+02        -3.9492403532410405e+00        -8.3091615979478547e-02         0.0000000000000000e+00         1.9915853370526279e-01         0.0000000000000000e+00
6                                      3.9488021648405303e+00         3.1849240690914270e+04         3.1397922785809868e+02        -6.1763115421255721e+00         2.3309526760991718e-02         0.0000000000000000e+00        -7.0898792933158788e-02         0.0000000000000000e+00
7                                      4.0178855461716756e+00         3.2406435796647478e+04         3.0858068016953973e+02        -9.0660919320668398e-01         1.4200065618910166e-02         0.0000000000000000e+00         1.5583477034859959e-02         0.0000000000000000e+00
                                                         8                           9

0                                     -2.4990006163147116e-02         0.0000000000000000e+00
1                                      3.7999074444785133e-02         0.0000000000000000e+00
2                                      1.2307238840869410e-01         0.0000000000000000e+00
3                                     -1.9577975022928941e-02         0.0000000000000000e+00
4                                     -3.8216782665329979e-01         0.0000000000000000e+00
5                                      4.6340415519050393e-01         0.0000000000000000e+00
6                                     -1.6796344243643729e-01         0.0000000000000000e+00
7                                     -6.6849455491068341e-03         0.0000000000000000e+00
   &States [&Type "ArrayOfIntegers", &Dim (8,4)] "The initial and Final states. Col1: Initial State  Col2: Initial Irrep Col3: Final State Col4: Final Irrep"
                                                         0                           1                           2                           3

0                                                        0                           0                           1                           0
1                                                        0                           0                           2                           0
2                                                        0                           0                           3                           0
3                                                        0                           0                           4                           0
4                                                        0                           0                           5                           0
5                                                        0                           0                           6                           0
6                                                        0                           0                           7                           0
7                                                        0                           0                           8                           0
   &Multiplicities [&Type "ArrayOfDoubles", &Dim (8,2)] "Col1: Multiplicity of the initial state  Col2: Multiplicity of the final state"
                                                         0                           1

0                                      1.0000000000000000e+00         1.0000000000000000e+00
1                                      1.0000000000000000e+00         1.0000000000000000e+00
2                                      1.0000000000000000e+00         1.0000000000000000e+00
3                                      1.0000000000000000e+00         1.0000000000000000e+00
4                                      1.0000000000000000e+00         1.0000000000000000e+00
5                                      1.0000000000000000e+00         1.0000000000000000e+00
6                                      1.0000000000000000e+00         1.0000000000000000e+00
7                                      1.0000000000000000e+00         1.0000000000000000e+00
   &Temperature [&Type "Double"]       2.9814999999999998e+02
$End
$CIS_ECD_Spectrum
   &GeometryIndex 1
   &Method [&Type "Integer"] 20
   &RelCorrection [&Type "Integer"] 1 "Type of relativistic treatment in QDPT. 0->Unknow, 1->None, 2->SOC, 3->SSC, 4->SOC/SSC"
   &DensType [&Type "Integer"] 3 "Type of density (electron/spin ...). 0->Unknow, 1->Electronic, 2->Spin, 3->Trans/Electronic, 4->Tran/Spin"
   &DeriType [&Type "Integer"] 0 "Type of derivative (w.r.t. to what perturbation). 0->Unknown, 1->No Derivative, 2->Electric/Dipole, 3->Electric/Quad, 4->Magnetic/Dipole, 5->Magnetic/Quad"
   &DensLevel [&Type "Integer"] 0 "// Source of density: relaxed, unrelaxed, ... 0->Unknown, 1->Linearized, 2->Unrelaxed, 3->Relaxed"
   &Density_name [&Type "String"] "Tdens-CIS"
   &Representation [&Type "String"] "Velocity" "Possible values: Unknown,  Length, Velocity"
   &PointGroup [&Type "String"] "C1"
   &DoHigherMoments [&Type "Boolean"] false
   &NTrans [&Type "Integer"] 8
   &ExcitationEnergies [&Type "ArrayOfDoubles", &Dim (8,10)] 
                                                         0                           1                           2                           3                           4                           5                           6                           7

0                                      2.3994955823847328e+00         1.9353239070978660e+04         5.1670937166252429e+02         2.5184355693022407e+00         7.2306347338496640e-02         0.0000000000000000e+00         8.3758970491916423e-03         0.0000000000000000e+00
1                                      3.1203320325231156e+00         2.5167177739179508e+04         3.9734292432926634e+02        -1.3165241007730408e+00        -2.2093611233376567e-01         0.0000000000000000e+00        -1.2967294655997724e-01         0.0000000000000000e+00
2                                      3.3223202029360315e+00         2.6796322372830244e+04         3.7318553870434692e+02        -3.8187821711214469e+00         3.7023519420888405e-02         0.0000000000000000e+00        -1.2515510462666900e-02         0.0000000000000000e+00
3                                      3.3858526380108200e+00         2.7308746072957179e+04         3.6618305261194774e+02        -3.7921215033034783e-01        -2.8934424975607456e-03         0.0000000000000000e+00        -1.9368726396483196e-02         0.0000000000000000e+00
4                                      3.5313687605278008e+00         2.8482412875441583e+04         3.5109385022019353e+02        -1.0192184062515039e+01        -3.2560543369077329e-02         0.0000000000000000e+00        -6.0470853095351315e-02         0.0000000000000000e+00
5                                      3.9437226014241586e+00         3.1808271244712774e+04         3.1438363698128410e+02         3.9675061884251313e+00        -8.3091615979478547e-02         0.0000000000000000e+00         1.9915853370526279e-01         0.0000000000000000e+00
6                                      3.9488021648405303e+00         3.1849240690914270e+04         3.1397922785809868e+02        -9.2440006345786396e-01         2.3309526760991718e-02         0.0000000000000000e+00        -7.0898792933158788e-02         0.0000000000000000e+00
7                                      4.0178855461716756e+00         3.2406435796647478e+04         3.0858068016953973e+02        -1.3186205917556146e+00         1.4200065618910166e-02         0.0000000000000000e+00         1.5583477034859959e-02         0.0000000000000000e+00
                                                         8                           9

0                                     -2.4990006163147116e-02         0.0000000000000000e+00
1                                      3.7999074444785133e-02         0.0000000000000000e+00
2                                      1.2307238840869410e-01         0.0000000000000000e+00
3                                     -1.9577975022928941e-02         0.0000000000000000e+00
4                                     -3.8216782665329979e-01         0.0000000000000000e+00
5                                      4.6340415519050393e-01         0.0000000000000000e+00
6                                     -1.6796344243643729e-01         0.0000000000000000e+00
7                                     -6.6849455491068341e-03         0.0000000000000000e+00
   &States [&Type "ArrayOfIntegers", &Dim (8,4)] "The initial and Final states. Col1: Initial State  Col2: Initial Irrep Col3: Final State Col4: Final Irrep"
                                                         0                           1                           2                           3

0                                                        0                           0                           1                           0
1                                                        0                           0                           2                           0
2                                                        0                           0                           3                           0
3                                                        0                           0                           4                           0
4                                                        0                           0                           5                           0
5                                                        0                           0                           6                           0
6                                                        0                           0                           7                           0
7                                                        0                           0                           8                           0
   &Multiplicities [&Type "ArrayOfDoubles", &Dim (8,2)] "Col1: Multiplicity of the initial state  Col2: Multiplicity of the final state"
                                                         0                           1

0                                      1.0000000000000000e+00         1.0000000000000000e+00
1                                      1.0000000000000000e+00         1.0000000000000000e+00
2                                      1.0000000000000000e+00         1.0000000000000000e+00
3                                      1.0000000000000000e+00         1.0000000000000000e+00
4                                      1.0000000000000000e+00         1.0000000000000000e+00
5                                      1.0000000000000000e+00         1.0000000000000000e+00
6                                      1.0000000000000000e+00         1.0000000000000000e+00
7                                      1.0000000000000000e+00         1.0000000000000000e+00
   &Temperature [&Type "Double"]       2.9814999999999998e+02
$End
$CIS_Energies
   &GeometryIndex 1
   &e0 [&Type "Double"]      -1.1065221761647817e+03  "Ground state energy"
   &multP1 [&Type "Boolean"] false "Do the higher multiplicity too?"
   &mode [&Type "String"] "TDA" "CIS mode: CIS, RPA, TDA, TD-DFT, sTDA, sTD-DFT"
   &dCorr [&Type "Integer"] 0 "(D) Correction algorithm"
   &Method [&Type "String"] "TDA/CIS"
   &totalEnergy [&Type "ArrayOfDoubles", &Dim (8,1)] "Total energy of each state"
                                                         0

0                                     -1.1064339963193431e+03
1                                     -1.1064075060656305e+03
2                                     -1.1064000831365038e+03
3                                     -1.1063977483623346e+03
4                                     -1.1063924007429071e+03
5                                     -1.1063772470171727e+03
6                                     -1.1063770603466407e+03
7                                     -1.1063745215789377e+03
   &Mult [&Type "ArrayOfIntegers", &Dim (8,1)] "Multiplicity of each state"
                                                         0

0                                                        1
1                                                        1
2                                                        1
3                                                        1
4                                                        1
5                                                        1
6                                                        1
7                                                        1
   &RelCorr [&Type "String"] "None" "Relativistic correction (SOC and/or SSC)"
   &NBlocks [&Type "Integer"] 1 "Number of multiplicity blocks"
   &NRoots [&Type "ArrayOfIntegers", &Dim (1,1)] "Number of roots in each block"
                                                         0

0                                                        8
   &NTotalRoots [&Type "Integer"] 8 "Total number of roots"
   &Block [&Type "ArrayOfIntegers", &Dim (8,1)] "Block index of each state"
                                                         0

0                                                        0
1                                                        0
2                                                        0
3                                                        0
4                                                        0
5                                                        0
6                                                        0
7                                                        0
   &Root [&Type "ArrayOfIntegers", &Dim (8,1)] "Root index within the block"
                                                         0

0                                                        0
1                                                        1
2                                                        2
3                                                        3
4                                                        4
5                                                        5
6                                                        6
7                                                        7
$End
$Single_Point_Data
   &GeometryIndex 1
   &FinalEnergy [&Type "Double"]      -1.1064339963193431e+03  "Final single point energy"
   &Converged [&Type "Boolean"] true
$End
$Calculation_Info
   &GeometryIndex 1
   &Mult [&Type "Integer"] 1
   &Charge [&Type "Integer"] 0
   &NumOfAtoms [&Type "Integer"] 42
   &NumOfElectrons [&Type "Integer"] 172
   &NumOfBasisFuncts [&Type "Integer"] 372
   &NumOfAuxCBasisFuncts [&Type "Integer"] 0
   &NumOfAuxJBasisFuncts [&Type "Integer"] 1374
   &NumOfAuxJKBasisFuncts [&Type "Integer"] 0
   &NumOfCABSBasisFuncts [&Type "Integer"] 0
$End
$SCF_Dipole_Moment
   &GeometryIndex 1
   &dipoleMagnitude [&Type "Double", &Units "a.u."]       2.6160216818944275e+00
   &dipoleElecContrib [&Type "ArrayOfDoubles", &Dim (3,1)] "Electronic contribution"
                                                         0

0                                     -7.1280858146593475e+00
1                                      1.2054086114622677e+01
2                                     -2.3722973416289270e-01
   &dipoleNucContrib [&Type "ArrayOfDoubles", &Dim (3,1)] "Nuclear contribution"
                                                         0

0                                      7.3893046706407421e+00
1                                     -1.4234217577663543e+01
2                                      1.6593271124323330e+00
   &dipoleTotal [&Type "ArrayOfDoubles", &Dim (3,1)] "Total"
                                                         0

0                                      2.6121885598139460e-01
1                                     -2.1801314630408655e+00
2                                      1.4220973782694404e+00
   &doAtomicDipole [&Type "Boolean"] false
   &Method [&Type "String"] "SCF"
   &Level [&Type "String"] "Relaxed density"
   &Mult [&Type "Integer"] 1
   &State [&Type "Integer"] -1
   &Irrep [&Type "Integer"] 0
$End
$Calculation_Timings
   &GeometryIndex 1
   &GTOINT [&Type "Double"]       3.9649640000000002e+00
   &SCF [&Type "Double"]       5.2134971999999998e+01
   &CIS [&Type "Double"]       3.9154806999999998e+01
   &PROPINT [&Type "Double"]       1.7519840000000002e+00
   &PROP [&Type "Double"]       1.6933889999999963e+00
   &SUM [&Type "Double"]       9.8700115999999980e+01
$End
