*************************************************
******************* ORCA 6.1.1 ******************
*************************************************
$Calculation_Status
   &GeometryIndex 1
   &version [&Type "String"] "6.1.1"
   &progName [&Type "String"] "ProgCIS"
   &Status [&Type "String"] "NORMAL TERMINATION"
$End
$Geometry
   &GeometryIndex 1
   &NAtoms [&Type "Integer"] 30
   &NCorelessECP [&Type "Integer"] 0
   &NGhostAtoms [&Type "Integer"] 0
   &CartesianCoordinates [&Type "Coordinates", &Dim(30,4), &Units "Bohr"] 
              C      7.903152166049   -2.595907341537    1.896551824717
              C      5.826471646247   -2.599656558187    3.893259134532
              N      3.339599612911   -2.712278566590    2.707894401959
              C      2.164369481595   -0.615793716904    1.471013845250
              N      3.299560095585    1.686663722475    1.425144522801
              C      2.164834354224    3.664400071631    0.250844136743
              N      3.376891468438    6.076856579539    0.207748932259
              N      2.277471480436    8.080189269179   -0.954854049031
              N      1.370359472453    9.734512218598   -1.914504222989
              N     -0.118247723104    3.335154977044   -0.876662850787
              C     -1.267594275564    1.041590588852   -0.830842661218
              N     -0.116365555875   -0.930790276441    0.344886357797
              N     -3.674842698247    0.723016777743   -2.032678246774
              C     -5.054095221886   -1.681208083126   -2.003172062919
              C     -7.049141462429   -1.719437242815   -4.100938146924
              C     -6.298117053655   -2.080767997430    0.579418378552
              H      9.780071625961   -2.599458136943    2.834430463887
              H      7.760687602539   -0.886270218452    0.689404218999
              H      7.745692625666   -4.306665072219    0.690658997152
              H      5.974474997056   -0.886976976026    5.099673526510
              H      6.065574914520   -4.287541043744    5.116456184305
              H      5.132063432445    6.311004985889    1.078691582039
              H     -4.437694902893    2.270940586917   -2.996175903141
              H     -3.714139553202   -3.259136963855   -2.370353409644
              H     -8.465341911438   -0.197285518655   -3.804485469939
              H     -8.035979126276   -3.572292930138   -4.130754245865
              H     -6.127712889255   -1.432913186938   -5.965141639680
              H     -7.634023039235   -0.516012397581    0.998977264532
              H     -7.345391938718   -3.900014905461    0.607044284904
              H     -4.842587624347   -2.143918865373    2.088459182795
$End
$SCF_Mulliken_Population_Analysis
   &GeometryIndex 1
   &NAtoms [&Type "Integer"] 30
   &ATNO [&Type "ArrayOfIntegers", &Dim (30,1)] 
                                                         0

0                                                        6
1                                                        6
2                                                        7
3                                                        6
4                                                        7
5                                                        6
6                                                        7
7                                                        7
8                                                        7
9                                                        7
10                                                       6
11                                                       7
12                                                       7
13                                                       6
14                                                       6
15                                                       6
16                                                       1
17                                                       1
18                                                       1
19                                                       1
20                                                       1
21                                                       1
22                                                       1
23                                                       1
24                                                       1
25                                                       1
26                                                       1
27                                                       1
28                                                       1
29                                                       1
   &AtomicCharges [&Type "ArrayOfDoubles", &Dim (30,1)] 
                                                         0

0                                     -7.1019741553301152e-01
1                                     -1.3503872668762984e-01
2                                     -4.6928587670412281e-01
3                                      2.4208682001065629e-01
4                                     -3.9517056999700184e-01
5                                      1.6992734433705348e-01
6                                     -3.1636565403954453e-01
7                                      5.6686739669296671e-01
8                                     -8.4444779413834326e-02
9                                     -4.9199201729827635e-01
10                                     5.3733926915776031e-01
11                                    -4.6817376915913211e-01
12                                    -5.7746075922921491e-01
13                                    -1.2277458122778029e-03
14                                    -6.5980666746402683e-01
15                                    -6.8037872723597470e-01
16                                     1.7942326478874648e-01
17                                     2.0179827481761392e-01
18                                     2.0839757380932800e-01
19                                     1.7264930257682132e-01
20                                     1.8106097211078176e-01
21                                     5.6143920605242104e-01
22                                     4.4532189382547216e-01
23                                     2.2723972292772299e-01
24                                     2.1329967049703580e-01
25                                     2.2092039813325126e-01
26                                     2.1483016520732856e-01
27                                     2.0545978979261759e-01
28                                     2.0295436566060965e-01
29                                     2.3852727817581865e-01
   &Method [&Type "String"] "SCF"
   &Level [&Type "String"] "Relaxed density"
   &Mult [&Type "Integer"] 1
   &State [&Type "Integer"] -1
   &Irrep [&Type "Integer"] 0
$End
$SCF_Loewdin_Population_Analysis
   &GeometryIndex 1
   &NAtoms [&Type "Integer"] 30
   &ATNO [&Type "ArrayOfIntegers", &Dim (30,1)] 
                                                         0

0                                                        6
1                                                        6
2                                                        7
3                                                        6
4                                                        7
5                                                        6
6                                                        7
7                                                        7
8                                                        7
9                                                        7
10                                                       6
11                                                       7
12                                                       7
13                                                       6
14                                                       6
15                                                       6
16                                                       1
17                                                       1
18                                                       1
19                                                       1
20                                                       1
21                                                       1
22                                                       1
23                                                       1
24                                                       1
25                                                       1
26                                                       1
27                                                       1
28                                                       1
29                                                       1
   &AtomicCharges [&Type "ArrayOfDoubles", &Dim (30,1)] 
                                                         0

0                                     -5.2318232157754352e-01
1                                     -2.9364747806016567e-01
2                                     -4.8952440327480229e-01
3                                      7.8175395211044219e-02
4                                     -2.9395355294069603e-01
5                                      1.3750472568807037e-01
6                                     -1.5520208736313545e-01
7                                      2.3443707163370942e-01
8                                      2.5175047599586264e-01
9                                     -3.2192144357246377e-01
10                                     1.4695559044766693e-01
11                                    -3.0572934526098994e-01
12                                    -4.3239170887978862e-01
13                                    -2.0730635892247307e-01
14                                    -5.0272480871586556e-01
15                                    -5.0353380314260487e-01
16                                     1.7823594002833065e-01
17                                     1.9694171725467791e-01
18                                     1.9559918749160543e-01
19                                     1.9189167682319330e-01
20                                     1.8709981856723545e-01
21                                     4.2395773621145127e-01
22                                     3.5849110471193413e-01
23                                     2.2748542059774746e-01
24                                     2.0223145272170684e-01
25                                     2.0393841681217251e-01
26                                     1.9962791082644593e-01
27                                     2.0168872649113379e-01
28                                     1.9574334176707753e-01
29                                     2.1736160242945513e-01
   &Method [&Type "String"] "SCF"
   &Level [&Type "String"] "Relaxed density"
   &Mult [&Type "Integer"] 1
   &State [&Type "Integer"] -1
   &Irrep [&Type "Integer"] 0
$End
$SCF_Mayer_Population_Analysis
   &GeometryIndex 1
   &NAtoms [&Type "Integer"] 30 "Total number of atoms"
   &NBondOrdersPrint [&Type "Integer"] 42 "The number of bond orders larger than threshold"
   &bondThresh [&Type "Double"]       1.0000000000000001e-01  "The threshold for printing"
   &components [&Type "ArrayOfIntegers", &Dim (42,4)] "The indices and atomic numbers of the bonding atoms"
                                                         0                           1                           2                           3

0                                                        0                           6                           1                           6
1                                                        0                           6                          16                           1
2                                                        0                           6                          17                           1
3                                                        0                           6                          18                           1
4                                                        1                           6                           2                           7
5                                                        1                           6                          19                           1
6                                                        1                           6                          20                           1
7                                                        2                           7                           3                           6
8                                                        3                           6                           4                           7
9                                                        3                           6                           9                           7
10                                                       3                           6                          11                           7
11                                                       4                           7                           5                           6
12                                                       4                           7                           6                           7
13                                                       4                           7                           7                           7
14                                                       4                           7                          10                           6
15                                                       5                           6                           6                           7
16                                                       5                           6                           7                           7
17                                                       5                           6                           9                           7
18                                                       5                           6                          10                           6
19                                                       6                           7                           7                           7
20                                                       6                           7                           8                           7
21                                                       6                           7                          10                           6
22                                                       6                           7                          21                           1
23                                                       7                           7                           8                           7
24                                                       7                           7                           9                           7
25                                                       7                           7                          21                           1
26                                                       8                           7                           9                           7
27                                                       9                           7                          10                           6
28                                                      10                           6                          11                           7
29                                                      10                           6                          12                           7
30                                                      12                           7                          13                           6
31                                                      12                           7                          22                           1
32                                                      13                           6                          14                           6
33                                                      13                           6                          15                           6
34                                                      13                           6                          23                           1
35                                                      14                           6                          15                           6
36                                                      14                           6                          24                           1
37                                                      14                           6                          25                           1
38                                                      14                           6                          26                           1
39                                                      15                           6                          27                           1
40                                                      15                           6                          28                           1
41                                                      15                           6                          29                           1
   &BondOrders [&Type "ArrayOfDoubles", &Dim (42,1)] "The bond orders"
                                                         0

0                                      6.3760960039038961e-01
1                                      9.7264555691894095e-01
2                                      9.7319042001370315e-01
3                                      9.6778824901719751e-01
4                                      6.9739934459668174e-01
5                                      1.0142695584648223e+00
6                                      9.8121185261744581e-01
7                                      1.6733794495078762e+00
8                                      1.2730461125904542e+00
9                                     -2.2163087399394837e-01
10                                     1.2960004380796040e+00
11                                     1.5681439681029246e+00
12                                    -2.0685434395875044e-01
13                                     1.5386529501850851e-01
14                                    -2.0137141022278457e-01
15                                     8.3199655509892101e-01
16                                     2.9424756174222977e-01
17                                     1.4740617235093709e+00
18                                    -1.4154632338676615e-01
19                                     2.6066591085581789e+00
20                                    -3.1884828073860028e-01
21                                    -1.3801432520897355e-01
22                                     4.3877886011331174e-01
23                                     5.8629061553901141e-01
24                                     1.5927098878970491e-01
25                                     1.8506722782071497e-01
26                                    -2.1230752246036783e-01
27                                     1.3573345169313078e+00
28                                     1.5439380330475272e+00
29                                     1.0736393834170905e+00
30                                     8.0685731736617350e-01
31                                     7.3348596233431707e-01
32                                     6.9100363715190050e-01
33                                     8.2804732860713171e-01
34                                     9.9207943342776272e-01
35                                    -2.3716975355021935e-01
36                                     9.6623565521010479e-01
37                                     9.6638637261975546e-01
38                                     1.0056244180191916e+00
39                                     9.7403831870649382e-01
40                                     9.7957759940979172e-01
41                                     9.6108976321628736e-01
   &ATNO [&Type "ArrayOfIntegers", &Dim (30,1)] "Atomic number of the elements"
                                                         0

0                                                        6
1                                                        6
2                                                        7
3                                                        6
4                                                        7
5                                                        6
6                                                        7
7                                                        7
8                                                        7
9                                                        7
10                                                       6
11                                                       7
12                                                       7
13                                                       6
14                                                       6
15                                                       6
16                                                       1
17                                                       1
18                                                       1
19                                                       1
20                                                       1
21                                                       1
22                                                       1
23                                                       1
24                                                       1
25                                                       1
26                                                       1
27                                                       1
28                                                       1
29                                                       1
   &NA [&Type "ArrayOfDoubles", &Dim (30,1)] "Mulliken gross atomic population"
                                                         0

0                                      6.7101974155330115e+00
1                                      6.1350387266876281e+00
2                                      7.4692858767041246e+00
3                                      5.7579131799893410e+00
4                                      7.3951705699969992e+00
5                                      5.8300726556629439e+00
6                                      7.3163656540395401e+00
7                                      6.4331326033070368e+00
8                                      7.0844447794138290e+00
9                                      7.4919920172982764e+00
10                                     5.4626607308422397e+00
11                                     7.4681737691591330e+00
12                                     7.5774607592292131e+00
13                                     6.0012277458122787e+00
14                                     6.6598066674640286e+00
15                                     6.6803787272359765e+00
16                                     8.2057673521125318e-01
17                                     7.9820172518238619e-01
18                                     7.9160242619067200e-01
19                                     8.2735069742317857e-01
20                                     8.1893902788921791e-01
21                                     4.3856079394757880e-01
22                                     5.5467810617452773e-01
23                                     7.7276027707227690e-01
24                                     7.8670032950296398e-01
25                                     7.7907960186674885e-01
26                                     7.8516983479267144e-01
27                                     7.9454021020738241e-01
28                                     7.9704563433939035e-01
29                                     7.6147272182418124e-01
   &ZA [&Type "ArrayOfDoubles", &Dim (30,1)] "Total nuclear charge"
                                                         0

0                                      6.0000000000000000e+00
1                                      6.0000000000000000e+00
2                                      7.0000000000000000e+00
3                                      6.0000000000000000e+00
4                                      7.0000000000000000e+00
5                                      6.0000000000000000e+00
6                                      7.0000000000000000e+00
7                                      7.0000000000000000e+00
8                                      7.0000000000000000e+00
9                                      7.0000000000000000e+00
10                                     6.0000000000000000e+00
11                                     7.0000000000000000e+00
12                                     7.0000000000000000e+00
13                                     6.0000000000000000e+00
14                                     6.0000000000000000e+00
15                                     6.0000000000000000e+00
16                                     1.0000000000000000e+00
17                                     1.0000000000000000e+00
18                                     1.0000000000000000e+00
19                                     1.0000000000000000e+00
20                                     1.0000000000000000e+00
21                                     1.0000000000000000e+00
22                                     1.0000000000000000e+00
23                                     1.0000000000000000e+00
24                                     1.0000000000000000e+00
25                                     1.0000000000000000e+00
26                                     1.0000000000000000e+00
27                                     1.0000000000000000e+00
28                                     1.0000000000000000e+00
29                                     1.0000000000000000e+00
   &QA [&Type "ArrayOfDoubles", &Dim (30,1)] "Mulliken gross atomic charge"
                                                         0

0                                     -7.1019741553301152e-01
1                                     -1.3503872668762806e-01
2                                     -4.6928587670412458e-01
3                                      2.4208682001065895e-01
4                                     -3.9517056999699918e-01
5                                      1.6992734433705614e-01
6                                     -3.1636565403954009e-01
7                                      5.6686739669296315e-01
8                                     -8.4444779413828996e-02
9                                     -4.9199201729827635e-01
10                                     5.3733926915776031e-01
11                                    -4.6817376915913300e-01
12                                    -5.7746075922921314e-01
13                                    -1.2277458122786911e-03
14                                    -6.5980666746402861e-01
15                                    -6.8037872723597648e-01
16                                     1.7942326478874682e-01
17                                     2.0179827481761381e-01
18                                     2.0839757380932800e-01
19                                     1.7264930257682143e-01
20                                     1.8106097211078209e-01
21                                     5.6143920605242115e-01
22                                     4.4532189382547227e-01
23                                     2.2723972292772310e-01
24                                     2.1329967049703602e-01
25                                     2.2092039813325115e-01
26                                     2.1483016520732856e-01
27                                     2.0545978979261759e-01
28                                     2.0295436566060965e-01
29                                     2.3852727817581876e-01
   &VA [&Type "ArrayOfDoubles", &Dim (30,1)] "Mayer's total valence"
                                                         0

0                                      3.4831918270306321e+00
1                                      3.2145053576868285e+00
2                                      2.3665865322712984e+00
3                                      4.0066022826382985e+00
4                                      2.6033545767059638e+00
5                                      3.9548195544243852e+00
6                                      3.2863574475045589e+00
7                                      3.9262103138496864e+00
8                                      1.8363346624703158e-01
9                                      2.7376989063950594e+00
10                                     3.5405989258951758e+00
11                                     2.6405468843288000e+00
12                                     2.4028860587242944e+00
13                                     3.2352761632006848e+00
14                                     3.1850590971365378e+00
15                                     3.3624416239508648e+00
16                                     9.2057551792645054e-01
17                                     9.1338741526060396e-01
18                                     9.1230666307179620e-01
19                                     9.1742102451157992e-01
20                                     9.0852839151849474e-01
21                                     6.6672235422151116e-01
22                                     7.6960141257299530e-01
23                                     9.0112599375295233e-01
24                                     9.0930657847215512e-01
25                                     9.1044979119561253e-01
26                                     9.0939818059929056e-01
27                                     9.1319140370440788e-01
28                                     9.1491057320286051e-01
29                                     9.0312165768614150e-01
   &BVA [&Type "ArrayOfDoubles", &Dim (30,1)] "Mayer's bonded valence"
                                                         0

0                                      3.4831918270306712e+00
1                                      3.2145053576868907e+00
2                                      2.3665865322712296e+00
3                                      4.0066022826383030e+00
4                                      2.6033545767059723e+00
5                                      3.9548195544243860e+00
6                                      3.2863574475046224e+00
7                                      3.9262103138495790e+00
8                                      1.8363346624717991e-01
9                                      2.7376989063949999e+00
10                                     3.5405989258952064e+00
11                                     2.6405468843287458e+00
12                                     2.4028860587243326e+00
13                                     3.2352761632006750e+00
14                                     3.1850590971365502e+00
15                                     3.3624416239507635e+00
16                                     9.2057551792645631e-01
17                                     9.1338741526061318e-01
18                                     9.1230666307180608e-01
19                                     9.1742102451159702e-01
20                                     9.0852839151851117e-01
21                                     6.6672235422151716e-01
22                                     7.6960141257299775e-01
23                                     9.0112599375294700e-01
24                                     9.0930657847215524e-01
25                                     9.1044979119562286e-01
26                                     9.0939818059928257e-01
27                                     9.1319140370439578e-01
28                                     9.1491057320285751e-01
29                                     9.0312165768613761e-01
   &FA [&Type "ArrayOfDoubles", &Dim (30,1)] "Mayer's free valence"
                                                         0

0                                      0.0000000000000000e+00
1                                      0.0000000000000000e+00
2                                      0.0000000000000000e+00
3                                      0.0000000000000000e+00
4                                      0.0000000000000000e+00
5                                      0.0000000000000000e+00
6                                      0.0000000000000000e+00
7                                      0.0000000000000000e+00
8                                      0.0000000000000000e+00
9                                      0.0000000000000000e+00
10                                     0.0000000000000000e+00
11                                     0.0000000000000000e+00
12                                     0.0000000000000000e+00
13                                     0.0000000000000000e+00
14                                     0.0000000000000000e+00
15                                     0.0000000000000000e+00
16                                     0.0000000000000000e+00
17                                     0.0000000000000000e+00
18                                     0.0000000000000000e+00
19                                     0.0000000000000000e+00
20                                     0.0000000000000000e+00
21                                     0.0000000000000000e+00
22                                     0.0000000000000000e+00
23                                     0.0000000000000000e+00
24                                     0.0000000000000000e+00
25                                     0.0000000000000000e+00
26                                     0.0000000000000000e+00
27                                     0.0000000000000000e+00
28                                     0.0000000000000000e+00
29                                     0.0000000000000000e+00
   &Method [&Type "String"] "SCF"
   &Level [&Type "String"] "Relaxed density"
   &Mult [&Type "Integer"] 1
   &State [&Type "Integer"] -1
   &Irrep [&Type "Integer"] 0
$End
$SCF_Energy
   &GeometryIndex 1
   &Method [&Type "String"] "SCF"
   &totalEnergy [&Type "ArrayOfDoubles", &Dim (1,1)] "Total energy of each state"
                                                         0

0                                     -7.5075723733232451e+02
   &Mult [&Type "ArrayOfIntegers", &Dim (1,1)] "Multiplicity of each state"
                                                         0

0                                                        1
$End
$DFT_Energy
   &GeometryIndex 1
   &nAlphaEl [&Type "Integer"] 59
   &nBetaEl [&Type "Integer"] 59
   &nTotalEl [&Type "Integer"] 118
   &finalEn [&Type "Double"]      -7.5075723733232451e+02  "No Van der Waals correction"
   &eExchange [&Type "Double"]       0.0000000000000000e+00
   &eCorr [&Type "Double"]       0.0000000000000000e+00
   &eXC [&Type "Double"]      -7.5132892133046482e+01
   &eCNL [&Type "Double"]       0.0000000000000000e+00
$End
$Solvation_Details
   &GeometryIndex 1
   &Solvent [&Type "String"] "TOLUENE"
   &Epsilon [&Type "Double"]       2.3870000000000000e+00
   &Refrac [&Type "Double"]       1.4961000000000000e+00
   &RSolv [&Type "Double"]       1.3000000000000000e+00
   &SurfaceType [&Type "String"] "GAUSSIAN VDW"
   &CPCMDielEnergy [&Type "Double"]      -4.2947320999999997e-02
   &NPoints [&Type "Integer"] 2651
   &SurfaceArea [&Type "Double"]       1.0251082832210000e+03
$End
$SCF_Timings
   &GeometryIndex 1
   &TOTAL [&Type "Double"]       6.9228376999999995e+01
   &PREP [&Type "Double"]       8.0931799999999998e-01
   &FOCK [&Type "Double"]       6.6011133999999998e+01
   &DENS [&Type "Double"]       7.5493000000030008e-02
   &ETOT [&Type "Double"]       5.5127000000017468e-02
   &POP [&Type "Double"]       2.4576999999993632e-02
   &TRAFO [&Type "Double"]       5.3047000000001177e-02
   &DIIS [&Type "Double"]       2.6666399999999779e-01
   &SOSCF [&Type "Double"]       2.3043899999998452e-01
   &XC [&Type "Double"]       5.0398489999999843e+00
   &FOCKSTART [&Type "Double"]       8.6979999999912128e-03
   &SOLV [&Type "Double"]       5.5552299999999937e+00
   &SOLV_INIT [&Type "Double"]       2.3213799999999996e-01
   &INT_PREP [&Type "Double"]       5.0000000051397819e-06
   &INT_BF [&Type "Double"]       1.1674839999999058e+00
   &INT_DENS [&Type "Double"]       1.3347359999999195e+00
   &INT_DENSIO [&Type "Double"]       1.6983470650900027e+05
   &INT_FUNC [&Type "Double"]       3.3416399999998525e-01
   &INT_POT [&Type "Double"]       1.4286250000000313e+00
   &INT_POTIO [&Type "Double"]       3.3705000000018082e-02
   &INT_SUM [&Type "Double"]       9.9600000000688027e-04
   &SPLITRIJ [&Type "Double"]       3.4782249999999930e+00
   &COSX [&Type "Double"]       5.4222373000000005e+01
   &FROZCORE [&Type "Double"]       2.9040000000009059e-03
$End
$CIS_Absorption_Spectrum
   &GeometryIndex 1
   &Method [&Type "Integer"] 20
   &RelCorrection [&Type "Integer"] 1 "Type of relativistic treatment in QDPT. 0->Unknow, 1->None, 2->SOC, 3->SSC, 4->SOC/SSC"
   &DensType [&Type "Integer"] 3 "Type of density (electron/spin ...). 0->Unknow, 1->Electronic, 2->Spin, 3->Trans/Electronic, 4->Tran/Spin"
   &DeriType [&Type "Integer"] 0 "Type of derivative (w.r.t. to what perturbation). 0->Unknown, 1->No Derivative, 2->Electric/Dipole, 3->Electric/Quad, 4->Magnetic/Dipole, 5->Magnetic/Quad"
   &DensLevel [&Type "Integer"] 0 "// Source of density: relaxed, unrelaxed, ... 0->Unknown, 1->Linearized, 2->Unrelaxed, 3->Relaxed"
   &Density_name [&Type "String"] "Tdens-CIS"
   &Representation [&Type "String"] "Length" "Possible values: Unknown,  Length, Velocity"
   &PointGroup [&Type "String"] "C1"
   &DoHigherMoments [&Type "Boolean"] false
   &NTrans [&Type "Integer"] 8
   &ExcitationEnergies [&Type "ArrayOfDoubles", &Dim (8,11)] 
                                                         0                           1                           2                           3                           4                           5                           6                           7

0                                      1.3380906812939553e+00         1.0792430310704538e+04         9.2657535996145725e+02         2.2564754173245884e-05         6.8831453546314765e-04        -1.4196024653175109e-03         0.0000000000000000e+00         2.3758967842948342e-02
1                                      1.9788429318255689e+00         1.5960446280745040e+04         6.2654889619622816e+02         4.0535745063351926e-02         8.3612020129303266e-01         4.5095627735552235e-01         0.0000000000000000e+00        -6.8060081712730025e-01
2                                      2.7319731646927239e+00         2.2034851899685185e+04         4.5382651290444437e+02         1.2002536555400888e-02         1.7932402935128952e-01        -1.7545149530081836e-02         0.0000000000000000e+00         4.0565689656128046e-01
3                                      2.9828921235383952e+00         2.4058649998598590e+04         4.1565091975578417e+02         1.0074351147918066e-04         1.3785464923235598e-03         5.0364261054445933e-03         0.0000000000000000e+00         3.5950335791563093e-02
4                                      3.1387956344242625e+00         2.5316096747127478e+04         3.9500560058235129e+02         4.1125357689982445e-04         5.3479646617842908e-03         7.4838997159972481e-03         0.0000000000000000e+00         4.4713976383702177e-02
5                                      3.1824881099799431e+00         2.5668500365304426e+04         3.8958255674011991e+02         3.7018969396836435e-03         4.7478765097563776e-02        -2.8347028711924991e-02         0.0000000000000000e+00        -2.1151175658406285e-01
6                                      3.4346787681978062e+00         2.7702555412451915e+04         3.6097752900821337e+02         1.8372341451738760e-03         2.1833344292396320e-02        -7.4629806390677747e-02         0.0000000000000000e+00         1.0664014702180590e-01
7                                      3.6321189065981896e+00         2.9295017690241206e+04         3.4135497393234931e+02         1.3020726810078955e-02         1.4632450030699692e-01        -1.4362578458432324e-01         0.0000000000000000e+00         2.5932212339939542e-01
                                                         8                           9                          10

0                                      0.0000000000000000e+00         1.1036788995960679e-02         0.0000000000000000e+00
1                                      0.0000000000000000e+00         4.1175376735657571e-01         0.0000000000000000e+00
2                                      0.0000000000000000e+00        -1.2024424872536403e-01         0.0000000000000000e+00
3                                      0.0000000000000000e+00        -7.7945019649631056e-03         0.0000000000000000e+00
4                                      0.0000000000000000e+00        -5.7381322943819542e-02         0.0000000000000000e+00
5                                      0.0000000000000000e+00         4.4022583834814000e-02         0.0000000000000000e+00
6                                      0.0000000000000000e+00        -6.9940083883663587e-02         0.0000000000000000e+00
7                                      0.0000000000000000e+00        -2.4176056466091250e-01         0.0000000000000000e+00
   &States [&Type "ArrayOfIntegers", &Dim (8,4)] "The initial and Final states. Col1: Initial State  Col2: Initial Irrep Col3: Final State Col4: Final Irrep"
                                                         0                           1                           2                           3

0                                                        0                           0                           1                           0
1                                                        0                           0                           2                           0
2                                                        0                           0                           3                           0
3                                                        0                           0                           4                           0
4                                                        0                           0                           5                           0
5                                                        0                           0                           6                           0
6                                                        0                           0                           7                           0
7                                                        0                           0                           8                           0
   &Multiplicities [&Type "ArrayOfDoubles", &Dim (8,2)] "Col1: Multiplicity of the initial state  Col2: Multiplicity of the final state"
                                                         0                           1

0                                      1.0000000000000000e+00         1.0000000000000000e+00
1                                      1.0000000000000000e+00         1.0000000000000000e+00
2                                      1.0000000000000000e+00         1.0000000000000000e+00
3                                      1.0000000000000000e+00         1.0000000000000000e+00
4                                      1.0000000000000000e+00         1.0000000000000000e+00
5                                      1.0000000000000000e+00         1.0000000000000000e+00
6                                      1.0000000000000000e+00         1.0000000000000000e+00
7                                      1.0000000000000000e+00         1.0000000000000000e+00
   &Temperature [&Type "Double"]       2.9814999999999998e+02
$End
$CIS_Absorption_Spectrum
   &GeometryIndex 1
   &Method [&Type "Integer"] 20
   &RelCorrection [&Type "Integer"] 1 "Type of relativistic treatment in QDPT. 0->Unknow, 1->None, 2->SOC, 3->SSC, 4->SOC/SSC"
   &DensType [&Type "Integer"] 3 "Type of density (electron/spin ...). 0->Unknow, 1->Electronic, 2->Spin, 3->Trans/Electronic, 4->Tran/Spin"
   &DeriType [&Type "Integer"] 0 "Type of derivative (w.r.t. to what perturbation). 0->Unknown, 1->No Derivative, 2->Electric/Dipole, 3->Electric/Quad, 4->Magnetic/Dipole, 5->Magnetic/Quad"
   &DensLevel [&Type "Integer"] 0 "// Source of density: relaxed, unrelaxed, ... 0->Unknown, 1->Linearized, 2->Unrelaxed, 3->Relaxed"
   &Density_name [&Type "String"] "Tdens-CIS"
   &Representation [&Type "String"] "Velocity" "Possible values: Unknown,  Length, Velocity"
   &PointGroup [&Type "String"] "C1"
   &DoHigherMoments [&Type "Boolean"] false
   &NTrans [&Type "Integer"] 8
   &ExcitationEnergies [&Type "ArrayOfDoubles", &Dim (8,11)] 
                                                         0                           1                           2                           3                           4                           5                           6                           7

0                                      1.3380906812939553e+00         1.0792430310704538e+04         9.2657535996145725e+02         5.2348292718751149e-05         3.8612569768471858e-06        -1.0733459309724418e-03         0.0000000000000000e+00         1.0239224694092513e-03
1                                      1.9788429318255689e+00         1.5960446280745040e+04         6.2654889619622816e+02         3.8354434783505280e-03         4.1837675648367169e-04         1.3702575927791859e-02         0.0000000000000000e+00        -3.4941830326772664e-03
2                                      2.7319731646927239e+00         2.2034851899685185e+04         4.5382651290444437e+02         2.4882520114429500e-04         3.7472393202112061e-05         2.1295209914696952e-03         0.0000000000000000e+00        -5.7137714724052810e-03
3                                      2.9828921235383952e+00         2.4058649998598590e+04         4.1565091975578417e+02         4.0742039162809820e-05         6.6991692003963812e-06        -1.4431483418988653e-03         0.0000000000000000e+00        -4.4963007682238430e-04
4                                      3.1387956344242625e+00         2.5316096747127478e+04         3.9500560058235129e+02         5.4595369824388129e-05         9.4462511853348617e-06        -8.0496150382526686e-04         0.0000000000000000e+00        -1.7106505900886333e-03
5                                      3.1824881099799431e+00         2.5668500365304426e+04         3.8958255674011991e+02         9.7826071660667016e-04         1.7161768587596986e-04         8.5318029967976286e-03         0.0000000000000000e+00         9.6037543442961081e-03
6                                      3.4346787681978062e+00         2.7702555412451915e+04         3.6097752900821337e+02         2.2445751268434675e-04         4.2497257958929184e-05         4.6020320948555625e-03         0.0000000000000000e+00        -3.6815942914498927e-03
7                                      3.6321189065981896e+00         2.9295017690241206e+04         3.4135497393234931e+02         7.7415797765567639e-04         1.5499949704892628e-04         4.2181142993352660e-03         0.0000000000000000e+00         1.2731439298743907e-04
                                                         8                           9                          10

0                                      0.0000000000000000e+00         1.2887079831951647e-03         0.0000000000000000e+00
1                                      0.0000000000000000e+00         1.4778594464999744e-02         0.0000000000000000e+00
2                                      0.0000000000000000e+00         5.3884052383760010e-04         0.0000000000000000e+00
3                                      0.0000000000000000e+00         2.1010294756827266e-03         0.0000000000000000e+00
4                                      0.0000000000000000e+00        -2.4232133049576212e-03         0.0000000000000000e+00
5                                      0.0000000000000000e+00         2.5678640918511443e-03         0.0000000000000000e+00
6                                      0.0000000000000000e+00         2.7864712505267430e-03         0.0000000000000000e+00
7                                      0.0000000000000000e+00        -1.1712847640604221e-02         0.0000000000000000e+00
   &States [&Type "ArrayOfIntegers", &Dim (8,4)] "The initial and Final states. Col1: Initial State  Col2: Initial Irrep Col3: Final State Col4: Final Irrep"
                                                         0                           1                           2                           3

0                                                        0                           0                           1                           0
1                                                        0                           0                           2                           0
2                                                        0                           0                           3                           0
3                                                        0                           0                           4                           0
4                                                        0                           0                           5                           0
5                                                        0                           0                           6                           0
6                                                        0                           0                           7                           0
7                                                        0                           0                           8                           0
   &Multiplicities [&Type "ArrayOfDoubles", &Dim (8,2)] "Col1: Multiplicity of the initial state  Col2: Multiplicity of the final state"
                                                         0                           1

0                                      1.0000000000000000e+00         1.0000000000000000e+00
1                                      1.0000000000000000e+00         1.0000000000000000e+00
2                                      1.0000000000000000e+00         1.0000000000000000e+00
3                                      1.0000000000000000e+00         1.0000000000000000e+00
4                                      1.0000000000000000e+00         1.0000000000000000e+00
5                                      1.0000000000000000e+00         1.0000000000000000e+00
6                                      1.0000000000000000e+00         1.0000000000000000e+00
7                                      1.0000000000000000e+00         1.0000000000000000e+00
   &Temperature [&Type "Double"]       2.9814999999999998e+02
$End
$CIS_ECD_Spectrum
   &GeometryIndex 1
   &Method [&Type "Integer"] 20
   &RelCorrection [&Type "Integer"] 1 "Type of relativistic treatment in QDPT. 0->Unknow, 1->None, 2->SOC, 3->SSC, 4->SOC/SSC"
   &DensType [&Type "Integer"] 3 "Type of density (electron/spin ...). 0->Unknow, 1->Electronic, 2->Spin, 3->Trans/Electronic, 4->Tran/Spin"
   &DeriType [&Type "Integer"] 0 "Type of derivative (w.r.t. to what perturbation). 0->Unknown, 1->No Derivative, 2->Electric/Dipole, 3->Electric/Quad, 4->Magnetic/Dipole, 5->Magnetic/Quad"
   &DensLevel [&Type "Integer"] 0 "// Source of density: relaxed, unrelaxed, ... 0->Unknown, 1->Linearized, 2->Unrelaxed, 3->Relaxed"
   &Density_name [&Type "String"] "Tdens-CIS"
   &Representation [&Type "String"] "Length" "Possible values: Unknown,  Length, Velocity"
   &PointGroup [&Type "String"] "C1"
   &DoHigherMoments [&Type "Boolean"] false
   &NTrans [&Type "Integer"] 8
   &ExcitationEnergies [&Type "ArrayOfDoubles", &Dim (8,10)] 
                                                         0                           1                           2                           3                           4                           5                           6                           7

0                                      1.3380906812939553e+00         1.0792430310704538e+04         9.2657535996145725e+02         2.5541282545532873e-01         2.4960865770048352e-03         0.0000000000000000e+00        -2.5622919848276231e-02         0.0000000000000000e+00
1                                      1.9788429318255689e+00         1.5960446280745040e+04         6.2654889619622816e+02         9.9284293216895048e-01        -7.7769449370646643e-02         0.0000000000000000e+00         1.9588379390381095e-02         0.0000000000000000e+00
2                                      2.7319731646927239e+00         2.2034851899685185e+04         4.5382651290444437e+02        -1.6586650020295166e+00         5.0936476139285883e-02         0.0000000000000000e+00        -1.4445343366184677e-02         0.0000000000000000e+00
3                                      2.9828921235383952e+00         2.4058649998598590e+04         4.1565091975578417e+02         4.5401002082746839e-01         2.2907043474400569e-02         0.0000000000000000e+00        -2.5702898213115197e-02         0.0000000000000000e+00
4                                      3.1387956344242625e+00         2.5316096747127478e+04         3.9500560058235129e+02        -3.4975258848451776e+00        -4.4977755000200507e-02         0.0000000000000000e+00         8.4976804244193155e-02         0.0000000000000000e+00
5                                      3.1824881099799431e+00         2.5668500365304426e+04         3.8958255674011991e+02        -6.7460210886235517e-01         7.4911383684075253e-02         0.0000000000000000e+00        -4.5386315516811618e-02         0.0000000000000000e+00
6                                      3.4346787681978062e+00         2.7702555412451915e+04         3.6097752900821337e+02         3.1747623809441272e-01        -2.5557452013664265e-03         0.0000000000000000e+00        -2.2722878424733474e-04         0.0000000000000000e+00
7                                      3.6321189065981896e+00         2.9295017690241206e+04         3.4135497393234931e+02        -1.0548942275746880e+01         1.2454337454438181e-02         0.0000000000000000e+00         9.7226179381681085e-03         0.0000000000000000e+00
                                                         8                           9

0                                      6.3929930502019854e-03         0.0000000000000000e+00
1                                      1.1243748089521408e-01         0.0000000000000000e+00
2                                     -8.5424103478946439e-02         0.0000000000000000e+00
3                                      1.9802210255957183e-02         0.0000000000000000e+00
4                                     -6.8935423642130497e-02         0.0000000000000000e+00
5                                     -1.3732308163766224e-01         0.0000000000000000e+00
6                                      1.2008936610664994e-02         0.0000000000000000e+00
7                                     -8.9522344846981308e-02         0.0000000000000000e+00
   &States [&Type "ArrayOfIntegers", &Dim (8,4)] "The initial and Final states. Col1: Initial State  Col2: Initial Irrep Col3: Final State Col4: Final Irrep"
                                                         0                           1                           2                           3

0                                                        0                           0                           1                           0
1                                                        0                           0                           2                           0
2                                                        0                           0                           3                           0
3                                                        0                           0                           4                           0
4                                                        0                           0                           5                           0
5                                                        0                           0                           6                           0
6                                                        0                           0                           7                           0
7                                                        0                           0                           8                           0
   &Multiplicities [&Type "ArrayOfDoubles", &Dim (8,2)] "Col1: Multiplicity of the initial state  Col2: Multiplicity of the final state"
                                                         0                           1

0                                      1.0000000000000000e+00         1.0000000000000000e+00
1                                      1.0000000000000000e+00         1.0000000000000000e+00
2                                      1.0000000000000000e+00         1.0000000000000000e+00
3                                      1.0000000000000000e+00         1.0000000000000000e+00
4                                      1.0000000000000000e+00         1.0000000000000000e+00
5                                      1.0000000000000000e+00         1.0000000000000000e+00
6                                      1.0000000000000000e+00         1.0000000000000000e+00
7                                      1.0000000000000000e+00         1.0000000000000000e+00
   &Temperature [&Type "Double"]       2.9814999999999998e+02
$End
$CIS_ECD_Spectrum
   &GeometryIndex 1
   &Method [&Type "Integer"] 20
   &RelCorrection [&Type "Integer"] 1 "Type of relativistic treatment in QDPT. 0->Unknow, 1->None, 2->SOC, 3->SSC, 4->SOC/SSC"
   &DensType [&Type "Integer"] 3 "Type of density (electron/spin ...). 0->Unknow, 1->Electronic, 2->Spin, 3->Trans/Electronic, 4->Tran/Spin"
   &DeriType [&Type "Integer"] 0 "Type of derivative (w.r.t. to what perturbation). 0->Unknown, 1->No Derivative, 2->Electric/Dipole, 3->Electric/Quad, 4->Magnetic/Dipole, 5->Magnetic/Quad"
   &DensLevel [&Type "Integer"] 0 "// Source of density: relaxed, unrelaxed, ... 0->Unknown, 1->Linearized, 2->Unrelaxed, 3->Relaxed"
   &Density_name [&Type "String"] "Tdens-CIS"
   &Representation [&Type "String"] "Velocity" "Possible values: Unknown,  Length, Velocity"
   &PointGroup [&Type "String"] "C1"
   &DoHigherMoments [&Type "Boolean"] false
   &NTrans [&Type "Integer"] 8
   &ExcitationEnergies [&Type "ArrayOfDoubles", &Dim (8,10)] 
                                                         0                           1                           2                           3                           4                           5                           6                           7

0                                      1.3380906812939553e+00         1.0792430310704538e+04         9.2657535996145725e+02        -1.9823259791743375e-01         2.4960865770048352e-03         0.0000000000000000e+00        -2.5622919848276231e-02         0.0000000000000000e+00
1                                      1.9788429318255689e+00         1.5960446280745040e+04         6.2654889619622816e+02         3.4203019295306456e+00        -7.7769449370646643e-02         0.0000000000000000e+00         1.9588379390381095e-02         0.0000000000000000e+00
2                                      2.7319731646927239e+00         2.2034851899685185e+04         4.5382651290444437e+02         6.8078761206700023e-01         5.0936476139285883e-02         0.0000000000000000e+00        -1.4445343366184677e-02         0.0000000000000000e+00
3                                      2.9828921235383952e+00         2.4058649998598590e+04         4.1565091975578417e+02         8.6461402567716283e-02         2.2907043474400569e-02         0.0000000000000000e+00        -2.5702898213115197e-02         0.0000000000000000e+00
4                                      3.1387956344242625e+00         2.5316096747127478e+04         3.9500560058235129e+02         2.3658632554476405e-01        -4.4977755000200507e-02         0.0000000000000000e+00         8.4976804244193155e-02         0.0000000000000000e+00
5                                      3.1824881099799431e+00         2.5668500365304426e+04         3.8958255674011991e+02        -6.0214817391849951e-01         7.4911383684075253e-02         0.0000000000000000e+00        -4.5386315516811618e-02         0.0000000000000000e+00
6                                      3.4346787681978062e+00         2.7702555412451915e+04         3.6097752900821337e+02         8.4179514788591883e-02        -2.5557452013664265e-03         0.0000000000000000e+00        -2.2722878424733474e-04         0.0000000000000000e+00
7                                      3.6321189065981896e+00         2.9295017690241206e+04         3.4135497393234931e+02         3.8934953397953751e+00         1.2454337454438181e-02         0.0000000000000000e+00         9.7226179381681085e-03         0.0000000000000000e+00
                                                         8                           9

0                                      6.3929930502019854e-03         0.0000000000000000e+00
1                                      1.1243748089521408e-01         0.0000000000000000e+00
2                                     -8.5424103478946439e-02         0.0000000000000000e+00
3                                      1.9802210255957183e-02         0.0000000000000000e+00
4                                     -6.8935423642130497e-02         0.0000000000000000e+00
5                                     -1.3732308163766224e-01         0.0000000000000000e+00
6                                      1.2008936610664994e-02         0.0000000000000000e+00
7                                     -8.9522344846981308e-02         0.0000000000000000e+00
   &States [&Type "ArrayOfIntegers", &Dim (8,4)] "The initial and Final states. Col1: Initial State  Col2: Initial Irrep Col3: Final State Col4: Final Irrep"
                                                         0                           1                           2                           3

0                                                        0                           0                           1                           0
1                                                        0                           0                           2                           0
2                                                        0                           0                           3                           0
3                                                        0                           0                           4                           0
4                                                        0                           0                           5                           0
5                                                        0                           0                           6                           0
6                                                        0                           0                           7                           0
7                                                        0                           0                           8                           0
   &Multiplicities [&Type "ArrayOfDoubles", &Dim (8,2)] "Col1: Multiplicity of the initial state  Col2: Multiplicity of the final state"
                                                         0                           1

0                                      1.0000000000000000e+00         1.0000000000000000e+00
1                                      1.0000000000000000e+00         1.0000000000000000e+00
2                                      1.0000000000000000e+00         1.0000000000000000e+00
3                                      1.0000000000000000e+00         1.0000000000000000e+00
4                                      1.0000000000000000e+00         1.0000000000000000e+00
5                                      1.0000000000000000e+00         1.0000000000000000e+00
6                                      1.0000000000000000e+00         1.0000000000000000e+00
7                                      1.0000000000000000e+00         1.0000000000000000e+00
   &Temperature [&Type "Double"]       2.9814999999999998e+02
$End
$CIS_Energies
   &GeometryIndex 1
   &e0 [&Type "Double"]      -7.5075723733232451e+02  "Ground state energy"
   &multP1 [&Type "Boolean"] false "Do the higher multiplicity too?"
   &mode [&Type "String"] "TDA" "CIS mode: CIS, RPA, TDA, TD-DFT, sTDA, sTD-DFT"
   &dCorr [&Type "Integer"] 0 "(D) Correction algorithm"
   &Method [&Type "String"] "TDA/CIS"
   &totalEnergy [&Type "ArrayOfDoubles", &Dim (8,1)] "Total energy of each state"
                                                         0

0                                     -7.5070806340163438e+02
1                                     -7.5068451618828203e+02
2                                     -7.5065683915981947e+02
3                                     -7.5064761805719650e+02
4                                     -7.5064188870824739e+02
5                                     -7.5064028303921862e+02
6                                     -7.5063101520250075e+02
7                                     -7.5062375941048549e+02
   &Mult [&Type "ArrayOfIntegers", &Dim (8,1)] "Multiplicity of each state"
                                                         0

0                                                        1
1                                                        1
2                                                        1
3                                                        1
4                                                        1
5                                                        1
6                                                        1
7                                                        1
   &RelCorr [&Type "String"] "None" "Relativistic correction (SOC and/or SSC)"
   &NBlocks [&Type "Integer"] 1 "Number of multiplicity blocks"
   &NRoots [&Type "ArrayOfIntegers", &Dim (1,1)] "Number of roots in each block"
                                                         0

0                                                        8
   &NTotalRoots [&Type "Integer"] 8 "Total number of roots"
   &Block [&Type "ArrayOfIntegers", &Dim (8,1)] "Block index of each state"
                                                         0

0                                                        0
1                                                        0
2                                                        0
3                                                        0
4                                                        0
5                                                        0
6                                                        0
7                                                        0
   &Root [&Type "ArrayOfIntegers", &Dim (8,1)] "Root index within the block"
                                                         0

0                                                        0
1                                                        1
2                                                        2
3                                                        3
4                                                        4
5                                                        5
6                                                        6
7                                                        7
$End
$Single_Point_Data
   &GeometryIndex 1
   &FinalEnergy [&Type "Double"]      -7.5070806340163438e+02  "Final single point energy"
   &Converged [&Type "Boolean"] true
$End
$Calculation_Info
   &GeometryIndex 1
   &Mult [&Type "Integer"] 1
   &Charge [&Type "Integer"] 0
   &NumOfAtoms [&Type "Integer"] 30
   &NumOfElectrons [&Type "Integer"] 118
   &NumOfBasisFuncts [&Type "Integer"] 316
   &NumOfAuxCBasisFuncts [&Type "Integer"] 0
   &NumOfAuxJBasisFuncts [&Type "Integer"] 938
   &NumOfAuxJKBasisFuncts [&Type "Integer"] 0
   &NumOfCABSBasisFuncts [&Type "Integer"] 0
$End
$SCF_Dipole_Moment
   &GeometryIndex 1
   &dipoleMagnitude [&Type "Double", &Units "a.u."]       6.6677554620517538e+00
   &dipoleElecContrib [&Type "ArrayOfDoubles", &Dim (3,1)] "Electronic contribution"
                                                         0

0                                      7.6315407325992970e+00
1                                      2.4311462798392178e+01
2                                     -1.7854845136512671e+00
   &dipoleNucContrib [&Type "ArrayOfDoubles", &Dim (3,1)] "Nuclear contribution"
                                                         0

0                                     -7.4375882078666944e+00
1                                     -1.7886774288131505e+01
2                                      1.2147865973969996e-02
   &dipoleTotal [&Type "ArrayOfDoubles", &Dim (3,1)] "Total"
                                                         0

0                                      1.9395252473260260e-01
1                                      6.4246885102606726e+00
2                                     -1.7733366476772972e+00
   &doAtomicDipole [&Type "Boolean"] false
   &Method [&Type "String"] "SCF"
   &Level [&Type "String"] "Relaxed density"
   &Mult [&Type "Integer"] 1
   &State [&Type "Integer"] -1
   &Irrep [&Type "Integer"] 0
$End
$Calculation_Timings
   &GeometryIndex 1
   &GTOINT [&Type "Double"]       3.0443579999999999e+00
   &SCF [&Type "Double"]       7.3271540999999999e+01
   &CIS [&Type "Double"]       4.4053322000000009e+01
   &PROPINT [&Type "Double"]       1.5510620000000017e+00
   &PROP [&Type "Double"]       1.5426810000000017e+00
   &SUM [&Type "Double"]       1.2346296400000001e+02
$End
