*************************************************
******************* ORCA 6.1.1 ******************
*************************************************
$Calculation_Status
   &GeometryIndex 1
   &version [&Type "String"] "6.1.1"
   &progName [&Type "String"] "ProgCIS"
   &Status [&Type "String"] "NORMAL TERMINATION"
$End
$Geometry
   &GeometryIndex 1
   &NAtoms [&Type "Integer"] 38
   &NCorelessECP [&Type "Integer"] 0
   &NGhostAtoms [&Type "Integer"] 0
   &CartesianCoordinates [&Type "Coordinates", &Dim(38,4), &Units "Bohr"] 
              C     10.351473650162   -3.970307632285    2.118081575346
              C      8.884296601573   -5.117142490966   -0.074855505761
              O      6.186160194727   -4.914377190838    0.319393155802
              C      5.090343020157   -2.742542197075   -0.405470749115
              O      6.225463676162   -0.976404857575   -1.375314984655
              C      2.348557309618   -2.713632340127    0.089160063471
              N      1.040780065508   -4.635262846892    1.284055334837
              C     -1.305244740778   -3.872622771177    1.375255123372
              N     -1.623477490470   -1.515772139610    0.281867412607
              C      0.728950535796   -0.763483844545   -0.547319182670
              C      1.033200672497    1.765058284787   -1.752067806968
              N      0.520483730788    3.797635457846    0.062617050747
              C      2.646531467976    5.358007222169    0.877086334161
              C     -1.839556883111    4.261513721253    1.009696464371
              O     -2.301371717182    6.059638126345    2.406179017932
              C     -3.994521405109    2.522365062905    0.242845964648
              C     -3.904722787588   -0.132991057206   -0.020716482686
              C     -6.119719952904   -1.482362690129   -0.561360875634
              C     -8.424163664431   -0.255015467541   -0.820159424387
              C     -8.537207042378    2.378823551664   -0.546024013885
              C     -6.335420714108    3.725994008976   -0.003922587977
              N    -10.778129868400    3.824008253407   -0.778789883148
              N    -12.782769513392    2.703026462687   -1.234732051716
              N    -14.750345489205    1.925786087872   -1.650272341999
              H     12.380667936433   -4.294369412812    1.851167719468
              H      9.783676213661   -4.832924162022    3.911401846812
              H     10.028195337588   -1.931163311313    2.222878881863
              H      9.217874429112   -7.149602991269   -0.227010232044
              H      9.371379634679   -4.202910459501   -1.861845249854
              H     -2.861637319741   -4.872856124667    2.243655435221
              H      2.974648238764    1.948513760508   -2.411266630793
              H     -0.228033069153    1.949145171087   -3.390784295878
              H      4.200423739032    4.147863621315    1.514765947186
              H      3.326116646721    6.544443573492   -0.682318003929
              H      2.010323418622    6.566880005295    2.417137683118
              H     -6.019448582895   -3.515044871720   -0.816090275639
              H    -10.112814118647   -1.339735386124   -1.251877153594
              H     -6.430962103393    5.751821854891    0.281000635002
$End
$SCF_Mulliken_Population_Analysis
   &GeometryIndex 1
   &NAtoms [&Type "Integer"] 38
   &ATNO [&Type "ArrayOfIntegers", &Dim (38,1)] 
                                                         0

0                                                        6
1                                                        6
2                                                        8
3                                                        6
4                                                        8
5                                                        6
6                                                        7
7                                                        6
8                                                        7
9                                                        6
10                                                       6
11                                                       7
12                                                       6
13                                                       6
14                                                       8
15                                                       6
16                                                       6
17                                                       6
18                                                       6
19                                                       6
20                                                       6
21                                                       7
22                                                       7
23                                                       7
24                                                       1
25                                                       1
26                                                       1
27                                                       1
28                                                       1
29                                                       1
30                                                       1
31                                                       1
32                                                       1
33                                                       1
34                                                       1
35                                                       1
36                                                       1
37                                                       1
   &AtomicCharges [&Type "ArrayOfDoubles", &Dim (38,1)] 
                                                         0

0                                     -4.7059702510270185e-01
1                                     -4.4506985106064434e-02
2                                     -4.4925710762830384e-01
3                                      5.3375647562461737e-01
4                                     -4.7887046827109359e-01
5                                      3.9393688473815303e-02
6                                     -4.1086943468036807e-01
7                                      1.5178759751412940e-01
8                                     -4.8392675019587195e-01
9                                      2.9264065668963202e-01
10                                    -2.6122704027824017e-01
11                                    -3.8480143651096022e-01
12                                    -3.3431484049786597e-01
13                                     4.7780703969377925e-01
14                                    -4.8464792003347590e-01
15                                     3.3598364327881214e-02
16                                     2.3885392582289455e-01
17                                    -1.8287050455589160e-01
18                                    -1.7011146578646130e-01
19                                     2.5767956910266854e-01
20                                    -2.1487810974409616e-01
21                                    -4.0679626443268280e-01
22                                     3.9185607505818609e-01
23                                    -2.0113277682811148e-01
24                                     1.6006172282553432e-01
25                                     1.6560993278327052e-01
26                                     1.7055117550897625e-01
27                                     1.6753752893535379e-01
28                                     1.7194896638364221e-01
29                                     1.9826752857421259e-01
30                                     2.2325942705085922e-01
31                                     1.9678491937326292e-01
32                                     1.7982576704333542e-01
33                                     1.7336127929832512e-01
34                                     2.0088638470371856e-01
35                                     1.8475189003354997e-01
36                                     1.7660813140476361e-01
37                                     1.9198008342547612e-01
   &Method [&Type "String"] "SCF"
   &Level [&Type "String"] "Relaxed density"
   &Mult [&Type "Integer"] 1
   &State [&Type "Integer"] -1
   &Irrep [&Type "Integer"] 0
$End
$SCF_Loewdin_Population_Analysis
   &GeometryIndex 1
   &NAtoms [&Type "Integer"] 38
   &ATNO [&Type "ArrayOfIntegers", &Dim (38,1)] 
                                                         0

0                                                        6
1                                                        6
2                                                        8
3                                                        6
4                                                        8
5                                                        6
6                                                        7
7                                                        6
8                                                        7
9                                                        6
10                                                       6
11                                                       7
12                                                       6
13                                                       6
14                                                       8
15                                                       6
16                                                       6
17                                                       6
18                                                       6
19                                                       6
20                                                       6
21                                                       7
22                                                       7
23                                                       7
24                                                       1
25                                                       1
26                                                       1
27                                                       1
28                                                       1
29                                                       1
30                                                       1
31                                                       1
32                                                       1
33                                                       1
34                                                       1
35                                                       1
36                                                       1
37                                                       1
   &AtomicCharges [&Type "ArrayOfDoubles", &Dim (38,1)] 
                                                         0

0                                     -3.8293161746200788e-01
1                                     -9.5433908240783794e-02
2                                     -1.4213980118795355e-01
3                                      1.5087275729325977e-01
4                                     -2.7711070574700258e-01
5                                     -8.0720336707508444e-02
6                                     -1.5731817967720385e-01
7                                     -5.8779621902173673e-02
8                                      3.9385165184509852e-02
9                                      1.6976238142526690e-02
10                                    -1.6452045341467070e-01
11                                    -7.4253859634520580e-02
12                                    -2.8149371588272487e-01
13                                     1.1832864367566209e-01
14                                    -2.9673307190635789e-01
15                                    -4.8215424731600010e-02
16                                     2.1710972257817041e-02
17                                    -1.2580261904694279e-01
18                                    -1.3774086645405603e-01
19                                     1.6286835310465264e-02
20                                    -1.0142192713371045e-01
21                                    -1.6852375667499508e-01
22                                     2.1925246254231201e-01
23                                    -6.7450816749221154e-02
24                                     1.3947860735082962e-01
25                                     1.3638577456186884e-01
26                                     1.3822597620085619e-01
27                                     1.3546548642983747e-01
28                                     1.3509040553040697e-01
29                                     1.5689040368179785e-01
30                                     1.7300515410861705e-01
31                                     1.5240752159539750e-01
32                                     1.4019950171053575e-01
33                                     1.3518342499445635e-01
34                                     1.5625054901946478e-01
35                                     1.5764213967755314e-01
36                                     1.5404422791978156e-01
37                                     1.6750843536519278e-01
   &Method [&Type "String"] "SCF"
   &Level [&Type "String"] "Relaxed density"
   &Mult [&Type "Integer"] 1
   &State [&Type "Integer"] -1
   &Irrep [&Type "Integer"] 0
$End
$SCF_Mayer_Population_Analysis
   &GeometryIndex 1
   &NAtoms [&Type "Integer"] 38 "Total number of atoms"
   &NBondOrdersPrint [&Type "Integer"] 41 "The number of bond orders larger than threshold"
   &bondThresh [&Type "Double"]       1.0000000000000001e-01  "The threshold for printing"
   &components [&Type "ArrayOfIntegers", &Dim (41,4)] "The indices and atomic numbers of the bonding atoms"
                                                         0                           1                           2                           3

0                                                        0                           6                           1                           6
1                                                        0                           6                          24                           1
2                                                        0                           6                          25                           1
3                                                        0                           6                          26                           1
4                                                        1                           6                           2                           8
5                                                        1                           6                          27                           1
6                                                        1                           6                          28                           1
7                                                        2                           8                           3                           6
8                                                        3                           6                           4                           8
9                                                        3                           6                           5                           6
10                                                       5                           6                           6                           7
11                                                       5                           6                           9                           6
12                                                       6                           7                           7                           6
13                                                       7                           6                           8                           7
14                                                       7                           6                          29                           1
15                                                       8                           7                           9                           6
16                                                       8                           7                          16                           6
17                                                       9                           6                          10                           6
18                                                      10                           6                          11                           7
19                                                      10                           6                          30                           1
20                                                      10                           6                          31                           1
21                                                      11                           7                          12                           6
22                                                      11                           7                          13                           6
23                                                      12                           6                          32                           1
24                                                      12                           6                          33                           1
25                                                      12                           6                          34                           1
26                                                      13                           6                          14                           8
27                                                      13                           6                          15                           6
28                                                      15                           6                          16                           6
29                                                      15                           6                          20                           6
30                                                      16                           6                          17                           6
31                                                      17                           6                          18                           6
32                                                      17                           6                          35                           1
33                                                      18                           6                          19                           6
34                                                      18                           6                          36                           1
35                                                      19                           6                          20                           6
36                                                      19                           6                          21                           7
37                                                      20                           6                          37                           1
38                                                      21                           7                          22                           7
39                                                      21                           7                          23                           7
40                                                      22                           7                          23                           7
   &BondOrders [&Type "ArrayOfDoubles", &Dim (41,1)] "The bond orders"
                                                         0

0                                      1.0172072518579796e+00
1                                      9.4504443275058314e-01
2                                      9.5059694693959407e-01
3                                      9.4748312557992309e-01
4                                      8.4799971653675710e-01
5                                      9.4441058941180445e-01
6                                      9.2680286504961096e-01
7                                      1.0999908048576916e+00
8                                      1.8265222189019876e+00
9                                      1.0129666372603261e+00
10                                     1.2502219941001336e+00
11                                     1.4883438166090921e+00
12                                     1.6321562236736922e+00
13                                     1.1274584047067531e+00
14                                     9.2041624609544581e-01
15                                     1.1282423732774394e+00
16                                     8.7274632326362922e-01
17                                     9.7622189965544948e-01
18                                     9.3099832881382083e-01
19                                     9.0046808555084223e-01
20                                     9.1439978203792727e-01
21                                     9.3240285624625174e-01
22                                     1.1418601319780215e+00
23                                     9.3865320139246933e-01
24                                     9.4250073763955267e-01
25                                     9.2538135748940686e-01
26                                     1.8383528499899713e+00
27                                     9.2379393046200786e-01
28                                     1.3768051579022682e+00
29                                     1.4139324456650804e+00
30                                     1.3963443043847836e+00
31                                     1.4531363138730260e+00
32                                     9.1329893124938211e-01
33                                     1.3713055793862314e+00
34                                     9.1486174657078045e-01
35                                     1.3845153811885293e+00
36                                     9.6746316683130895e-01
37                                     9.0372234473399682e-01
38                                     1.3919003873964417e+00
39                                     3.6372051880852074e-01
40                                     2.3598451827994387e+00
   &ATNO [&Type "ArrayOfIntegers", &Dim (38,1)] "Atomic number of the elements"
                                                         0

0                                                        6
1                                                        6
2                                                        8
3                                                        6
4                                                        8
5                                                        6
6                                                        7
7                                                        6
8                                                        7
9                                                        6
10                                                       6
11                                                       7
12                                                       6
13                                                       6
14                                                       8
15                                                       6
16                                                       6
17                                                       6
18                                                       6
19                                                       6
20                                                       6
21                                                       7
22                                                       7
23                                                       7
24                                                       1
25                                                       1
26                                                       1
27                                                       1
28                                                       1
29                                                       1
30                                                       1
31                                                       1
32                                                       1
33                                                       1
34                                                       1
35                                                       1
36                                                       1
37                                                       1
   &NA [&Type "ArrayOfDoubles", &Dim (38,1)] "Mulliken gross atomic population"
                                                         0

0                                      6.4705970251027036e+00
1                                      6.0445069851060662e+00
2                                      8.4492571076283056e+00
3                                      5.4662435243753853e+00
4                                      8.4788704682710971e+00
5                                      5.9606063115261847e+00
6                                      7.4108694346803645e+00
7                                      5.8482124024858715e+00
8                                      7.4839267501958737e+00
9                                      5.7073593433103662e+00
10                                     6.2612270402782375e+00
11                                     7.3848014365109584e+00
12                                     6.3343148404978695e+00
13                                     5.5221929603062208e+00
14                                     8.4846479200334777e+00
15                                     5.9664016356721161e+00
16                                     5.7611460741771099e+00
17                                     6.1828705045558934e+00
18                                     6.1701114657864604e+00
19                                     5.7423204308973306e+00
20                                     6.2148781097440953e+00
21                                     7.4067962644326863e+00
22                                     6.6081439249418112e+00
23                                     7.2011327768281124e+00
24                                     8.3993827717446568e-01
25                                     8.3439006721672970e-01
26                                     8.2944882449102364e-01
27                                     8.3246247106464644e-01
28                                     8.2805103361635746e-01
29                                     8.0173247142578719e-01
30                                     7.7674057294914056e-01
31                                     8.0321508062673708e-01
32                                     8.2017423295666481e-01
33                                     8.2663872070167499e-01
34                                     7.9911361529628178e-01
35                                     8.1524810996644970e-01
36                                     8.2339186859523639e-01
37                                     8.0801991657452388e-01
   &ZA [&Type "ArrayOfDoubles", &Dim (38,1)] "Total nuclear charge"
                                                         0

0                                      6.0000000000000000e+00
1                                      6.0000000000000000e+00
2                                      8.0000000000000000e+00
3                                      6.0000000000000000e+00
4                                      8.0000000000000000e+00
5                                      6.0000000000000000e+00
6                                      7.0000000000000000e+00
7                                      6.0000000000000000e+00
8                                      7.0000000000000000e+00
9                                      6.0000000000000000e+00
10                                     6.0000000000000000e+00
11                                     7.0000000000000000e+00
12                                     6.0000000000000000e+00
13                                     6.0000000000000000e+00
14                                     8.0000000000000000e+00
15                                     6.0000000000000000e+00
16                                     6.0000000000000000e+00
17                                     6.0000000000000000e+00
18                                     6.0000000000000000e+00
19                                     6.0000000000000000e+00
20                                     6.0000000000000000e+00
21                                     7.0000000000000000e+00
22                                     7.0000000000000000e+00
23                                     7.0000000000000000e+00
24                                     1.0000000000000000e+00
25                                     1.0000000000000000e+00
26                                     1.0000000000000000e+00
27                                     1.0000000000000000e+00
28                                     1.0000000000000000e+00
29                                     1.0000000000000000e+00
30                                     1.0000000000000000e+00
31                                     1.0000000000000000e+00
32                                     1.0000000000000000e+00
33                                     1.0000000000000000e+00
34                                     1.0000000000000000e+00
35                                     1.0000000000000000e+00
36                                     1.0000000000000000e+00
37                                     1.0000000000000000e+00
   &QA [&Type "ArrayOfDoubles", &Dim (38,1)] "Mulliken gross atomic charge"
                                                         0

0                                     -4.7059702510270363e-01
1                                     -4.4506985106066210e-02
2                                     -4.4925710762830562e-01
3                                      5.3375647562461470e-01
4                                     -4.7887046827109714e-01
5                                      3.9393688473815303e-02
6                                     -4.1086943468036452e-01
7                                      1.5178759751412851e-01
8                                     -4.8392675019587372e-01
9                                      2.9264065668963379e-01
10                                    -2.6122704027823751e-01
11                                    -3.8480143651095844e-01
12                                    -3.3431484049786953e-01
13                                     4.7780703969377925e-01
14                                    -4.8464792003347767e-01
15                                     3.3598364327883878e-02
16                                     2.3885392582289011e-01
17                                    -1.8287050455589338e-01
18                                    -1.7011146578646041e-01
19                                     2.5767956910266943e-01
20                                    -2.1487810974409527e-01
21                                    -4.0679626443268635e-01
22                                     3.9185607505818876e-01
23                                    -2.0113277682811237e-01
24                                     1.6006172282553432e-01
25                                     1.6560993278327030e-01
26                                     1.7055117550897636e-01
27                                     1.6753752893535356e-01
28                                     1.7194896638364254e-01
29                                     1.9826752857421281e-01
30                                     2.2325942705085944e-01
31                                     1.9678491937326292e-01
32                                     1.7982576704333519e-01
33                                     1.7336127929832501e-01
34                                     2.0088638470371822e-01
35                                     1.8475189003355030e-01
36                                     1.7660813140476361e-01
37                                     1.9198008342547612e-01
   &VA [&Type "ArrayOfDoubles", &Dim (38,1)] "Mayer's total valence"
                                                         0

0                                      3.8454555667893429e+00
1                                      3.7739604697628826e+00
2                                      2.0400562068677672e+00
3                                      3.9988986464559209e+00
4                                      2.0667470378704471e+00
5                                      3.8697165704447500e+00
6                                      3.0123708866189824e+00
7                                      3.8250184988162284e+00
8                                      3.2850349066201092e+00
9                                      3.7536831604442971e+00
10                                     3.7686366352411054e+00
11                                     3.0832914866868038e+00
12                                     3.7810520911926444e+00
13                                     3.9825989985551278e+00
14                                     2.0716936222207791e+00
15                                     3.8425816381442228e+00
16                                     3.8606103839975594e+00
17                                     3.9197728981935347e+00
18                                     3.8839032245592797e+00
19                                     3.8992517969860412e+00
20                                     3.9270358277366029e+00
21                                     2.7524153092305461e+00
22                                     3.8001184150442331e+00
23                                     2.8332823329176913e+00
24                                     9.3546999562066091e-01
25                                     9.3438256101197736e-01
26                                     9.3931358722091918e-01
27                                     9.3105658500345101e-01
28                                     9.3802991944872449e-01
29                                     9.3169350784662308e-01
30                                     9.4508018656133164e-01
31                                     9.2074574316819724e-01
32                                     9.3023744337514924e-01
33                                     9.2671324327197047e-01
34                                     9.4545352022762152e-01
35                                     9.3174344232138506e-01
36                                     9.3330348626464832e-01
37                                     9.4270582399115699e-01
   &BVA [&Type "ArrayOfDoubles", &Dim (38,1)] "Mayer's bonded valence"
                                                         0

0                                      3.8454555667893979e+00
1                                      3.7739604697629483e+00
2                                      2.0400562068677388e+00
3                                      3.9988986464559284e+00
4                                      2.0667470378704405e+00
5                                      3.8697165704447993e+00
6                                      3.0123708866190926e+00
7                                      3.8250184988162488e+00
8                                      3.2850349066202025e+00
9                                      3.7536831604442908e+00
10                                     3.7686366352410938e+00
11                                     3.0832914866868180e+00
12                                     3.7810520911926728e+00
13                                     3.9825989985551518e+00
14                                     2.0716936222207938e+00
15                                     3.8425816381442157e+00
16                                     3.8606103839975887e+00
17                                     3.9197728981935915e+00
18                                     3.8839032245592886e+00
19                                     3.8992517969860661e+00
20                                     3.9270358277365736e+00
21                                     2.7524153092305790e+00
22                                     3.8001184150442588e+00
23                                     2.8332823329176859e+00
24                                     9.3546999562066890e-01
25                                     9.3438256101197559e-01
26                                     9.3931358722092217e-01
27                                     9.3105658500345689e-01
28                                     9.3802991944873226e-01
29                                     9.3169350784662341e-01
30                                     9.4508018656132942e-01
31                                     9.2074574316820124e-01
32                                     9.3023744337514169e-01
33                                     9.2671324327196736e-01
34                                     9.4545352022762030e-01
35                                     9.3174344232139550e-01
36                                     9.3330348626464099e-01
37                                     9.4270582399116176e-01
   &FA [&Type "ArrayOfDoubles", &Dim (38,1)] "Mayer's free valence"
                                                         0

0                                      0.0000000000000000e+00
1                                      0.0000000000000000e+00
2                                      0.0000000000000000e+00
3                                      0.0000000000000000e+00
4                                      0.0000000000000000e+00
5                                      0.0000000000000000e+00
6                                      0.0000000000000000e+00
7                                      0.0000000000000000e+00
8                                      0.0000000000000000e+00
9                                      0.0000000000000000e+00
10                                     0.0000000000000000e+00
11                                     0.0000000000000000e+00
12                                     0.0000000000000000e+00
13                                     0.0000000000000000e+00
14                                     0.0000000000000000e+00
15                                     0.0000000000000000e+00
16                                     0.0000000000000000e+00
17                                     0.0000000000000000e+00
18                                     0.0000000000000000e+00
19                                     0.0000000000000000e+00
20                                     0.0000000000000000e+00
21                                     0.0000000000000000e+00
22                                     0.0000000000000000e+00
23                                     0.0000000000000000e+00
24                                     0.0000000000000000e+00
25                                     0.0000000000000000e+00
26                                     0.0000000000000000e+00
27                                     0.0000000000000000e+00
28                                     0.0000000000000000e+00
29                                     0.0000000000000000e+00
30                                     0.0000000000000000e+00
31                                     0.0000000000000000e+00
32                                     0.0000000000000000e+00
33                                     0.0000000000000000e+00
34                                     0.0000000000000000e+00
35                                     0.0000000000000000e+00
36                                     0.0000000000000000e+00
37                                     0.0000000000000000e+00
   &Method [&Type "String"] "SCF"
   &Level [&Type "String"] "Relaxed density"
   &Mult [&Type "Integer"] 1
   &State [&Type "Integer"] -1
   &Irrep [&Type "Integer"] 0
$End
$SCF_Energy
   &GeometryIndex 1
   &Method [&Type "String"] "SCF"
   &totalEnergy [&Type "ArrayOfDoubles", &Dim (1,1)] "Total energy of each state"
                                                         0

0                                     -1.1336287299280120e+03
   &Mult [&Type "ArrayOfIntegers", &Dim (1,1)] "Multiplicity of each state"
                                                         0

0                                                        1
$End
$DFT_Energy
   &GeometryIndex 1
   &nAlphaEl [&Type "Integer"] 85
   &nBetaEl [&Type "Integer"] 85
   &nTotalEl [&Type "Integer"] 170
   &finalEn [&Type "Double"]      -1.1336287299280120e+03  "No Van der Waals correction"
   &eExchange [&Type "Double"]       0.0000000000000000e+00
   &eCorr [&Type "Double"]       0.0000000000000000e+00
   &eXC [&Type "Double"]      -1.1209311703057696e+02
   &eCNL [&Type "Double"]       0.0000000000000000e+00
$End
$Solvation_Details
   &GeometryIndex 1
   &Solvent [&Type "String"] "TOLUENE"
   &Epsilon [&Type "Double"]       2.3870000000000000e+00
   &Refrac [&Type "Double"]       1.4961000000000000e+00
   &RSolv [&Type "Double"]       1.3000000000000000e+00
   &SurfaceType [&Type "String"] "GAUSSIAN VDW"
   &CPCMDielEnergy [&Type "Double"]      -1.4686111999999999e-02
   &NPoints [&Type "Integer"] 3313
   &SurfaceArea [&Type "Double"]       1.2631847764419999e+03
$End
$SCF_Timings
   &GeometryIndex 1
   &TOTAL [&Type "Double"]       8.0657818000000006e+01
   &PREP [&Type "Double"]       9.5757300000000001e-01
   &FOCK [&Type "Double"]       7.7154037000000002e+01
   &DENS [&Type "Double"]       1.0488800000000253e-01
   &ETOT [&Type "Double"]       6.1237000000010866e-02
   &POP [&Type "Double"]       4.7167000000001735e-02
   &TRAFO [&Type "Double"]       7.7925999999992612e-02
   &DIIS [&Type "Double"]       3.6831499999999728e-01
   &SOSCF [&Type "Double"]       3.3818699999999957e-01
   &XC [&Type "Double"]       4.7688770000000096e+00
   &FOCKSTART [&Type "Double"]       1.2694999999999124e-02
   &SOLV [&Type "Double"]       7.7167019999999997e+00
   &SOLV_INIT [&Type "Double"]       3.5066700000000006e-01
   &INT_PREP [&Type "Double"]       3.0000000030838692e-06
   &INT_BF [&Type "Double"]       1.2556939999998358e+00
   &INT_DENS [&Type "Double"]       1.0748340000001448e+00
   &INT_DENSIO [&Type "Double"]       2.1727670536600030e+05
   &INT_FUNC [&Type "Double"]       4.4495100000018439e-01
   &INT_POT [&Type "Double"]       1.0541340000001664e+00
   &INT_POTIO [&Type "Double"]       4.1823000000145605e-02
   &INT_SUM [&Type "Double"]       1.4689999999983883e-03
   &SPLITRIJ [&Type "Double"]       4.7675820000000027e+00
   &COSX [&Type "Double"]       6.2151741999999992e+01
   &FROZCORE [&Type "Double"]       7.0860000000010359e-03
$End
$CIS_Absorption_Spectrum
   &GeometryIndex 1
   &Method [&Type "Integer"] 20
   &RelCorrection [&Type "Integer"] 1 "Type of relativistic treatment in QDPT. 0->Unknow, 1->None, 2->SOC, 3->SSC, 4->SOC/SSC"
   &DensType [&Type "Integer"] 3 "Type of density (electron/spin ...). 0->Unknow, 1->Electronic, 2->Spin, 3->Trans/Electronic, 4->Tran/Spin"
   &DeriType [&Type "Integer"] 0 "Type of derivative (w.r.t. to what perturbation). 0->Unknown, 1->No Derivative, 2->Electric/Dipole, 3->Electric/Quad, 4->Magnetic/Dipole, 5->Magnetic/Quad"
   &DensLevel [&Type "Integer"] 0 "// Source of density: relaxed, unrelaxed, ... 0->Unknown, 1->Linearized, 2->Unrelaxed, 3->Relaxed"
   &Density_name [&Type "String"] "Tdens-CIS"
   &Representation [&Type "String"] "Length" "Possible values: Unknown,  Length, Velocity"
   &PointGroup [&Type "String"] "C1"
   &DoHigherMoments [&Type "Boolean"] false
   &NTrans [&Type "Integer"] 8
   &ExcitationEnergies [&Type "ArrayOfDoubles", &Dim (8,11)] 
                                                         0                           1                           2                           3                           4                           5                           6                           7

0                                      4.0820359719345634e+00         3.2923843928343376e+04         3.0373124176400404e+02         5.0086177198537115e-04         5.0082147003122227e-03         1.3119107603670552e-02         0.0000000000000000e+00        -5.3329817086098441e-03
1                                      4.6769823773457642e+00         3.7722410803344275e+04         2.6509440375198528e+02         4.1674367853273586e-01         3.6370156335236041e+00         1.6552200731352118e+00         0.0000000000000000e+00        -9.3234741454660397e-01
2                                      4.9723940916511662e+00         4.0105067213837887e+04         2.4934505025713034e+02         2.9620320515667264e-01         2.4314541942764394e+00        -1.4369324719019074e+00         0.0000000000000000e+00         5.9166628228531359e-01
3                                      5.1199306141731773e+00         4.1295029643037924e+04         2.4215989397372752e+02         2.6214097624227167e-01         2.0898384607886031e+00         1.4087407714636764e+00         0.0000000000000000e+00        -1.4338868147324987e-01
4                                      5.4380865492032893e+00         4.3861130584290360e+04         2.2799229903074311e+02         2.1531835469475211e-02         1.6161319564271601e-01        -3.2202555278858064e-01         0.0000000000000000e+00        -2.3041806737533949e-01
5                                      5.4771407554086382e+00         4.4176124033316941e+04         2.2636662266834807e+02         4.7127639602350294e-02         3.5120740744800327e-01         4.9801758731272661e-01         0.0000000000000000e+00         3.1928088887633188e-01
6                                      5.6363785806959807e+00         4.5460463843964084e+04         2.1997135872443869e+02         3.0713796692228207e-01         2.2242071362743876e+00        -1.3577591994654299e+00         0.0000000000000000e+00         6.1575613875521840e-01
7                                      5.7727674901466877e+00         4.6560514700738859e+04         2.1477425806552159e+02         1.1483124456577240e-01         8.1192868780316996e-01        -8.8386426806238771e-01         0.0000000000000000e+00         1.7465899317936276e-01
                                                         8                           9                          10

0                                      0.0000000000000000e+00        -6.9337313346358967e-02         0.0000000000000000e+00
1                                      0.0000000000000000e+00         1.6730344169242636e-01         0.0000000000000000e+00
2                                      0.0000000000000000e+00        -1.2888085923436721e-01         0.0000000000000000e+00
3                                      0.0000000000000000e+00         2.9108003303196811e-01         0.0000000000000000e+00
4                                      0.0000000000000000e+00         6.9428043476239321e-02         0.0000000000000000e+00
5                                      0.0000000000000000e+00        -3.5293117934711099e-02         0.0000000000000000e+00
6                                      0.0000000000000000e+00         3.9261560420426243e-02         0.0000000000000000e+00
7                                      0.0000000000000000e+00         1.4383307939443127e-02         0.0000000000000000e+00
   &States [&Type "ArrayOfIntegers", &Dim (8,4)] "The initial and Final states. Col1: Initial State  Col2: Initial Irrep Col3: Final State Col4: Final Irrep"
                                                         0                           1                           2                           3

0                                                        0                           0                           1                           0
1                                                        0                           0                           2                           0
2                                                        0                           0                           3                           0
3                                                        0                           0                           4                           0
4                                                        0                           0                           5                           0
5                                                        0                           0                           6                           0
6                                                        0                           0                           7                           0
7                                                        0                           0                           8                           0
   &Multiplicities [&Type "ArrayOfDoubles", &Dim (8,2)] "Col1: Multiplicity of the initial state  Col2: Multiplicity of the final state"
                                                         0                           1

0                                      1.0000000000000000e+00         1.0000000000000000e+00
1                                      1.0000000000000000e+00         1.0000000000000000e+00
2                                      1.0000000000000000e+00         1.0000000000000000e+00
3                                      1.0000000000000000e+00         1.0000000000000000e+00
4                                      1.0000000000000000e+00         1.0000000000000000e+00
5                                      1.0000000000000000e+00         1.0000000000000000e+00
6                                      1.0000000000000000e+00         1.0000000000000000e+00
7                                      1.0000000000000000e+00         1.0000000000000000e+00
   &Temperature [&Type "Double"]       2.9814999999999998e+02
$End
$CIS_Absorption_Spectrum
   &GeometryIndex 1
   &Method [&Type "Integer"] 20
   &RelCorrection [&Type "Integer"] 1 "Type of relativistic treatment in QDPT. 0->Unknow, 1->None, 2->SOC, 3->SSC, 4->SOC/SSC"
   &DensType [&Type "Integer"] 3 "Type of density (electron/spin ...). 0->Unknow, 1->Electronic, 2->Spin, 3->Trans/Electronic, 4->Tran/Spin"
   &DeriType [&Type "Integer"] 0 "Type of derivative (w.r.t. to what perturbation). 0->Unknown, 1->No Derivative, 2->Electric/Dipole, 3->Electric/Quad, 4->Magnetic/Dipole, 5->Magnetic/Quad"
   &DensLevel [&Type "Integer"] 0 "// Source of density: relaxed, unrelaxed, ... 0->Unknown, 1->Linearized, 2->Unrelaxed, 3->Relaxed"
   &Density_name [&Type "String"] "Tdens-CIS"
   &Representation [&Type "String"] "Velocity" "Possible values: Unknown,  Length, Velocity"
   &PointGroup [&Type "String"] "C1"
   &DoHigherMoments [&Type "Boolean"] false
   &NTrans [&Type "Integer"] 8
   &ExcitationEnergies [&Type "ArrayOfDoubles", &Dim (8,11)] 
                                                         0                           1                           2                           3                           4                           5                           6                           7

0                                      4.0820359719345634e+00         3.2923843928343376e+04         3.0373124176400404e+02         8.6295003606969034e-04         1.9417938280300948e-04         2.1426215282904105e-03         0.0000000000000000e+00         1.6103254192771292e-03
1                                      4.6769823773457642e+00         3.7722410803344275e+04         2.6509440375198528e+02         1.7049091728704155e-01         4.3954932606385298e-02        -1.9904598852814406e-01         0.0000000000000000e+00         6.4430931415708215e-02
2                                      4.9723940916511662e+00         4.0105067213837887e+04         2.4934505025713034e+02         1.4032770977193310e-01         3.8463572287447532e-02         1.7733374701795399e-01         0.0000000000000000e+00        -8.0529657075502317e-02
3                                      5.1199306141731773e+00         4.1295029643037924e+04         2.4215989397372752e+02         1.2824630457085098e-01         3.6195082657587932e-02        -1.8418051175128639e-01         0.0000000000000000e+00         4.7280280684463903e-02
4                                      5.4380865492032893e+00         4.3861130584290360e+04         2.2799229903074311e+02         7.0719447330028053e-03         2.1199499652736291e-03         1.9541578194975956e-02         0.0000000000000000e+00         3.5048913542814066e-02
5                                      5.4771407554086382e+00         4.4176124033316941e+04         2.2636662266834807e+02         7.3116719973636271e-03         2.2075535134465311e-03        -3.2662737943180919e-02         0.0000000000000000e+00        -3.1937599206108114e-02
6                                      5.6363785806959807e+00         4.5460463843964084e+04         2.1997135872443869e+02         1.4931913966981564e-01         4.6393407576049608e-02         2.0012749505503966e-01         0.0000000000000000e+00        -7.8810449480033531e-02
7                                      5.7727674901466877e+00         4.6560514700738859e+04         2.1477425806552159e+02         5.8468486745753362e-02         1.8605723266018746e-02         1.2670830561542473e-01         0.0000000000000000e+00        -5.0246645967287645e-02
                                                         8                           9                          10

0                                      0.0000000000000000e+00        -1.3674626423911766e-02         0.0000000000000000e+00
1                                      0.0000000000000000e+00        -1.3575055585283666e-02         0.0000000000000000e+00
2                                      0.0000000000000000e+00         2.3049702543022760e-02         0.0000000000000000e+00
3                                      0.0000000000000000e+00        -6.0989185123672953e-03         0.0000000000000000e+00
4                                      0.0000000000000000e+00         2.2575436792930809e-02         0.0000000000000000e+00
5                                      0.0000000000000000e+00        -1.0985846369380159e-02         0.0000000000000000e+00
6                                      0.0000000000000000e+00         1.1458898367634130e-02         0.0000000000000000e+00
7                                      0.0000000000000000e+00         5.0993257519919497e-03         0.0000000000000000e+00
   &States [&Type "ArrayOfIntegers", &Dim (8,4)] "The initial and Final states. Col1: Initial State  Col2: Initial Irrep Col3: Final State Col4: Final Irrep"
                                                         0                           1                           2                           3

0                                                        0                           0                           1                           0
1                                                        0                           0                           2                           0
2                                                        0                           0                           3                           0
3                                                        0                           0                           4                           0
4                                                        0                           0                           5                           0
5                                                        0                           0                           6                           0
6                                                        0                           0                           7                           0
7                                                        0                           0                           8                           0
   &Multiplicities [&Type "ArrayOfDoubles", &Dim (8,2)] "Col1: Multiplicity of the initial state  Col2: Multiplicity of the final state"
                                                         0                           1

0                                      1.0000000000000000e+00         1.0000000000000000e+00
1                                      1.0000000000000000e+00         1.0000000000000000e+00
2                                      1.0000000000000000e+00         1.0000000000000000e+00
3                                      1.0000000000000000e+00         1.0000000000000000e+00
4                                      1.0000000000000000e+00         1.0000000000000000e+00
5                                      1.0000000000000000e+00         1.0000000000000000e+00
6                                      1.0000000000000000e+00         1.0000000000000000e+00
7                                      1.0000000000000000e+00         1.0000000000000000e+00
   &Temperature [&Type "Double"]       2.9814999999999998e+02
$End
$CIS_ECD_Spectrum
   &GeometryIndex 1
   &Method [&Type "Integer"] 20
   &RelCorrection [&Type "Integer"] 1 "Type of relativistic treatment in QDPT. 0->Unknow, 1->None, 2->SOC, 3->SSC, 4->SOC/SSC"
   &DensType [&Type "Integer"] 3 "Type of density (electron/spin ...). 0->Unknow, 1->Electronic, 2->Spin, 3->Trans/Electronic, 4->Tran/Spin"
   &DeriType [&Type "Integer"] 0 "Type of derivative (w.r.t. to what perturbation). 0->Unknown, 1->No Derivative, 2->Electric/Dipole, 3->Electric/Quad, 4->Magnetic/Dipole, 5->Magnetic/Quad"
   &DensLevel [&Type "Integer"] 0 "// Source of density: relaxed, unrelaxed, ... 0->Unknown, 1->Linearized, 2->Unrelaxed, 3->Relaxed"
   &Density_name [&Type "String"] "Tdens-CIS"
   &Representation [&Type "String"] "Length" "Possible values: Unknown,  Length, Velocity"
   &PointGroup [&Type "String"] "C1"
   &DoHigherMoments [&Type "Boolean"] false
   &NTrans [&Type "Integer"] 8
   &ExcitationEnergies [&Type "ArrayOfDoubles", &Dim (8,10)] 
                                                         0                           1                           2                           3                           4                           5                           6                           7

0                                      4.0820359719345634e+00         3.2923843928343376e+04         3.0373124176400404e+02         1.2699067453859789e-01         1.0362397703521273e-01         0.0000000000000000e+00         2.8833018439209421e-02         0.0000000000000000e+00
1                                      4.6769823773457642e+00         3.7722410803344275e+04         2.6509440375198528e+02         2.6570897623676444e+01        -6.1071888858862583e-02         0.0000000000000000e+00        -6.8499930619980387e-02         0.0000000000000000e+00
2                                      4.9723940916511662e+00         4.0105067213837887e+04         2.4934505025713034e+02         1.0402661305786663e+02         9.2779915648245948e-02         0.0000000000000000e+00        -1.3164089463910822e-01         0.0000000000000000e+00
3                                      5.1199306141731773e+00         4.1295029643037924e+04         2.4215989397372752e+02        -3.0474316139122624e+01         5.7327670061578670e-02         0.0000000000000000e+00        -1.7672622363905130e-01         0.0000000000000000e+00
4                                      5.4380865492032893e+00         4.3861130584290360e+04         2.2799229903074311e+02        -3.2693844565314642e+01        -1.1291485141747919e-01         0.0000000000000000e+00        -1.5099513569860512e-01         0.0000000000000000e+00
5                                      5.4771407554086382e+00         4.4176124033316941e+04         2.2636662266834807e+02         5.9061986247873648e+01        -1.2212974593851966e-01         0.0000000000000000e+00        -1.7743692319708296e-01         0.0000000000000000e+00
6                                      5.6363785806959807e+00         4.5460463843964084e+04         2.1997135872443869e+02        -9.1334921129898561e+00        -4.2849965813104442e-02         0.0000000000000000e+00        -5.2460397877433722e-02         0.0000000000000000e+00
7                                      5.7727674901466877e+00         4.6560514700738859e+04         2.1477425806552159e+02        -6.9292733311859251e+01        -1.7257732459346189e-01         0.0000000000000000e+00        -1.0341905261855869e-02         0.0000000000000000e+00
                                                         8                           9

0                                      2.1273534325948217e-02         0.0000000000000000e+00
1                                     -1.1439210694951898e-01         0.0000000000000000e+00
2                                      7.3294428112192486e-02         0.0000000000000000e+00
3                                     -1.4243813918313347e-01         0.0000000000000000e+00
4                                     -2.6014504101063790e-02         0.0000000000000000e+00
5                                      2.2106765364685216e-01         0.0000000000000000e+00
6                                     -1.6565705320338708e-01         0.0000000000000000e+00
7                                     -2.6078191606232104e-01         0.0000000000000000e+00
   &States [&Type "ArrayOfIntegers", &Dim (8,4)] "The initial and Final states. Col1: Initial State  Col2: Initial Irrep Col3: Final State Col4: Final Irrep"
                                                         0                           1                           2                           3

0                                                        0                           0                           1                           0
1                                                        0                           0                           2                           0
2                                                        0                           0                           3                           0
3                                                        0                           0                           4                           0
4                                                        0                           0                           5                           0
5                                                        0                           0                           6                           0
6                                                        0                           0                           7                           0
7                                                        0                           0                           8                           0
   &Multiplicities [&Type "ArrayOfDoubles", &Dim (8,2)] "Col1: Multiplicity of the initial state  Col2: Multiplicity of the final state"
                                                         0                           1

0                                      1.0000000000000000e+00         1.0000000000000000e+00
1                                      1.0000000000000000e+00         1.0000000000000000e+00
2                                      1.0000000000000000e+00         1.0000000000000000e+00
3                                      1.0000000000000000e+00         1.0000000000000000e+00
4                                      1.0000000000000000e+00         1.0000000000000000e+00
5                                      1.0000000000000000e+00         1.0000000000000000e+00
6                                      1.0000000000000000e+00         1.0000000000000000e+00
7                                      1.0000000000000000e+00         1.0000000000000000e+00
   &Temperature [&Type "Double"]       2.9814999999999998e+02
$End
$CIS_ECD_Spectrum
   &GeometryIndex 1
   &Method [&Type "Integer"] 20
   &RelCorrection [&Type "Integer"] 1 "Type of relativistic treatment in QDPT. 0->Unknow, 1->None, 2->SOC, 3->SSC, 4->SOC/SSC"
   &DensType [&Type "Integer"] 3 "Type of density (electron/spin ...). 0->Unknow, 1->Electronic, 2->Spin, 3->Trans/Electronic, 4->Tran/Spin"
   &DeriType [&Type "Integer"] 0 "Type of derivative (w.r.t. to what perturbation). 0->Unknown, 1->No Derivative, 2->Electric/Dipole, 3->Electric/Quad, 4->Magnetic/Dipole, 5->Magnetic/Quad"
   &DensLevel [&Type "Integer"] 0 "// Source of density: relaxed, unrelaxed, ... 0->Unknown, 1->Linearized, 2->Unrelaxed, 3->Relaxed"
   &Density_name [&Type "String"] "Tdens-CIS"
   &Representation [&Type "String"] "Velocity" "Possible values: Unknown,  Length, Velocity"
   &PointGroup [&Type "String"] "C1"
   &DoHigherMoments [&Type "Boolean"] false
   &NTrans [&Type "Integer"] 8
   &ExcitationEnergies [&Type "ArrayOfDoubles", &Dim (8,10)] 
                                                         0                           1                           2                           3                           4                           5                           6                           7

0                                      4.0820359719345634e+00         3.2923843928343376e+04         3.0373124176400404e+02        -7.0555164941685788e-02         1.0362397703521273e-01         0.0000000000000000e+00         2.8833018439209421e-02         0.0000000000000000e+00
1                                      4.6769823773457642e+00         3.7722410803344275e+04         2.6509440375198528e+02         2.5497222499493624e+01        -6.1071888858862583e-02         0.0000000000000000e+00        -6.8499930619980387e-02         0.0000000000000000e+00
2                                      4.9723940916511662e+00         4.0105067213837887e+04         2.4934505025713034e+02         7.4158293880380427e+01         9.2779915648245948e-02         0.0000000000000000e+00        -1.3164089463910822e-01         0.0000000000000000e+00
3                                      5.1199306141731773e+00         4.1295029643037924e+04         2.4215989397372752e+02        -4.5216166712784116e+01         5.7327670061578670e-02         0.0000000000000000e+00        -1.7672622363905130e-01         0.0000000000000000e+00
4                                      5.4380865492032893e+00         4.3861130584290360e+04         2.2799229903074311e+02        -1.9075525616384798e+01        -1.1291485141747919e-01         0.0000000000000000e+00        -1.5099513569860512e-01         0.0000000000000000e+00
5                                      5.4771407554086382e+00         4.4176124033316941e+04         2.2636662266834807e+02         1.6928331730548038e+01        -1.2212974593851966e-01         0.0000000000000000e+00        -1.7743692319708296e-01         0.0000000000000000e+00
6                                      5.6363785806959807e+00         4.5460463843964084e+04         2.1997135872443869e+02        -1.4428670942484285e+01        -4.2849965813104442e-02         0.0000000000000000e+00        -5.2460397877433722e-02         0.0000000000000000e+00
7                                      5.7727674901466877e+00         4.6560514700738859e+04         2.1477425806552159e+02        -5.0395429598138726e+01        -1.7257732459346189e-01         0.0000000000000000e+00        -1.0341905261855869e-02         0.0000000000000000e+00
                                                         8                           9

0                                      2.1273534325948217e-02         0.0000000000000000e+00
1                                     -1.1439210694951898e-01         0.0000000000000000e+00
2                                      7.3294428112192486e-02         0.0000000000000000e+00
3                                     -1.4243813918313347e-01         0.0000000000000000e+00
4                                     -2.6014504101063790e-02         0.0000000000000000e+00
5                                      2.2106765364685216e-01         0.0000000000000000e+00
6                                     -1.6565705320338708e-01         0.0000000000000000e+00
7                                     -2.6078191606232104e-01         0.0000000000000000e+00
   &States [&Type "ArrayOfIntegers", &Dim (8,4)] "The initial and Final states. Col1: Initial State  Col2: Initial Irrep Col3: Final State Col4: Final Irrep"
                                                         0                           1                           2                           3

0                                                        0                           0                           1                           0
1                                                        0                           0                           2                           0
2                                                        0                           0                           3                           0
3                                                        0                           0                           4                           0
4                                                        0                           0                           5                           0
5                                                        0                           0                           6                           0
6                                                        0                           0                           7                           0
7                                                        0                           0                           8                           0
   &Multiplicities [&Type "ArrayOfDoubles", &Dim (8,2)] "Col1: Multiplicity of the initial state  Col2: Multiplicity of the final state"
                                                         0                           1

0                                      1.0000000000000000e+00         1.0000000000000000e+00
1                                      1.0000000000000000e+00         1.0000000000000000e+00
2                                      1.0000000000000000e+00         1.0000000000000000e+00
3                                      1.0000000000000000e+00         1.0000000000000000e+00
4                                      1.0000000000000000e+00         1.0000000000000000e+00
5                                      1.0000000000000000e+00         1.0000000000000000e+00
6                                      1.0000000000000000e+00         1.0000000000000000e+00
7                                      1.0000000000000000e+00         1.0000000000000000e+00
   &Temperature [&Type "Double"]       2.9814999999999998e+02
$End
$CIS_Energies
   &GeometryIndex 1
   &e0 [&Type "Double"]      -1.1336287299280120e+03  "Ground state energy"
   &multP1 [&Type "Boolean"] false "Do the higher multiplicity too?"
   &mode [&Type "String"] "TDA" "CIS mode: CIS, RPA, TDA, TD-DFT, sTDA, sTD-DFT"
   &dCorr [&Type "Integer"] 0 "(D) Correction algorithm"
   &Method [&Type "String"] "TDA/CIS"
   &totalEnergy [&Type "ArrayOfDoubles", &Dim (8,1)] "Total energy of each state"
                                                         0

0                                     -1.1334787178572574e+03
1                                     -1.1334568539778409e+03
2                                     -1.1334459977964420e+03
3                                     -1.1334405759286760e+03
4                                     -1.1334288839124947e+03
5                                     -1.1334274486967386e+03
6                                     -1.1334215968139824e+03
7                                     -1.1334165846134836e+03
   &Mult [&Type "ArrayOfIntegers", &Dim (8,1)] "Multiplicity of each state"
                                                         0

0                                                        1
1                                                        1
2                                                        1
3                                                        1
4                                                        1
5                                                        1
6                                                        1
7                                                        1
   &RelCorr [&Type "String"] "None" "Relativistic correction (SOC and/or SSC)"
   &NBlocks [&Type "Integer"] 1 "Number of multiplicity blocks"
   &NRoots [&Type "ArrayOfIntegers", &Dim (1,1)] "Number of roots in each block"
                                                         0

0                                                        8
   &NTotalRoots [&Type "Integer"] 8 "Total number of roots"
   &Block [&Type "ArrayOfIntegers", &Dim (8,1)] "Block index of each state"
                                                         0

0                                                        0
1                                                        0
2                                                        0
3                                                        0
4                                                        0
5                                                        0
6                                                        0
7                                                        0
   &Root [&Type "ArrayOfIntegers", &Dim (8,1)] "Root index within the block"
                                                         0

0                                                        0
1                                                        1
2                                                        2
3                                                        3
4                                                        4
5                                                        5
6                                                        6
7                                                        7
$End
$Single_Point_Data
   &GeometryIndex 1
   &FinalEnergy [&Type "Double"]      -1.1334787178572574e+03  "Final single point energy"
   &Converged [&Type "Boolean"] true
$End
$Calculation_Info
   &GeometryIndex 1
   &Mult [&Type "Integer"] 1
   &Charge [&Type "Integer"] 0
   &NumOfAtoms [&Type "Integer"] 38
   &NumOfElectrons [&Type "Integer"] 170
   &NumOfBasisFuncts [&Type "Integer"] 364
   &NumOfAuxCBasisFuncts [&Type "Integer"] 0
   &NumOfAuxJBasisFuncts [&Type "Integer"] 1330
   &NumOfAuxJKBasisFuncts [&Type "Integer"] 0
   &NumOfCABSBasisFuncts [&Type "Integer"] 0
$End
$SCF_Dipole_Moment
   &GeometryIndex 1
   &dipoleMagnitude [&Type "Double", &Units "a.u."]       1.2535744017560824e+00
   &dipoleElecContrib [&Type "ArrayOfDoubles", &Dim (3,1)] "Electronic contribution"
                                                         0

0                                     -2.8464558140906536e+01
1                                      3.2362721111544692e+00
2                                     -2.6133256190410008e+00
   &dipoleNucContrib [&Type "ArrayOfDoubles", &Dim (3,1)] "Nuclear contribution"
                                                         0

0                                      2.8304953606110111e+01
1                                     -4.0855579280718883e+00
2                                      1.7052018530303052e+00
   &dipoleTotal [&Type "ArrayOfDoubles", &Dim (3,1)] "Total"
                                                         0

0                                     -1.5960453479642567e-01
1                                     -8.4928581691741911e-01
2                                     -9.0812376601069555e-01
   &doAtomicDipole [&Type "Boolean"] false
   &Method [&Type "String"] "SCF"
   &Level [&Type "String"] "Relaxed density"
   &Mult [&Type "Integer"] 1
   &State [&Type "Integer"] -1
   &Irrep [&Type "Integer"] 0
$End
$Calculation_Timings
   &GeometryIndex 1
   &GTOINT [&Type "Double"]       3.6703850000000000e+00
   &SCF [&Type "Double"]       8.5013154000000000e+01
   &CIS [&Type "Double"]       7.2980450000000005e+01
   &PROPINT [&Type "Double"]       1.7345079999999911e+00
   &PROP [&Type "Double"]       1.5697710000000029e+00
   &SUM [&Type "Double"]       1.6496826800000002e+02
$End
