*************************************************
******************* ORCA 6.1.1 ******************
*************************************************
$Calculation_Status
   &GeometryIndex 1
   &version [&Type "String"] "6.1.1"
   &progName [&Type "String"] "ProgCIS"
   &Status [&Type "String"] "NORMAL TERMINATION"
$End
$Geometry
   &GeometryIndex 1
   &NAtoms [&Type "Integer"] 38
   &NCorelessECP [&Type "Integer"] 0
   &NGhostAtoms [&Type "Integer"] 0
   &CartesianCoordinates [&Type "Coordinates", &Dim(38,4), &Units "Bohr"] 
              C     10.351473650162   -3.970307632285    2.118081575346
              C      8.884296601573   -5.117142490966   -0.074855505761
              O      6.186160194727   -4.914377190838    0.319393155802
              C      5.090343020157   -2.742542197075   -0.405470749115
              O      6.225463676162   -0.976404857575   -1.375314984655
              C      2.348557309618   -2.713632340127    0.089160063471
              N      1.040780065508   -4.635262846892    1.284055334837
              C     -1.305244740778   -3.872622771177    1.375255123372
              N     -1.623477490470   -1.515772139610    0.281867412607
              C      0.728950535796   -0.763483844545   -0.547319182670
              C      1.033200672497    1.765058284787   -1.752067806968
              N      0.520483730788    3.797635457846    0.062617050747
              C      2.646531467976    5.358007222169    0.877086334161
              C     -1.839556883111    4.261513721253    1.009696464371
              O     -2.301371717182    6.059638126345    2.406179017932
              C     -3.994521405109    2.522365062905    0.242845964648
              C     -3.904722787588   -0.132991057206   -0.020716482686
              C     -6.119719952904   -1.482362690129   -0.561360875634
              C     -8.424163664431   -0.255015467541   -0.820159424387
              C     -8.537207042378    2.378823551664   -0.546024013885
              C     -6.335420714108    3.725994008976   -0.003922587977
              N    -10.778129868400    3.824008253407   -0.778789883148
              N    -12.782769513392    2.703026462687   -1.234732051716
              N    -14.750345489205    1.925786087872   -1.650272341999
              H     12.380667936433   -4.294369412812    1.851167719468
              H      9.783676213661   -4.832924162022    3.911401846812
              H     10.028195337588   -1.931163311313    2.222878881863
              H      9.217874429112   -7.149602991269   -0.227010232044
              H      9.371379634679   -4.202910459501   -1.861845249854
              H     -2.861637319741   -4.872856124667    2.243655435221
              H      2.974648238764    1.948513760508   -2.411266630793
              H     -0.228033069153    1.949145171087   -3.390784295878
              H      4.200423739032    4.147863621315    1.514765947186
              H      3.326116646721    6.544443573492   -0.682318003929
              H      2.010323418622    6.566880005295    2.417137683118
              H     -6.019448582895   -3.515044871720   -0.816090275639
              H    -10.112814118647   -1.339735386124   -1.251877153594
              H     -6.430962103393    5.751821854891    0.281000635002
$End
$SCF_Mulliken_Population_Analysis
   &GeometryIndex 1
   &NAtoms [&Type "Integer"] 38
   &ATNO [&Type "ArrayOfIntegers", &Dim (38,1)] 
                                                         0

0                                                        6
1                                                        6
2                                                        8
3                                                        6
4                                                        8
5                                                        6
6                                                        7
7                                                        6
8                                                        7
9                                                        6
10                                                       6
11                                                       7
12                                                       6
13                                                       6
14                                                       8
15                                                       6
16                                                       6
17                                                       6
18                                                       6
19                                                       6
20                                                       6
21                                                       7
22                                                       7
23                                                       7
24                                                       1
25                                                       1
26                                                       1
27                                                       1
28                                                       1
29                                                       1
30                                                       1
31                                                       1
32                                                       1
33                                                       1
34                                                       1
35                                                       1
36                                                       1
37                                                       1
   &AtomicCharges [&Type "ArrayOfDoubles", &Dim (38,1)] 
                                                         0

0                                     -4.6833838278199380e-01
1                                     -3.8338393675741322e-02
2                                     -4.4951441365630984e-01
3                                      5.4526751616997160e-01
4                                     -4.9025896630771015e-01
5                                      5.3329554589783612e-02
6                                     -4.2784779427934438e-01
7                                      1.6253438603105330e-01
8                                     -4.9162002612814071e-01
9                                      3.0725412098439264e-01
10                                    -2.6798415831462297e-01
11                                    -3.7807806412848866e-01
12                                    -3.3345224108210569e-01
13                                     4.8757388461004858e-01
14                                    -4.9360476086748939e-01
15                                     4.3703572731342177e-02
16                                     2.4691505971876637e-01
17                                    -1.7999633888656508e-01
18                                    -1.6582935311139479e-01
19                                     2.7708102436738269e-01
20                                    -2.1496658456573847e-01
21                                    -4.1155919741889591e-01
22                                     3.9288283508827693e-01
23                                    -2.1294093600106034e-01
24                                     1.5795836556160936e-01
25                                     1.6405714884501132e-01
26                                     1.6964822491528886e-01
27                                     1.6343662448514618e-01
28                                     1.6836317309256144e-01
29                                     1.9211093458523587e-01
30                                     2.1911112345977890e-01
31                                     1.9192432627479405e-01
32                                     1.7937389690069805e-01
33                                     1.7217331766874033e-01
34                                     1.9755512731909186e-01
35                                     1.7803372238795123e-01
36                                     1.7061057338179697e-01
37                                     1.8343109803680635e-01
   &Method [&Type "String"] "SCF"
   &Level [&Type "String"] "Relaxed density"
   &Mult [&Type "Integer"] 1
   &State [&Type "Integer"] -1
   &Irrep [&Type "Integer"] 0
$End
$SCF_Loewdin_Population_Analysis
   &GeometryIndex 1
   &NAtoms [&Type "Integer"] 38
   &ATNO [&Type "ArrayOfIntegers", &Dim (38,1)] 
                                                         0

0                                                        6
1                                                        6
2                                                        8
3                                                        6
4                                                        8
5                                                        6
6                                                        7
7                                                        6
8                                                        7
9                                                        6
10                                                       6
11                                                       7
12                                                       6
13                                                       6
14                                                       8
15                                                       6
16                                                       6
17                                                       6
18                                                       6
19                                                       6
20                                                       6
21                                                       7
22                                                       7
23                                                       7
24                                                       1
25                                                       1
26                                                       1
27                                                       1
28                                                       1
29                                                       1
30                                                       1
31                                                       1
32                                                       1
33                                                       1
34                                                       1
35                                                       1
36                                                       1
37                                                       1
   &AtomicCharges [&Type "ArrayOfDoubles", &Dim (38,1)] 
                                                         0

0                                     -3.7810521457155399e-01
1                                     -9.2589191301580165e-02
2                                     -1.3828688003483514e-01
3                                      1.4262883117173697e-01
4                                     -2.7552295413947370e-01
5                                     -7.3627357430297025e-02
6                                     -1.5602262254570753e-01
7                                     -6.0152879436560447e-02
8                                      4.3784394496837464e-02
9                                      1.4683016339332333e-02
10                                    -1.6239659007012186e-01
11                                    -6.7395860009546560e-02
12                                    -2.7739613880315961e-01
13                                     1.1029051649747679e-01
14                                    -2.9315395376938902e-01
15                                    -4.6158004652196105e-02
16                                     2.0807009724819636e-02
17                                    -1.2381900683253200e-01
18                                    -1.3561620015293130e-01
19                                     1.6170342485435363e-02
20                                    -9.9582095990232489e-02
21                                    -1.5218389338407867e-01
22                                     2.0619478197334562e-01
23                                    -7.2381568780889083e-02
24                                     1.3766020948633728e-01
25                                     1.3454008063445788e-01
26                                     1.3675238778451648e-01
27                                     1.3330161885844549e-01
28                                     1.3292351803852009e-01
29                                     1.5438447629026186e-01
30                                     1.7075594143376305e-01
31                                     1.4994868120730809e-01
32                                     1.3925589136836869e-01
33                                     1.3395990885429987e-01
34                                     1.5410872133159459e-01
35                                     1.5535829051624528e-01
36                                     1.5215139426177260e-01
37                                     1.6473039915015175e-01
   &Method [&Type "String"] "SCF"
   &Level [&Type "String"] "Relaxed density"
   &Mult [&Type "Integer"] 1
   &State [&Type "Integer"] -1
   &Irrep [&Type "Integer"] 0
$End
$SCF_Mayer_Population_Analysis
   &GeometryIndex 1
   &NAtoms [&Type "Integer"] 38 "Total number of atoms"
   &NBondOrdersPrint [&Type "Integer"] 42 "The number of bond orders larger than threshold"
   &bondThresh [&Type "Double"]       1.0000000000000001e-01  "The threshold for printing"
   &components [&Type "ArrayOfIntegers", &Dim (42,4)] "The indices and atomic numbers of the bonding atoms"
                                                         0                           1                           2                           3

0                                                        0                           6                           1                           6
1                                                        0                           6                          24                           1
2                                                        0                           6                          25                           1
3                                                        0                           6                          26                           1
4                                                        1                           6                           2                           8
5                                                        1                           6                          27                           1
6                                                        1                           6                          28                           1
7                                                        2                           8                           3                           6
8                                                        3                           6                           4                           8
9                                                        3                           6                           5                           6
10                                                       5                           6                           6                           7
11                                                       5                           6                           9                           6
12                                                       6                           7                           7                           6
13                                                       7                           6                           8                           7
14                                                       7                           6                          29                           1
15                                                       8                           7                           9                           6
16                                                       8                           7                          16                           6
17                                                       9                           6                          10                           6
18                                                      10                           6                          11                           7
19                                                      10                           6                          30                           1
20                                                      10                           6                          31                           1
21                                                      11                           7                          12                           6
22                                                      11                           7                          13                           6
23                                                      11                           7                          14                           8
24                                                      12                           6                          32                           1
25                                                      12                           6                          33                           1
26                                                      12                           6                          34                           1
27                                                      13                           6                          14                           8
28                                                      13                           6                          15                           6
29                                                      15                           6                          16                           6
30                                                      15                           6                          20                           6
31                                                      16                           6                          17                           6
32                                                      17                           6                          18                           6
33                                                      17                           6                          35                           1
34                                                      18                           6                          19                           6
35                                                      18                           6                          36                           1
36                                                      19                           6                          20                           6
37                                                      19                           6                          21                           7
38                                                      20                           6                          37                           1
39                                                      21                           7                          22                           7
40                                                      21                           7                          23                           7
41                                                      22                           7                          23                           7
   &BondOrders [&Type "ArrayOfDoubles", &Dim (42,1)] "The bond orders"
                                                         0

0                                      1.0197346506528409e+00
1                                      9.4098936252544751e-01
2                                      9.4714576975801157e-01
3                                      9.4386041585716773e-01
4                                      8.5036213396841775e-01
5                                      9.4024234799742656e-01
6                                      9.2181928474962538e-01
7                                      1.0866414901123318e+00
8                                      1.7884293347169251e+00
9                                      1.0209333201124438e+00
10                                     1.2361746559220290e+00
11                                     1.4618018328829199e+00
12                                     1.6087163865121996e+00
13                                     1.1207248173171487e+00
14                                     9.1715877800670875e-01
15                                     1.1201488099420605e+00
16                                     8.7277555358366721e-01
17                                     9.7749470422339857e-01
18                                     9.3295205522914793e-01
19                                     8.9624746430005842e-01
20                                     9.0758531048429081e-01
21                                     9.3873841977137151e-01
22                                     1.1347403094953867e+00
23                                     1.0075192080234063e-01
24                                     9.3353832138428094e-01
25                                     9.3750822282696766e-01
26                                     9.2170324452177832e-01
27                                     1.7992096918900562e+00
28                                     9.2469767414429216e-01
29                                     1.3612642587544497e+00
30                                     1.4071590266856786e+00
31                                     1.3818521150282148e+00
32                                     1.4524403685577874e+00
33                                     9.0917809583590770e-01
34                                     1.3597451158339808e+00
35                                     9.1068479962741344e-01
36                                     1.3702434111767823e+00
37                                     9.5156685135657271e-01
38                                     9.0022208817034466e-01
39                                     1.3959472077431707e+00
40                                     3.7938698172201751e-01
41                                     2.3136181431058342e+00
   &ATNO [&Type "ArrayOfIntegers", &Dim (38,1)] "Atomic number of the elements"
                                                         0

0                                                        6
1                                                        6
2                                                        8
3                                                        6
4                                                        8
5                                                        6
6                                                        7
7                                                        6
8                                                        7
9                                                        6
10                                                       6
11                                                       7
12                                                       6
13                                                       6
14                                                       8
15                                                       6
16                                                       6
17                                                       6
18                                                       6
19                                                       6
20                                                       6
21                                                       7
22                                                       7
23                                                       7
24                                                       1
25                                                       1
26                                                       1
27                                                       1
28                                                       1
29                                                       1
30                                                       1
31                                                       1
32                                                       1
33                                                       1
34                                                       1
35                                                       1
36                                                       1
37                                                       1
   &NA [&Type "ArrayOfDoubles", &Dim (38,1)] "Mulliken gross atomic population"
                                                         0

0                                      6.4683383827819991e+00
1                                      6.0383383936757431e+00
2                                      8.4495144136563134e+00
3                                      5.4547324838300266e+00
4                                      8.4902589663077066e+00
5                                      5.9466704454102146e+00
6                                      7.4278477942793453e+00
7                                      5.8374656139689467e+00
8                                      7.4916200261281372e+00
9                                      5.6927458790156145e+00
10                                     6.2679841583146221e+00
11                                     7.3780780641284878e+00
12                                     6.3334522410821039e+00
13                                     5.5124261153899541e+00
14                                     8.4936047608674894e+00
15                                     5.9562964272686632e+00
16                                     5.7530849402812310e+00
17                                     6.1799963388865642e+00
18                                     6.1658293531113948e+00
19                                     5.7229189756326164e+00
20                                     6.2149665845657429e+00
21                                     7.4115591974188968e+00
22                                     6.6071171649117222e+00
23                                     7.2129409360010586e+00
24                                     8.4204163443839075e-01
25                                     8.3594285115498868e-01
26                                     8.3035177508471114e-01
27                                     8.3656337551485382e-01
28                                     8.3163682690743812e-01
29                                     8.0788906541476413e-01
30                                     7.8088887654022132e-01
31                                     8.0807567372520606e-01
32                                     8.2062610309930184e-01
33                                     8.2782668233125967e-01
34                                     8.0244487268090814e-01
35                                     8.2196627761204888e-01
36                                     8.2938942661820292e-01
37                                     8.1656890196319354e-01
   &ZA [&Type "ArrayOfDoubles", &Dim (38,1)] "Total nuclear charge"
                                                         0

0                                      6.0000000000000000e+00
1                                      6.0000000000000000e+00
2                                      8.0000000000000000e+00
3                                      6.0000000000000000e+00
4                                      8.0000000000000000e+00
5                                      6.0000000000000000e+00
6                                      7.0000000000000000e+00
7                                      6.0000000000000000e+00
8                                      7.0000000000000000e+00
9                                      6.0000000000000000e+00
10                                     6.0000000000000000e+00
11                                     7.0000000000000000e+00
12                                     6.0000000000000000e+00
13                                     6.0000000000000000e+00
14                                     8.0000000000000000e+00
15                                     6.0000000000000000e+00
16                                     6.0000000000000000e+00
17                                     6.0000000000000000e+00
18                                     6.0000000000000000e+00
19                                     6.0000000000000000e+00
20                                     6.0000000000000000e+00
21                                     7.0000000000000000e+00
22                                     7.0000000000000000e+00
23                                     7.0000000000000000e+00
24                                     1.0000000000000000e+00
25                                     1.0000000000000000e+00
26                                     1.0000000000000000e+00
27                                     1.0000000000000000e+00
28                                     1.0000000000000000e+00
29                                     1.0000000000000000e+00
30                                     1.0000000000000000e+00
31                                     1.0000000000000000e+00
32                                     1.0000000000000000e+00
33                                     1.0000000000000000e+00
34                                     1.0000000000000000e+00
35                                     1.0000000000000000e+00
36                                     1.0000000000000000e+00
37                                     1.0000000000000000e+00
   &QA [&Type "ArrayOfDoubles", &Dim (38,1)] "Mulliken gross atomic charge"
                                                         0

0                                     -4.6833838278199913e-01
1                                     -3.8338393675743099e-02
2                                     -4.4951441365631339e-01
3                                      5.4526751616997338e-01
4                                     -4.9025896630770660e-01
5                                      5.3329554589785388e-02
6                                     -4.2784779427934527e-01
7                                      1.6253438603105330e-01
8                                     -4.9162002612813716e-01
9                                      3.0725412098438554e-01
10                                    -2.6798415831462208e-01
11                                    -3.7807806412848777e-01
12                                    -3.3345224108210392e-01
13                                     4.8757388461004592e-01
14                                    -4.9360476086748939e-01
15                                     4.3703572731336848e-02
16                                     2.4691505971876904e-01
17                                    -1.7999633888656419e-01
18                                    -1.6582935311139479e-01
19                                     2.7708102436738358e-01
20                                    -2.1496658456574291e-01
21                                    -4.1155919741889679e-01
22                                     3.9288283508827782e-01
23                                    -2.1294093600105857e-01
24                                     1.5795836556160925e-01
25                                     1.6405714884501132e-01
26                                     1.6964822491528886e-01
27                                     1.6343662448514618e-01
28                                     1.6836317309256188e-01
29                                     1.9211093458523587e-01
30                                     2.1911112345977868e-01
31                                     1.9192432627479394e-01
32                                     1.7937389690069816e-01
33                                     1.7217331766874033e-01
34                                     1.9755512731909186e-01
35                                     1.7803372238795112e-01
36                                     1.7061057338179708e-01
37                                     1.8343109803680646e-01
   &VA [&Type "ArrayOfDoubles", &Dim (38,1)] "Mayer's total valence"
                                                         0

0                                      3.8390864691692848e+00
1                                      3.7753508998161749e+00
2                                      2.0445635214390530e+00
3                                      3.9619730503446853e+00
4                                      2.0533096078293323e+00
5                                      3.8549120215385608e+00
6                                      2.9898550772443215e+00
7                                      3.8048050446875221e+00
8                                      3.2834327967658021e+00
9                                      3.7341394960280425e+00
10                                     3.7712563368797598e+00
11                                     3.1024926147479706e+00
12                                     3.7786870051935995e+00
13                                     3.9428537213884907e+00
14                                     2.0615771680772852e+00
15                                     3.8349466808357620e+00
16                                     3.8410099313595372e+00
17                                     3.9068651002466859e+00
18                                     3.8744457419327660e+00
19                                     3.8637483021903045e+00
20                                     3.9114071470490419e+00
21                                     2.7644363085030230e+00
22                                     3.7638648013217422e+00
23                                     2.8200437120714046e+00
24                                     9.3319052312895556e-01
25                                     9.3210470353194075e-01
26                                     9.3718661303892281e-01
27                                     9.2919442984178169e-01
28                                     9.3714720116444317e-01
29                                     9.3146990025150145e-01
30                                     9.4456605930100845e-01
31                                     9.1920241966168303e-01
32                                     9.2788123342984297e-01
33                                     9.2396615988823982e-01
34                                     9.4517729999892719e-01
35                                     9.3110512024731151e-01
36                                     9.3194940121730641e-01
37                                     9.4324399778657608e-01
   &BVA [&Type "ArrayOfDoubles", &Dim (38,1)] "Mayer's bonded valence"
                                                         0

0                                      3.8390864691692754e+00
1                                      3.7753508998162193e+00
2                                      2.0445635214390556e+00
3                                      3.9619730503447275e+00
4                                      2.0533096078293802e+00
5                                      3.8549120215385826e+00
6                                      2.9898550772444228e+00
7                                      3.8048050446875288e+00
8                                      3.2834327967658981e+00
9                                      3.7341394960279866e+00
10                                     3.7712563368797207e+00
11                                     3.1024926147479395e+00
12                                     3.7786870051935857e+00
13                                     3.9428537213884685e+00
14                                     2.0615771680772870e+00
15                                     3.8349466808356754e+00
16                                     3.8410099313595545e+00
17                                     3.9068651002467103e+00
18                                     3.8744457419327856e+00
19                                     3.8637483021903152e+00
20                                     3.9114071470489900e+00
21                                     2.7644363085030426e+00
22                                     3.7638648013217315e+00
23                                     2.8200437120714161e+00
24                                     9.3319052312896211e-01
25                                     9.3210470353194341e-01
26                                     9.3718661303892881e-01
27                                     9.2919442984178835e-01
28                                     9.3714720116444994e-01
29                                     9.3146990025150633e-01
30                                     9.4456605930100523e-01
31                                     9.1920241966168448e-01
32                                     9.2788123342983875e-01
33                                     9.2396615988823838e-01
34                                     9.4517729999892552e-01
35                                     9.3110512024731273e-01
36                                     9.3194940121729641e-01
37                                     9.4324399778658163e-01
   &FA [&Type "ArrayOfDoubles", &Dim (38,1)] "Mayer's free valence"
                                                         0

0                                      0.0000000000000000e+00
1                                      0.0000000000000000e+00
2                                      0.0000000000000000e+00
3                                      0.0000000000000000e+00
4                                      0.0000000000000000e+00
5                                      0.0000000000000000e+00
6                                      0.0000000000000000e+00
7                                      0.0000000000000000e+00
8                                      0.0000000000000000e+00
9                                      0.0000000000000000e+00
10                                     0.0000000000000000e+00
11                                     0.0000000000000000e+00
12                                     0.0000000000000000e+00
13                                     0.0000000000000000e+00
14                                     0.0000000000000000e+00
15                                     0.0000000000000000e+00
16                                     0.0000000000000000e+00
17                                     0.0000000000000000e+00
18                                     0.0000000000000000e+00
19                                     0.0000000000000000e+00
20                                     0.0000000000000000e+00
21                                     0.0000000000000000e+00
22                                     0.0000000000000000e+00
23                                     0.0000000000000000e+00
24                                     0.0000000000000000e+00
25                                     0.0000000000000000e+00
26                                     0.0000000000000000e+00
27                                     0.0000000000000000e+00
28                                     0.0000000000000000e+00
29                                     0.0000000000000000e+00
30                                     0.0000000000000000e+00
31                                     0.0000000000000000e+00
32                                     0.0000000000000000e+00
33                                     0.0000000000000000e+00
34                                     0.0000000000000000e+00
35                                     0.0000000000000000e+00
36                                     0.0000000000000000e+00
37                                     0.0000000000000000e+00
   &Method [&Type "String"] "SCF"
   &Level [&Type "String"] "Relaxed density"
   &Mult [&Type "Integer"] 1
   &State [&Type "Integer"] -1
   &Irrep [&Type "Integer"] 0
$End
$SCF_Energy
   &GeometryIndex 1
   &Method [&Type "String"] "SCF"
   &totalEnergy [&Type "ArrayOfDoubles", &Dim (1,1)] "Total energy of each state"
                                                         0

0                                     -1.1335345283213790e+03
   &Mult [&Type "ArrayOfIntegers", &Dim (1,1)] "Multiplicity of each state"
                                                         0

0                                                        1
$End
$DFT_Energy
   &GeometryIndex 1
   &nAlphaEl [&Type "Integer"] 85
   &nBetaEl [&Type "Integer"] 85
   &nTotalEl [&Type "Integer"] 170
   &finalEn [&Type "Double"]      -1.1335345283213790e+03  "No Van der Waals correction"
   &eExchange [&Type "Double"]      -1.1700193491676589e+02
   &eCorr [&Type "Double"]      -6.9225585291419129e+00
   &eXC [&Type "Double"]      -1.2392449344590780e+02
   &eCNL [&Type "Double"]       0.0000000000000000e+00
$End
$Solvation_Details
   &GeometryIndex 1
   &Solvent [&Type "String"] "TOLUENE"
   &Epsilon [&Type "Double"]       2.3870000000000000e+00
   &Refrac [&Type "Double"]       1.4961000000000000e+00
   &RSolv [&Type "Double"]       1.3000000000000000e+00
   &SurfaceType [&Type "String"] "GAUSSIAN VDW"
   &CPCMDielEnergy [&Type "Double"]      -1.4158588999999999e-02
   &NPoints [&Type "Integer"] 3313
   &SurfaceArea [&Type "Double"]       1.2631847764419999e+03
$End
$SCF_Timings
   &GeometryIndex 1
   &TOTAL [&Type "Double"]       4.3198061000000003e+01
   &PREP [&Type "Double"]       9.2141899999999999e-01
   &FOCK [&Type "Double"]       4.0347845999999997e+01
   &DENS [&Type "Double"]       8.8456000000000756e-02
   &ETOT [&Type "Double"]       4.6829000000004228e-02
   &POP [&Type "Double"]       4.2873999999997636e-02
   &TRAFO [&Type "Double"]       7.8102999999997813e-02
   &DIIS [&Type "Double"]       3.7264300000000095e-01
   &SOSCF [&Type "Double"]       2.4006199999999733e-01
   &XC [&Type "Double"]       4.1167180000000076e+00
   &FOCKSTART [&Type "Double"]       1.1249999999998428e-02
   &SOLV [&Type "Double"]       6.6806670000000068e+00
   &SOLV_INIT [&Type "Double"]       3.4842199999999990e-01
   &SOLV_FINAL [&Type "Double"]       1.0000000045806701e-06
   &INT_PREP [&Type "Double"]       3.9999999978945766e-06
   &INT_BF [&Type "Double"]       1.0525760000000011e+00
   &INT_DENS [&Type "Double"]       9.1486200000019213e-01
   &INT_DENSIO [&Type "Double"]       1.0167865101800019e+05
   &INT_FUNC [&Type "Double"]       1.2417800000009827e-01
   &INT_POT [&Type "Double"]       9.8898500000004130e-01
   &INT_POTIO [&Type "Double"]       3.0641999999985181e-02
   &INT_SUM [&Type "Double"]       7.4700000000049727e-04
   &SPLITRIJ [&Type "Double"]       4.1951460000000109e+00
   &COSX [&Type "Double"]       2.7134353999999991e+01
   &FROZCORE [&Type "Double"]       8.4270000000046252e-03
$End
$CIS_Absorption_Spectrum
   &GeometryIndex 1
   &Method [&Type "Integer"] 20
   &RelCorrection [&Type "Integer"] 1 "Type of relativistic treatment in QDPT. 0->Unknow, 1->None, 2->SOC, 3->SSC, 4->SOC/SSC"
   &DensType [&Type "Integer"] 3 "Type of density (electron/spin ...). 0->Unknow, 1->Electronic, 2->Spin, 3->Trans/Electronic, 4->Tran/Spin"
   &DeriType [&Type "Integer"] 0 "Type of derivative (w.r.t. to what perturbation). 0->Unknown, 1->No Derivative, 2->Electric/Dipole, 3->Electric/Quad, 4->Magnetic/Dipole, 5->Magnetic/Quad"
   &DensLevel [&Type "Integer"] 0 "// Source of density: relaxed, unrelaxed, ... 0->Unknown, 1->Linearized, 2->Unrelaxed, 3->Relaxed"
   &Density_name [&Type "String"] "Tdens-CIS"
   &Representation [&Type "String"] "Length" "Possible values: Unknown,  Length, Velocity"
   &PointGroup [&Type "String"] "C1"
   &DoHigherMoments [&Type "Boolean"] false
   &NTrans [&Type "Integer"] 8
   &ExcitationEnergies [&Type "ArrayOfDoubles", &Dim (8,11)] 
                                                         0                           1                           2                           3                           4                           5                           6                           7

0                                      3.8747421289619726e+00         3.1251906155070490e+04         3.1998048216260696e+02         4.8930989283001419e-04         5.1544587944401124e-03         2.2228275182783516e-02         0.0000000000000000e+00        -1.4539666836911914e-02
1                                      4.2536695987998732e+00         3.4308162631711130e+04         2.9147582478686780e+02         2.8347530949327387e-01         2.7201532060334990e+00         1.4017081865877503e+00         0.0000000000000000e+00        -8.4946475647057540e-01
2                                      4.4564212970904791e+00         3.5943465533650742e+04         2.7821468663442789e+02         1.2143354989824086e-02         1.1122292968782257e-01         3.2603214145805792e-01         0.0000000000000000e+00        -1.9808072954002540e-04
3                                      4.5228722411450999e+00         3.6479428598647588e+04         2.7412710078388488e+02         2.0043596328288293e-01         1.8088527223105815e+00         1.1559467540360915e+00         0.0000000000000000e+00        -6.8721970873094218e-01
4                                      4.6759721895690136e+00         3.7714263088593900e+04         2.6515167422227444e+02         4.8824423678592022e-02         4.2619375975950635e-01         6.3479496854346162e-01         0.0000000000000000e+00         1.0331549005830419e-01
5                                      4.7045577582206413e+00         3.7944821272637324e+04         2.6354057456613123e+02         5.3321532595797994e-01         4.6262137957744063e+00         2.0985653372637185e+00         0.0000000000000000e+00        -4.1700373756907450e-01
6                                      4.8708754767732776e+00         3.9286264279458752e+04         2.5454189099951168e+02         8.8798704882189564e-03         7.4411744320758699e-02        -8.4409384595370562e-02         0.0000000000000000e+00         2.3197261134431529e-01
7                                      4.9366619577972592e+00         3.9816868088126808e+04         2.5114983875343898e+02         4.6630857596485654e-03         3.8555105307279930e-02         1.8183137182518780e-01         0.0000000000000000e+00        -7.3979139312999834e-02
                                                         8                           9                          10

0                                      0.0000000000000000e+00        -6.6700529721361035e-02         0.0000000000000000e+00
1                                      0.0000000000000000e+00         1.8378518221218390e-01         0.0000000000000000e+00
2                                      0.0000000000000000e+00        -7.0184992613236588e-02         0.0000000000000000e+00
3                                      0.0000000000000000e+00         1.9206667482000526e-02         0.0000000000000000e+00
4                                      0.0000000000000000e+00         1.1204917306890008e-01         0.0000000000000000e+00
5                                      0.0000000000000000e+00         2.1987542805653459e-01         0.0000000000000000e+00
6                                      0.0000000000000000e+00         1.1608405445662534e-01         0.0000000000000000e+00
7                                      0.0000000000000000e+00        -4.4209132493181333e-03         0.0000000000000000e+00
   &States [&Type "ArrayOfIntegers", &Dim (8,4)] "The initial and Final states. Col1: Initial State  Col2: Initial Irrep Col3: Final State Col4: Final Irrep"
                                                         0                           1                           2                           3

0                                                        0                           0                           1                           0
1                                                        0                           0                           2                           0
2                                                        0                           0                           3                           0
3                                                        0                           0                           4                           0
4                                                        0                           0                           5                           0
5                                                        0                           0                           6                           0
6                                                        0                           0                           7                           0
7                                                        0                           0                           8                           0
   &Multiplicities [&Type "ArrayOfDoubles", &Dim (8,2)] "Col1: Multiplicity of the initial state  Col2: Multiplicity of the final state"
                                                         0                           1

0                                      1.0000000000000000e+00         1.0000000000000000e+00
1                                      1.0000000000000000e+00         1.0000000000000000e+00
2                                      1.0000000000000000e+00         1.0000000000000000e+00
3                                      1.0000000000000000e+00         1.0000000000000000e+00
4                                      1.0000000000000000e+00         1.0000000000000000e+00
5                                      1.0000000000000000e+00         1.0000000000000000e+00
6                                      1.0000000000000000e+00         1.0000000000000000e+00
7                                      1.0000000000000000e+00         1.0000000000000000e+00
   &Temperature [&Type "Double"]       2.9814999999999998e+02
$End
$CIS_Absorption_Spectrum
   &GeometryIndex 1
   &Method [&Type "Integer"] 20
   &RelCorrection [&Type "Integer"] 1 "Type of relativistic treatment in QDPT. 0->Unknow, 1->None, 2->SOC, 3->SSC, 4->SOC/SSC"
   &DensType [&Type "Integer"] 3 "Type of density (electron/spin ...). 0->Unknow, 1->Electronic, 2->Spin, 3->Trans/Electronic, 4->Tran/Spin"
   &DeriType [&Type "Integer"] 0 "Type of derivative (w.r.t. to what perturbation). 0->Unknown, 1->No Derivative, 2->Electric/Dipole, 3->Electric/Quad, 4->Magnetic/Dipole, 5->Magnetic/Quad"
   &DensLevel [&Type "Integer"] 0 "// Source of density: relaxed, unrelaxed, ... 0->Unknown, 1->Linearized, 2->Unrelaxed, 3->Relaxed"
   &Density_name [&Type "String"] "Tdens-CIS"
   &Representation [&Type "String"] "Velocity" "Possible values: Unknown,  Length, Velocity"
   &PointGroup [&Type "String"] "C1"
   &DoHigherMoments [&Type "Boolean"] false
   &NTrans [&Type "Integer"] 8
   &ExcitationEnergies [&Type "ArrayOfDoubles", &Dim (8,11)] 
                                                         0                           1                           2                           3                           4                           5                           6                           7

0                                      3.8747421289619726e+00         3.1251906155070490e+04         3.1998048216260696e+02         1.1456585373723807e-03         2.4470263059990461e-04         1.5371332263773396e-03         0.0000000000000000e+00         2.0154053140176691e-03
1                                      4.2536695987998732e+00         3.4308162631711130e+04         2.9147582478686780e+02         1.0771574786974962e-01         2.5257106297591592e-02        -1.5158682395140252e-01         0.0000000000000000e+00         4.7721164979154913e-02
2                                      4.4564212970904791e+00         3.5943465533650742e+04         2.7821468663442789e+02         3.7981303970492041e-03         9.3303245235981593e-04        -1.2920235404699552e-02         0.0000000000000000e+00        -2.2494238065495293e-02
3                                      4.5228722411450999e+00         3.6479428598647588e+04         2.7412710078388488e+02         6.9286278235086443e-02         1.7274368960697260e-02        -1.1810605176269851e-01         0.0000000000000000e+00         5.2141948478427708e-02
4                                      4.6759721895690136e+00         3.7714263088593900e+04         2.6515167422227444e+02         1.5503158884216521e-02         3.9960669434248369e-03        -6.3042214833314930e-02         0.0000000000000000e+00         1.8977731396030483e-03
5                                      4.7045577582206413e+00         3.7944821272637324e+04         2.6354057456613123e+02         2.1868167710903938e-01         5.6711591919139583e-02        -2.2665057686664164e-01         0.0000000000000000e+00         7.1232482369773711e-02
6                                      4.8708754767732776e+00         3.9286264279458752e+04         2.5454189099951168e+02         5.7070000672816929e-04         1.5323414248207158e-04         8.3539167171004305e-03         0.0000000000000000e+00        -7.3261423309176838e-03
7                                      4.9366619577972592e+00         3.9816868088126808e+04         2.5114983875343898e+02         1.9156390300773319e-03         5.2129997503109701e-04        -2.0984933740480601e-02         0.0000000000000000e+00         8.7619544697294383e-03
                                                         8                           9                          10

0                                      0.0000000000000000e+00        -1.5436255811060555e-02         0.0000000000000000e+00
1                                      0.0000000000000000e+00         1.1097364328376991e-03         0.0000000000000000e+00
2                                      0.0000000000000000e+00        -1.6127902011724482e-02         0.0000000000000000e+00
3                                      0.0000000000000000e+00        -2.4628168965577402e-02         0.0000000000000000e+00
4                                      0.0000000000000000e+00        -4.2596419386616239e-03         0.0000000000000000e+00
5                                      0.0000000000000000e+00        -1.6341400815047251e-02         0.0000000000000000e+00
6                                      0.0000000000000000e+00         5.4565425420276502e-03         0.0000000000000000e+00
7                                      0.0000000000000000e+00        -2.0397756761772125e-03         0.0000000000000000e+00
   &States [&Type "ArrayOfIntegers", &Dim (8,4)] "The initial and Final states. Col1: Initial State  Col2: Initial Irrep Col3: Final State Col4: Final Irrep"
                                                         0                           1                           2                           3

0                                                        0                           0                           1                           0
1                                                        0                           0                           2                           0
2                                                        0                           0                           3                           0
3                                                        0                           0                           4                           0
4                                                        0                           0                           5                           0
5                                                        0                           0                           6                           0
6                                                        0                           0                           7                           0
7                                                        0                           0                           8                           0
   &Multiplicities [&Type "ArrayOfDoubles", &Dim (8,2)] "Col1: Multiplicity of the initial state  Col2: Multiplicity of the final state"
                                                         0                           1

0                                      1.0000000000000000e+00         1.0000000000000000e+00
1                                      1.0000000000000000e+00         1.0000000000000000e+00
2                                      1.0000000000000000e+00         1.0000000000000000e+00
3                                      1.0000000000000000e+00         1.0000000000000000e+00
4                                      1.0000000000000000e+00         1.0000000000000000e+00
5                                      1.0000000000000000e+00         1.0000000000000000e+00
6                                      1.0000000000000000e+00         1.0000000000000000e+00
7                                      1.0000000000000000e+00         1.0000000000000000e+00
   &Temperature [&Type "Double"]       2.9814999999999998e+02
$End
$CIS_ECD_Spectrum
   &GeometryIndex 1
   &Method [&Type "Integer"] 20
   &RelCorrection [&Type "Integer"] 1 "Type of relativistic treatment in QDPT. 0->Unknow, 1->None, 2->SOC, 3->SSC, 4->SOC/SSC"
   &DensType [&Type "Integer"] 3 "Type of density (electron/spin ...). 0->Unknow, 1->Electronic, 2->Spin, 3->Trans/Electronic, 4->Tran/Spin"
   &DeriType [&Type "Integer"] 0 "Type of derivative (w.r.t. to what perturbation). 0->Unknown, 1->No Derivative, 2->Electric/Dipole, 3->Electric/Quad, 4->Magnetic/Dipole, 5->Magnetic/Quad"
   &DensLevel [&Type "Integer"] 0 "// Source of density: relaxed, unrelaxed, ... 0->Unknown, 1->Linearized, 2->Unrelaxed, 3->Relaxed"
   &Density_name [&Type "String"] "Tdens-CIS"
   &Representation [&Type "String"] "Length" "Possible values: Unknown,  Length, Velocity"
   &PointGroup [&Type "String"] "C1"
   &DoHigherMoments [&Type "Boolean"] false
   &NTrans [&Type "Integer"] 8
   &ExcitationEnergies [&Type "ArrayOfDoubles", &Dim (8,10)] 
                                                         0                           1                           2                           3                           4                           5                           6                           7

0                                      3.8747421289619726e+00         3.1251906155070490e+04         3.1998048216260696e+02        -3.9066700409192606e-01         9.3304047245388669e-02         0.0000000000000000e+00         1.0703004362427347e-02         0.0000000000000000e+00
1                                      4.2536695987998732e+00         3.4308162631711130e+04         2.9147582478686780e+02         1.6415245846878754e+01        -4.6507488454126417e-02         0.0000000000000000e+00        -6.6643476256212406e-02         0.0000000000000000e+00
2                                      4.4564212970904791e+00         3.5943465533650742e+04         2.7821468663442789e+02         6.6498214958574993e+00        -2.8411395274763239e-02         0.0000000000000000e+00        -2.3486743915695586e-02         0.0000000000000000e+00
3                                      4.5228722411450999e+00         3.6479428598647588e+04         2.7412710078388488e+02         1.0539216741140470e+02        -1.0836656832405252e-01         0.0000000000000000e+00         1.3969097538730044e-01         0.0000000000000000e+00
4                                      4.6759721895690136e+00         3.7714263088593900e+04         2.6515167422227444e+02         7.4707281324595600e+00        -1.0678213986952080e-02         0.0000000000000000e+00        -1.2015461554888227e-02         0.0000000000000000e+00
5                                      4.7045577582206413e+00         3.7944821272637324e+04         2.6354057456613123e+02        -3.8053404099412134e+01         2.7950843473320153e-02         0.0000000000000000e+00        -7.2278212281543963e-02         0.0000000000000000e+00
6                                      4.8708754767732776e+00         3.9286264279458752e+04         2.5454189099951168e+02         1.9795413464499575e+01        -3.1454410933629370e-02         0.0000000000000000e+00        -3.7615676791758444e-02         0.0000000000000000e+00
7                                      4.9366619577972592e+00         3.9816868088126808e+04         2.5114983875343898e+02         2.6558353811988278e-01        -5.1263280139156016e-03         0.0000000000000000e+00        -6.4991544485697075e-03         0.0000000000000000e+00
                                                         8                           9

0                                      1.6337517323863106e-02         0.0000000000000000e+00
1                                     -1.4277510322787992e-01         0.0000000000000000e+00
2                                      6.9055318800952323e-02         0.0000000000000000e+00
3                                     -1.1893379778267606e-01         0.0000000000000000e+00
4                                     -6.9847893777868514e-02         0.0000000000000000e+00
5                                     -3.6754383742961930e-02         0.0000000000000000e+00
6                                     -3.0940984679582345e-01         0.0000000000000000e+00
7                                      2.5335781481910735e-02         0.0000000000000000e+00
   &States [&Type "ArrayOfIntegers", &Dim (8,4)] "The initial and Final states. Col1: Initial State  Col2: Initial Irrep Col3: Final State Col4: Final Irrep"
                                                         0                           1                           2                           3

0                                                        0                           0                           1                           0
1                                                        0                           0                           2                           0
2                                                        0                           0                           3                           0
3                                                        0                           0                           4                           0
4                                                        0                           0                           5                           0
5                                                        0                           0                           6                           0
6                                                        0                           0                           7                           0
7                                                        0                           0                           8                           0
   &Multiplicities [&Type "ArrayOfDoubles", &Dim (8,2)] "Col1: Multiplicity of the initial state  Col2: Multiplicity of the final state"
                                                         0                           1

0                                      1.0000000000000000e+00         1.0000000000000000e+00
1                                      1.0000000000000000e+00         1.0000000000000000e+00
2                                      1.0000000000000000e+00         1.0000000000000000e+00
3                                      1.0000000000000000e+00         1.0000000000000000e+00
4                                      1.0000000000000000e+00         1.0000000000000000e+00
5                                      1.0000000000000000e+00         1.0000000000000000e+00
6                                      1.0000000000000000e+00         1.0000000000000000e+00
7                                      1.0000000000000000e+00         1.0000000000000000e+00
   &Temperature [&Type "Double"]       2.9814999999999998e+02
$End
$CIS_ECD_Spectrum
   &GeometryIndex 1
   &Method [&Type "Integer"] 20
   &RelCorrection [&Type "Integer"] 1 "Type of relativistic treatment in QDPT. 0->Unknow, 1->None, 2->SOC, 3->SSC, 4->SOC/SSC"
   &DensType [&Type "Integer"] 3 "Type of density (electron/spin ...). 0->Unknow, 1->Electronic, 2->Spin, 3->Trans/Electronic, 4->Tran/Spin"
   &DeriType [&Type "Integer"] 0 "Type of derivative (w.r.t. to what perturbation). 0->Unknown, 1->No Derivative, 2->Electric/Dipole, 3->Electric/Quad, 4->Magnetic/Dipole, 5->Magnetic/Quad"
   &DensLevel [&Type "Integer"] 0 "// Source of density: relaxed, unrelaxed, ... 0->Unknown, 1->Linearized, 2->Unrelaxed, 3->Relaxed"
   &Density_name [&Type "String"] "Tdens-CIS"
   &Representation [&Type "String"] "Velocity" "Possible values: Unknown,  Length, Velocity"
   &PointGroup [&Type "String"] "C1"
   &DoHigherMoments [&Type "Boolean"] false
   &NTrans [&Type "Integer"] 8
   &ExcitationEnergies [&Type "ArrayOfDoubles", &Dim (8,10)] 
                                                         0                           1                           2                           3                           4                           5                           6                           7

0                                      3.8747421289619726e+00         3.1251906155070490e+04         3.1998048216260696e+02        -2.8870399587564038e-01         9.3304047245388669e-02         0.0000000000000000e+00         1.0703004362427347e-02         0.0000000000000000e+00
1                                      4.2536695987998732e+00         3.4308162631711130e+04         2.9147582478686780e+02         1.1192691771820202e+01        -4.6507488454126417e-02         0.0000000000000000e+00        -6.6643476256212406e-02         0.0000000000000000e+00
2                                      4.4564212970904791e+00         3.5943465533650742e+04         2.7821468663442789e+02        -6.2848119736922159e-01        -2.8411395274763239e-02         0.0000000000000000e+00        -2.3486743915695586e-02         0.0000000000000000e+00
3                                      4.5228722411450999e+00         3.6479428598647588e+04         2.7412710078388488e+02         6.5270938357416213e+01        -1.0836656832405252e-01         0.0000000000000000e+00         1.3969097538730044e-01         0.0000000000000000e+00
4                                      4.6759721895690136e+00         3.7714263088593900e+04         2.6515167422227444e+02         2.6006304152750435e+00        -1.0678213986952080e-02         0.0000000000000000e+00        -1.2015461554888227e-02         0.0000000000000000e+00
5                                      4.7045577582206413e+00         3.7944821272637324e+04         2.6354057456613123e+02        -2.9676806550974547e+01         2.7950843473320153e-02         0.0000000000000000e+00        -7.2278212281543963e-02         0.0000000000000000e+00
6                                      4.8708754767732776e+00         3.9286264279458752e+04         2.5454189099951168e+02        -4.4128953659838688e+00        -3.1454410933629370e-02         0.0000000000000000e+00        -3.7615676791758444e-02         0.0000000000000000e+00
7                                      4.9366619577972592e+00         3.9816868088126808e+04         2.5114983875343898e+02        -2.7258957116485937e-03        -5.1263280139156016e-03         0.0000000000000000e+00        -6.4991544485697075e-03         0.0000000000000000e+00
                                                         8                           9

0                                      1.6337517323863106e-02         0.0000000000000000e+00
1                                     -1.4277510322787992e-01         0.0000000000000000e+00
2                                      6.9055318800952323e-02         0.0000000000000000e+00
3                                     -1.1893379778267606e-01         0.0000000000000000e+00
4                                     -6.9847893777868514e-02         0.0000000000000000e+00
5                                     -3.6754383742961930e-02         0.0000000000000000e+00
6                                     -3.0940984679582345e-01         0.0000000000000000e+00
7                                      2.5335781481910735e-02         0.0000000000000000e+00
   &States [&Type "ArrayOfIntegers", &Dim (8,4)] "The initial and Final states. Col1: Initial State  Col2: Initial Irrep Col3: Final State Col4: Final Irrep"
                                                         0                           1                           2                           3

0                                                        0                           0                           1                           0
1                                                        0                           0                           2                           0
2                                                        0                           0                           3                           0
3                                                        0                           0                           4                           0
4                                                        0                           0                           5                           0
5                                                        0                           0                           6                           0
6                                                        0                           0                           7                           0
7                                                        0                           0                           8                           0
   &Multiplicities [&Type "ArrayOfDoubles", &Dim (8,2)] "Col1: Multiplicity of the initial state  Col2: Multiplicity of the final state"
                                                         0                           1

0                                      1.0000000000000000e+00         1.0000000000000000e+00
1                                      1.0000000000000000e+00         1.0000000000000000e+00
2                                      1.0000000000000000e+00         1.0000000000000000e+00
3                                      1.0000000000000000e+00         1.0000000000000000e+00
4                                      1.0000000000000000e+00         1.0000000000000000e+00
5                                      1.0000000000000000e+00         1.0000000000000000e+00
6                                      1.0000000000000000e+00         1.0000000000000000e+00
7                                      1.0000000000000000e+00         1.0000000000000000e+00
   &Temperature [&Type "Double"]       2.9814999999999998e+02
$End
$CIS_Energies
   &GeometryIndex 1
   &e0 [&Type "Double"]      -1.1335345283213790e+03  "Ground state energy"
   &multP1 [&Type "Boolean"] false "Do the higher multiplicity too?"
   &mode [&Type "String"] "TDA" "CIS mode: CIS, RPA, TDA, TD-DFT, sTDA, sTD-DFT"
   &dCorr [&Type "Integer"] 0 "(D) Correction algorithm"
   &Method [&Type "String"] "TDA/CIS"
   &totalEnergy [&Type "ArrayOfDoubles", &Dim (8,1)] "Total energy of each state"
                                                         0

0                                     -1.1333921341596415e+03
1                                     -1.1333782088305147e+03
2                                     -1.1333707578422532e+03
3                                     -1.1333683158148460e+03
4                                     -1.1333626894949277e+03
5                                     -1.1333616389945460e+03
6                                     -1.1333555269304841e+03
7                                     -1.1333531093216452e+03
   &Mult [&Type "ArrayOfIntegers", &Dim (8,1)] "Multiplicity of each state"
                                                         0

0                                                        1
1                                                        1
2                                                        1
3                                                        1
4                                                        1
5                                                        1
6                                                        1
7                                                        1
   &RelCorr [&Type "String"] "None" "Relativistic correction (SOC and/or SSC)"
   &NBlocks [&Type "Integer"] 1 "Number of multiplicity blocks"
   &NRoots [&Type "ArrayOfIntegers", &Dim (1,1)] "Number of roots in each block"
                                                         0

0                                                        8
   &NTotalRoots [&Type "Integer"] 8 "Total number of roots"
   &Block [&Type "ArrayOfIntegers", &Dim (8,1)] "Block index of each state"
                                                         0

0                                                        0
1                                                        0
2                                                        0
3                                                        0
4                                                        0
5                                                        0
6                                                        0
7                                                        0
   &Root [&Type "ArrayOfIntegers", &Dim (8,1)] "Root index within the block"
                                                         0

0                                                        0
1                                                        1
2                                                        2
3                                                        3
4                                                        4
5                                                        5
6                                                        6
7                                                        7
$End
$Single_Point_Data
   &GeometryIndex 1
   &FinalEnergy [&Type "Double"]      -1.1333921341596415e+03  "Final single point energy"
   &Converged [&Type "Boolean"] true
$End
$Calculation_Info
   &GeometryIndex 1
   &Mult [&Type "Integer"] 1
   &Charge [&Type "Integer"] 0
   &NumOfAtoms [&Type "Integer"] 38
   &NumOfElectrons [&Type "Integer"] 170
   &NumOfBasisFuncts [&Type "Integer"] 364
   &NumOfAuxCBasisFuncts [&Type "Integer"] 0
   &NumOfAuxJBasisFuncts [&Type "Integer"] 1330
   &NumOfAuxJKBasisFuncts [&Type "Integer"] 0
   &NumOfCABSBasisFuncts [&Type "Integer"] 0
$End
$SCF_Dipole_Moment
   &GeometryIndex 1
   &dipoleMagnitude [&Type "Double", &Units "a.u."]       1.1929053574148429e+00
   &dipoleElecContrib [&Type "ArrayOfDoubles", &Dim (3,1)] "Electronic contribution"
                                                         0

0                                     -2.8411892948423791e+01
1                                      3.2796508189209304e+00
2                                     -2.5781857590872828e+00
   &dipoleNucContrib [&Type "ArrayOfDoubles", &Dim (3,1)] "Nuclear contribution"
                                                         0

0                                      2.8304953606110111e+01
1                                     -4.0855579280718883e+00
2                                      1.7052018530303052e+00
   &dipoleTotal [&Type "ArrayOfDoubles", &Dim (3,1)] "Total"
                                                         0

0                                     -1.0693934231368019e-01
1                                     -8.0590710915095798e-01
2                                     -8.7298390605697751e-01
   &doAtomicDipole [&Type "Boolean"] false
   &Method [&Type "String"] "SCF"
   &Level [&Type "String"] "Relaxed density"
   &Mult [&Type "Integer"] 1
   &State [&Type "Integer"] -1
   &Irrep [&Type "Integer"] 0
$End
$Calculation_Timings
   &GeometryIndex 1
   &GTOINT [&Type "Double"]       3.7016249999999999e+00
   &SCF [&Type "Double"]       4.7463811000000000e+01
   &CIS [&Type "Double"]       3.5763158999999995e+01
   &PROPINT [&Type "Double"]       1.8083050000000043e+00
   &PROP [&Type "Double"]       1.7474569999999972e+00
   &SUM [&Type "Double"]       9.0484357000000003e+01
$End
