*************************************************
******************* ORCA 6.1.1 ******************
*************************************************
$Calculation_Status
   &GeometryIndex 1
   &version [&Type "String"] "6.1.1"
   &progName [&Type "String"] "ProgCIS"
   &Status [&Type "String"] "NORMAL TERMINATION"
$End
$Geometry
   &GeometryIndex 1
   &NAtoms [&Type "Integer"] 30
   &NCorelessECP [&Type "Integer"] 0
   &NGhostAtoms [&Type "Integer"] 0
   &CartesianCoordinates [&Type "Coordinates", &Dim(30,4), &Units "Bohr"] 
              O     10.473544425326   -1.373704287710   -1.649989807394
              N      8.460865150227   -0.186294871460   -1.337831616510
              C      6.113018378838   -1.487027384509   -1.060518085809
              C      3.862377230051   -0.460320278688   -0.726588360136
              C      3.217311655333    2.078443634285   -0.560572139819
              C      0.664176375111    2.738751740000   -0.191251623110
              N      0.033079655974    5.376155577712    0.059174884158
              O     -1.757753329907    6.153915831828    1.716819972120
              O      1.307323877804    7.137901898939   -1.296652594325
              C     -1.225581884155    0.802814243200   -0.078761895536
              C     -0.493411273019   -1.791857217445   -0.194794859611
              C      2.068866502239   -2.357157452051   -0.546336832852
              N      3.007682445571   -4.619375063134   -0.754053639766
              C      5.641389978964   -4.185114107833   -1.090583628600
              O      7.260624493528   -5.905356373981   -1.367938733275
              C     -2.406587018536   -3.919528217519   -0.167431625192
              C     -4.993788391774   -3.090707563264    0.813145375974
              C     -5.800062723525   -0.640413068977   -0.470662749819
              C     -3.989946972174    1.500726009254    0.237929748344
              H      4.670134996817    3.515045566637   -0.673679807838
              H     -0.835984606029    6.439665099991    3.322255706454
              H      2.714466869453    7.682165702222   -0.185780865952
              H     -1.711356773867   -5.491631072577    1.040269670284
              H     -2.616048042672   -4.651362457403   -2.125686787633
              H     -4.914142104408   -2.815349899112    2.896026087222
              H     -6.404729732953   -4.592818741774    0.408252654520
              H     -7.744893271512   -0.136623420030    0.141925991562
              H     -5.821297576092   -0.898149036930   -2.557336141417
              H     -4.455367621697    3.152144449604   -0.973071008962
              H     -4.323910712917    2.025066429907    2.244359699117
$End
$SCF_Mulliken_Population_Analysis
   &GeometryIndex 1
   &NAtoms [&Type "Integer"] 30
   &ATNO [&Type "ArrayOfIntegers", &Dim (30,1)] 
                                                         0

0                                                        8
1                                                        7
2                                                        6
3                                                        6
4                                                        6
5                                                        6
6                                                        7
7                                                        8
8                                                        8
9                                                        6
10                                                       6
11                                                       6
12                                                       7
13                                                       6
14                                                       8
15                                                       6
16                                                       6
17                                                       6
18                                                       6
19                                                       1
20                                                       1
21                                                       1
22                                                       1
23                                                       1
24                                                       1
25                                                       1
26                                                       1
27                                                       1
28                                                       1
29                                                       1
   &AtomicCharges [&Type "ArrayOfDoubles", &Dim (30,1)] 
                                                         0

0                                     -3.1663768606325249e-02
1                                     -4.6304017236594941e-01
2                                     -9.1035977772906307e-01
3                                      2.4525666341106671e+00
4                                      4.0877376235714280e-01
5                                     -2.0957182942181873e-01
6                                     -7.5482649040191951e-01
7                                     -1.8872145344685443e-01
8                                     -1.9438431410342361e-01
9                                      6.4165526910311854e-01
10                                    -7.1989008311182801e-01
11                                    -1.9256563637297717e+00
12                                    -3.6868439988681967e-01
13                                     8.7903978093943724e-01
14                                    -4.8983265615853355e-01
15                                    -1.9873232874287083e-01
16                                    -6.0832144085234141e-01
17                                    -6.7833124250053256e-01
18                                     1.1219702003668441e-01
19                                     2.5668272669892267e-01
20                                     5.4520882850131935e-01
21                                     5.4477625983889277e-01
22                                     2.4333798136263662e-01
23                                     2.5602843231740668e-01
24                                     2.2413004283784288e-01
25                                     2.1594109086748015e-01
26                                     2.1851920070339526e-01
27                                     2.2494418789176940e-01
28                                     2.5175831051871400e-01
29                                     2.6645679297427438e-01
   &Method [&Type "String"] "SCF"
   &Level [&Type "String"] "Relaxed density"
   &Mult [&Type "Integer"] 1
   &State [&Type "Integer"] -1
   &Irrep [&Type "Integer"] 0
$End
$SCF_Loewdin_Population_Analysis
   &GeometryIndex 1
   &NAtoms [&Type "Integer"] 30
   &ATNO [&Type "ArrayOfIntegers", &Dim (30,1)] 
                                                         0

0                                                        8
1                                                        7
2                                                        6
3                                                        6
4                                                        6
5                                                        6
6                                                        7
7                                                        8
8                                                        8
9                                                        6
10                                                       6
11                                                       6
12                                                       7
13                                                       6
14                                                       8
15                                                       6
16                                                       6
17                                                       6
18                                                       6
19                                                       1
20                                                       1
21                                                       1
22                                                       1
23                                                       1
24                                                       1
25                                                       1
26                                                       1
27                                                       1
28                                                       1
29                                                       1
   &AtomicCharges [&Type "ArrayOfDoubles", &Dim (30,1)] 
                                                         0

0                                     -2.9045185698194231e-01
1                                      3.8499430514903565e-02
2                                     -1.0319294617486108e-01
3                                      4.4551988262639952e-03
4                                     -1.8268092852214224e-01
5                                      9.6728606817400475e-02
6                                     -2.6390596127567001e-02
7                                     -3.7524812043727884e-01
8                                     -3.6389804845254403e-01
9                                     -3.4175985290600508e-02
10                                    -7.3759379382452472e-02
11                                     4.9505010995830823e-02
12                                    -2.0059162680633147e-01
13                                     2.2289424256566814e-01
14                                    -3.1888267286983840e-01
15                                    -3.2440406853126724e-01
16                                    -3.6099178390926578e-01
17                                    -3.6001788295449977e-01
18                                    -3.2168124529922348e-01
19                                     2.6093127807937977e-01
20                                     4.4365994800458364e-01
21                                     4.4260059265535590e-01
22                                     2.2860881011600531e-01
23                                     2.3406684227383057e-01
24                                     2.1521517182438998e-01
25                                     2.0279439325476312e-01
26                                     2.0379962374514327e-01
27                                     2.1622978305819096e-01
28                                     2.3365530137231549e-01
29                                     2.4272290763736359e-01
   &Method [&Type "String"] "SCF"
   &Level [&Type "String"] "Relaxed density"
   &Mult [&Type "Integer"] 1
   &State [&Type "Integer"] -1
   &Irrep [&Type "Integer"] 0
$End
$SCF_Mayer_Population_Analysis
   &GeometryIndex 1
   &NAtoms [&Type "Integer"] 30 "Total number of atoms"
   &NBondOrdersPrint [&Type "Integer"] 85 "The number of bond orders larger than threshold"
   &bondThresh [&Type "Double"]       1.0000000000000001e-01  "The threshold for printing"
   &components [&Type "ArrayOfIntegers", &Dim (85,4)] "The indices and atomic numbers of the bonding atoms"
                                                         0                           1                           2                           3

0                                                        0                           8                           1                           7
1                                                        0                           8                           2                           6
2                                                        0                           8                           3                           6
3                                                        0                           8                           4                           6
4                                                        0                           8                          11                           6
5                                                        0                           8                          13                           6
6                                                        1                           7                           2                           6
7                                                        1                           7                           3                           6
8                                                        1                           7                           4                           6
9                                                        1                           7                          11                           6
10                                                       1                           7                          13                           6
11                                                       2                           6                           3                           6
12                                                       2                           6                           4                           6
13                                                       2                           6                           5                           6
14                                                       2                           6                           9                           6
15                                                       2                           6                          11                           6
16                                                       2                           6                          12                           7
17                                                       2                           6                          13                           6
18                                                       3                           6                           4                           6
19                                                       3                           6                           5                           6
20                                                       3                           6                           8                           8
21                                                       3                           6                           9                           6
22                                                       3                           6                          11                           6
23                                                       3                           6                          12                           7
24                                                       3                           6                          13                           6
25                                                       3                           6                          14                           8
26                                                       3                           6                          18                           6
27                                                       3                           6                          19                           1
28                                                       4                           6                           5                           6
29                                                       4                           6                           8                           8
30                                                       4                           6                           9                           6
31                                                       4                           6                          10                           6
32                                                       4                           6                          11                           6
33                                                       4                           6                          12                           7
34                                                       4                           6                          13                           6
35                                                       4                           6                          19                           1
36                                                       5                           6                           6                           7
37                                                       5                           6                           7                           8
38                                                       5                           6                           8                           8
39                                                       5                           6                           9                           6
40                                                       5                           6                          10                           6
41                                                       5                           6                          11                           6
42                                                       5                           6                          15                           6
43                                                       5                           6                          18                           6
44                                                       5                           6                          19                           1
45                                                       5                           6                          20                           1
46                                                       5                           6                          28                           1
47                                                       6                           7                           7                           8
48                                                       6                           7                           8                           8
49                                                       6                           7                           9                           6
50                                                       6                           7                          10                           6
51                                                       6                           7                          18                           6
52                                                       7                           8                           9                           6
53                                                       7                           8                          20                           1
54                                                       8                           8                           9                           6
55                                                       8                           8                          21                           1
56                                                       9                           6                          10                           6
57                                                       9                           6                          15                           6
58                                                       9                           6                          18                           6
59                                                       9                           6                          22                           1
60                                                       9                           6                          28                           1
61                                                      10                           6                          11                           6
62                                                      10                           6                          15                           6
63                                                      10                           6                          28                           1
64                                                      11                           6                          12                           7
65                                                      11                           6                          13                           6
66                                                      11                           6                          14                           8
67                                                      11                           6                          15                           6
68                                                      11                           6                          18                           6
69                                                      11                           6                          22                           1
70                                                      12                           7                          13                           6
71                                                      13                           6                          14                           8
72                                                      15                           6                          16                           6
73                                                      15                           6                          17                           6
74                                                      15                           6                          22                           1
75                                                      15                           6                          23                           1
76                                                      16                           6                          17                           6
77                                                      16                           6                          18                           6
78                                                      16                           6                          24                           1
79                                                      16                           6                          25                           1
80                                                      17                           6                          18                           6
81                                                      17                           6                          26                           1
82                                                      17                           6                          27                           1
83                                                      18                           6                          28                           1
84                                                      18                           6                          29                           1
   &BondOrders [&Type "ArrayOfDoubles", &Dim (85,1)] "The bond orders"
                                                         0

0                                      1.9308129188637044e+00
1                                      3.1167351941792920e-01
2                                     -1.8841056097923045e-01
3                                     -1.3191198388406836e-01
4                                      2.9660585964103020e-01
5                                     -3.0020256044940846e-01
6                                      2.1538421241369687e+00
7                                     -8.2726809675503488e-01
8                                     -5.4308999166465843e-01
9                                      5.2290693160051838e-01
10                                    -4.0773723881488849e-01
11                                    -2.4029955054847529e-01
12                                    -8.5065975225664625e-01
13                                    -4.5052384582587535e-01
14                                     4.3572142728103713e-01
15                                     2.0643505111401628e+00
16                                    -9.6047829199184664e-01
17                                     6.2099705170902642e-01
18                                     1.6893705453589312e+00
19                                    -1.0550873909134313e+00
20                                     3.4736926880008651e-01
21                                    -1.7406750316931544e-01
22                                    -2.6052378860948311e+00
23                                     1.6844241750067686e+00
24                                    -3.9582350711180553e-01
25                                    -1.1456750432332062e-01
26                                     1.0542719682560073e-01
27                                    -1.0788055875981944e-01
28                                     1.0217900654118313e+00
29                                     4.7878700302747290e-01
30                                    -1.4277455829461683e-01
31                                    -1.5063441128057578e-01
32                                    -2.9723275984375781e+00
33                                     2.7242054299893181e-01
34                                     5.2392695135783374e-01
35                                     1.1796749417075785e+00
36                                     9.7437139520399429e-01
37                                     7.5243972355149014e-01
38                                    -3.5353965761807249e-01
39                                    -2.0673842218451881e+00
40                                     1.0539635908005858e+00
41                                     2.2845942530705869e+00
42                                     1.5918843566577873e-01
43                                    -1.0890967006436991e+00
44                                    -2.7893209664281027e-01
45                                     1.0391978259166489e-01
46                                    -2.3208623679444676e-01
47                                     1.4057017860406054e+00
48                                     1.4045505806687231e+00
49                                    -1.3628877428258623e-01
50                                     2.9845899561761530e-01
51                                    -2.0219013145892240e-01
52                                    -6.2026070927201915e-01
53                                     6.3012279708461705e-01
54                                    -4.0973769008660355e-01
55                                     6.2855549190409299e-01
56                                     2.5887232514746188e+00
57                                     1.4620534344356351e-01
58                                     1.5757873795662338e+00
59                                     1.3650568960355430e-01
60                                     1.1806908453196599e-01
61                                     3.7704472835240821e-01
62                                     1.0662479253326689e+00
63                                     1.5991294276277410e-01
64                                    -1.5039853346555249e-01
65                                    -4.3206940789608483e-01
66                                    -1.4705867773393072e-01
67                                    -6.3936995085472159e-01
68                                    -1.5793767928257196e-01
69                                    -1.8125640201394683e-01
70                                     1.3886920010052815e+00
71                                     1.8247323141939722e+00
72                                     7.6171592786633069e-01
73                                    -1.2620599685975542e-01
74                                     9.5022645184151822e-01
75                                     9.2803989081603255e-01
76                                     7.5731679910735306e-01
77                                    -1.6976970015875198e-01
78                                     1.0346542423217229e+00
79                                     9.7695648595515083e-01
80                                     6.8222119451217245e-01
81                                     1.0013797809694946e+00
82                                     1.0396622939252431e+00
83                                     9.0519383062716330e-01
84                                     9.4351834488025432e-01
   &ATNO [&Type "ArrayOfIntegers", &Dim (30,1)] "Atomic number of the elements"
                                                         0

0                                                        8
1                                                        7
2                                                        6
3                                                        6
4                                                        6
5                                                        6
6                                                        7
7                                                        8
8                                                        8
9                                                        6
10                                                       6
11                                                       6
12                                                       7
13                                                       6
14                                                       8
15                                                       6
16                                                       6
17                                                       6
18                                                       6
19                                                       1
20                                                       1
21                                                       1
22                                                       1
23                                                       1
24                                                       1
25                                                       1
26                                                       1
27                                                       1
28                                                       1
29                                                       1
   &NA [&Type "ArrayOfDoubles", &Dim (30,1)] "Mulliken gross atomic population"
                                                         0

0                                      8.0316637686063288e+00
1                                      7.4630401723659503e+00
2                                      6.9103597777290195e+00
3                                      3.5474333658892694e+00
4                                      5.5912262376428847e+00
5                                      6.2095718294218631e+00
6                                      7.7548264904019222e+00
7                                      8.1887214534468526e+00
8                                      8.1943843141034236e+00
9                                      5.3583447308969214e+00
10                                     6.7198900831118529e+00
11                                     7.9256563637297699e+00
12                                     7.3686843998868197e+00
13                                     5.1209602190605725e+00
14                                     8.4898326561585318e+00
15                                     6.1987323287428735e+00
16                                     6.6083214408523405e+00
17                                     6.6783312425005317e+00
18                                     5.8878029799633227e+00
19                                     7.4331727330107722e-01
20                                     4.5479117149868087e-01
21                                     4.5522374016110712e-01
22                                     7.5666201863736338e-01
23                                     7.4397156768259354e-01
24                                     7.7586995716215712e-01
25                                     7.8405890913251974e-01
26                                     7.8148079929660486e-01
27                                     7.7505581210823071e-01
28                                     7.4824168948128622e-01
29                                     7.3354320702572551e-01
   &ZA [&Type "ArrayOfDoubles", &Dim (30,1)] "Total nuclear charge"
                                                         0

0                                      8.0000000000000000e+00
1                                      7.0000000000000000e+00
2                                      6.0000000000000000e+00
3                                      6.0000000000000000e+00
4                                      6.0000000000000000e+00
5                                      6.0000000000000000e+00
6                                      7.0000000000000000e+00
7                                      8.0000000000000000e+00
8                                      8.0000000000000000e+00
9                                      6.0000000000000000e+00
10                                     6.0000000000000000e+00
11                                     6.0000000000000000e+00
12                                     7.0000000000000000e+00
13                                     6.0000000000000000e+00
14                                     8.0000000000000000e+00
15                                     6.0000000000000000e+00
16                                     6.0000000000000000e+00
17                                     6.0000000000000000e+00
18                                     6.0000000000000000e+00
19                                     1.0000000000000000e+00
20                                     1.0000000000000000e+00
21                                     1.0000000000000000e+00
22                                     1.0000000000000000e+00
23                                     1.0000000000000000e+00
24                                     1.0000000000000000e+00
25                                     1.0000000000000000e+00
26                                     1.0000000000000000e+00
27                                     1.0000000000000000e+00
28                                     1.0000000000000000e+00
29                                     1.0000000000000000e+00
   &QA [&Type "ArrayOfDoubles", &Dim (30,1)] "Mulliken gross atomic charge"
                                                         0

0                                     -3.1663768606328802e-02
1                                     -4.6304017236595030e-01
2                                     -9.1035977772901955e-01
3                                      2.4525666341107306e+00
4                                      4.0877376235711527e-01
5                                     -2.0957182942186314e-01
6                                     -7.5482649040192218e-01
7                                     -1.8872145344685265e-01
8                                     -1.9438431410342361e-01
9                                      6.4165526910307857e-01
10                                    -7.1989008311185287e-01
11                                    -1.9256563637297699e+00
12                                    -3.6868439988681967e-01
13                                     8.7903978093942747e-01
14                                    -4.8983265615853178e-01
15                                    -1.9873232874287350e-01
16                                    -6.0832144085234052e-01
17                                    -6.7833124250053167e-01
18                                     1.1219702003667731e-01
19                                     2.5668272669892278e-01
20                                     5.4520882850131913e-01
21                                     5.4477625983889288e-01
22                                     2.4333798136263662e-01
23                                     2.5602843231740646e-01
24                                     2.2413004283784288e-01
25                                     2.1594109086748026e-01
26                                     2.1851920070339514e-01
27                                     2.2494418789176929e-01
28                                     2.5175831051871378e-01
29                                     2.6645679297427449e-01
   &VA [&Type "ArrayOfDoubles", &Dim (30,1)] "Mayer's total valence"
                                                         0

0                                      2.0148065000910713e+00
1                                      2.8852148644664597e+00
2                                      3.1406170628823369e+00
3                                     -2.0319448175787826e+00
4                                     -5.2322418929467318e-02
5                                      9.2047360282942936e-01
6                                      3.7448435321009894e+00
7                                      1.9254184587930041e+00
8                                      2.0319544041413802e+00
9                                      1.6086260237218624e+00
10                                     5.3835726221882316e+00
11                                    -1.6202854459680243e+00
12                                     2.2971121802465229e+00
13                                     2.8751587063923836e+00
14                                     1.7305145080546827e+00
15                                     3.1443641310905357e+00
16                                     3.3261731008239543e+00
17                                     3.2431727882952819e+00
18                                     2.5726384005145748e+00
19                                     8.9843167183422712e-01
20                                     6.5732536940460573e-01
21                                     6.6095445601566183e-01
22                                     8.9418702812722062e-01
23                                     8.8741401804491438e-01
24                                     9.0246231992516757e-01
25                                     9.0384821951705141e-01
26                                     9.0271312190391062e-01
27                                     9.0121156383077250e-01
28                                     8.8888364814843435e-01
29                                     8.8101290009990307e-01
   &BVA [&Type "ArrayOfDoubles", &Dim (30,1)] "Mayer's bonded valence"
                                                         0

0                                      2.0148065000910229e+00
1                                      2.8852148644662865e+00
2                                      3.1406170628822085e+00
3                                     -2.0319448175764139e+00
4                                     -5.2322418928156367e-02
5                                      9.2047360282644641e-01
6                                      3.7448435321009459e+00
7                                      1.9254184587930006e+00
8                                      2.0319544041413575e+00
9                                      1.6086260237231791e+00
10                                     5.3835726221878115e+00
11                                    -1.6202854459729128e+00
12                                     2.2971121802463355e+00
13                                     2.8751587063928650e+00
14                                     1.7305145080548279e+00
15                                     3.1443641310905353e+00
16                                     3.3261731008240254e+00
17                                     3.2431727882953787e+00
18                                     2.5726384005148821e+00
19                                     8.9843167183408190e-01
20                                     6.5732536940459840e-01
21                                     6.6095445601567160e-01
22                                     8.9418702812725259e-01
23                                     8.8741401804493525e-01
24                                     9.0246231992520753e-01
25                                     9.0384821951703531e-01
26                                     9.0271312190389486e-01
27                                     9.0121156383078815e-01
28                                     8.8888364814845378e-01
29                                     8.8101290009992894e-01
   &FA [&Type "ArrayOfDoubles", &Dim (30,1)] "Mayer's free valence"
                                                         0

0                                      0.0000000000000000e+00
1                                      0.0000000000000000e+00
2                                      0.0000000000000000e+00
3                                     -2.3687718453402340e-12
4                                     -1.3109513474773848e-12
5                                      2.9829472225628706e-12
6                                      0.0000000000000000e+00
7                                      0.0000000000000000e+00
8                                      0.0000000000000000e+00
9                                     -1.3167245072054357e-12
10                                     0.0000000000000000e+00
11                                     4.8885340220294893e-12
12                                     0.0000000000000000e+00
13                                     0.0000000000000000e+00
14                                     0.0000000000000000e+00
15                                     0.0000000000000000e+00
16                                     0.0000000000000000e+00
17                                     0.0000000000000000e+00
18                                     0.0000000000000000e+00
19                                     0.0000000000000000e+00
20                                     0.0000000000000000e+00
21                                     0.0000000000000000e+00
22                                     0.0000000000000000e+00
23                                     0.0000000000000000e+00
24                                     0.0000000000000000e+00
25                                     0.0000000000000000e+00
26                                     0.0000000000000000e+00
27                                     0.0000000000000000e+00
28                                     0.0000000000000000e+00
29                                     0.0000000000000000e+00
   &Method [&Type "String"] "SCF"
   &Level [&Type "String"] "Relaxed density"
   &Mult [&Type "Integer"] 1
   &State [&Type "Integer"] -1
   &Irrep [&Type "Integer"] 0
$End
$SCF_Energy
   &GeometryIndex 1
   &Method [&Type "String"] "SCF"
   &totalEnergy [&Type "ArrayOfDoubles", &Dim (1,1)] "Total energy of each state"
                                                         0

0                                     -9.2838878650271545e+02
   &Mult [&Type "ArrayOfIntegers", &Dim (1,1)] "Multiplicity of each state"
                                                         0

0                                                        1
$End
$DFT_Energy
   &GeometryIndex 1
   &nAlphaEl [&Type "Integer"] 68
   &nBetaEl [&Type "Integer"] 68
   &nTotalEl [&Type "Integer"] 136
   &finalEn [&Type "Double"]      -9.2838878650271545e+02  "No Van der Waals correction"
   &eExchange [&Type "Double"]       0.0000000000000000e+00
   &eCorr [&Type "Double"]       0.0000000000000000e+00
   &eXC [&Type "Double"]      -9.0523706033532221e+01
   &eCNL [&Type "Double"]       0.0000000000000000e+00
$End
$Solvation_Details
   &GeometryIndex 1
   &Solvent [&Type "String"] "WATER"
   &Epsilon [&Type "Double"]       8.0150999999999996e+01
   &Refrac [&Type "Double"]       1.3328000000000000e+00
   &RSolv [&Type "Double"]       1.3000000000000000e+00
   &SurfaceType [&Type "String"] "GAUSSIAN VDW"
   &CPCMDielEnergy [&Type "Double"]      -5.9917713999999997e-02
   &NPoints [&Type "Integer"] 2577
   &SurfaceArea [&Type "Double"]       9.9735887576699997e+02
$End
$SCF_Timings
   &GeometryIndex 1
   &TOTAL [&Type "Double"]       1.3325772499999999e+02
   &PREP [&Type "Double"]       8.3587400000000001e-01
   &FOCK [&Type "Double"]       1.2691416700000001e+02
   &DENS [&Type "Double"]       1.1344299999998952e-01
   &ETOT [&Type "Double"]       7.1192000000024791e-02
   &POP [&Type "Double"]       3.7031999999982190e-02
   &TRAFO [&Type "Double"]       7.2781000000015084e-02
   &DIIS [&Type "Double"]       3.9407899999999607e-01
   &SOSCF [&Type "Double"]       3.5691800000001095e-01
   &XC [&Type "Double"]       9.5114900000000144e+00
   &FOCKSTART [&Type "Double"]       1.3221000000003147e-02
   &SOLV [&Type "Double"]       7.5471749999999922e+00
   &SOLV_INIT [&Type "Double"]       1.9148599999999993e-01
   &INT_PREP [&Type "Double"]       7.9999999815782985e-06
   &INT_BF [&Type "Double"]       1.6758520000000345e+00
   &INT_DENS [&Type "Double"]       2.6909829999999619e+00
   &INT_DENSIO [&Type "Double"]       3.6192403006600030e+05
   &INT_FUNC [&Type "Double"]       3.9017999999987651e-01
   &INT_POT [&Type "Double"]       3.3787580000002677e+00
   &INT_POTIO [&Type "Double"]       4.4293999999430511e-02
   &INT_SUM [&Type "Double"]       9.2499999998629789e-04
   &SPLITRIJ [&Type "Double"]       5.5133710000000384e+00
   &COSX [&Type "Double"]       1.0936766100000000e+02
   &FROZCORE [&Type "Double"]       6.2479999999993652e-03
$End
$CIS_Absorption_Spectrum
   &GeometryIndex 1
   &Method [&Type "Integer"] 20
   &RelCorrection [&Type "Integer"] 1 "Type of relativistic treatment in QDPT. 0->Unknow, 1->None, 2->SOC, 3->SSC, 4->SOC/SSC"
   &DensType [&Type "Integer"] 3 "Type of density (electron/spin ...). 0->Unknow, 1->Electronic, 2->Spin, 3->Trans/Electronic, 4->Tran/Spin"
   &DeriType [&Type "Integer"] 0 "Type of derivative (w.r.t. to what perturbation). 0->Unknown, 1->No Derivative, 2->Electric/Dipole, 3->Electric/Quad, 4->Magnetic/Dipole, 5->Magnetic/Quad"
   &DensLevel [&Type "Integer"] 0 "// Source of density: relaxed, unrelaxed, ... 0->Unknown, 1->Linearized, 2->Unrelaxed, 3->Relaxed"
   &Density_name [&Type "String"] "Tdens-CIS"
   &Representation [&Type "String"] "Length" "Possible values: Unknown,  Length, Velocity"
   &PointGroup [&Type "String"] "C1"
   &DoHigherMoments [&Type "Boolean"] false
   &NTrans [&Type "Integer"] 8
   &ExcitationEnergies [&Type "ArrayOfDoubles", &Dim (8,11)] 
                                                         0                           1                           2                           3                           4                           5                           6                           7

0                                      1.1692943474637207e+00         9.4309959213673446e+03         1.0603334031078828e+03         2.8191663750879219e-02         9.8409887896023296e-01         9.5529386660797655e-01         0.0000000000000000e+00        -2.5919555325421284e-01
1                                      1.1899999324881632e+00         9.5979977445939803e+03         1.0418839706054780e+03         2.4674251759397151e-02         8.4632844053513301e-01        -8.6436726345329928e-01         0.0000000000000000e+00         2.1569101771675211e-01
2                                      2.2666431069185791e+00         1.8281711480870537e+04         5.4699473900262103e+02         7.9383109828040090e-04         1.4295088387018189e-02        -1.0053625743742580e-02         0.0000000000000000e+00         8.9237179120925755e-02
3                                      2.9877473364386047e+00         2.4097809935665391e+04         4.1497546983303812e+02         1.6358973806016253e-01         2.2348792826471970e+00        -7.5799574170005890e-01         0.0000000000000000e+00         1.2870046877022294e+00
4                                      3.1165850794396834e+00         2.5136956521293650e+04         3.9782063479041091e+02         5.4249059925166798e-01         7.1048532179587740e+00        -1.3228115842206503e+00         0.0000000000000000e+00         2.2841235926024770e+00
5                                      3.4171653194744525e+00         2.7561299907508022e+04         3.6282758917607805e+02         7.6366466789230614e-03         9.1217588809460168e-02         1.9036095151798066e-01         0.0000000000000000e+00        -2.3310758302394838e-01
6                                      3.5286413502011675e+00         2.8460414825316595e+04         3.5136522293781286e+02         5.7303686044015867e-02         6.6285253292519319e-01        -5.4957414643050895e-01         0.0000000000000000e+00         5.8612410777258828e-01
7                                      4.1165422173917525e+00         3.3202155596294499e+04         3.0118526404099021e+02         4.4373657185465076e-01         4.3998161616045897e+00        -2.0571178918139896e+00         0.0000000000000000e+00         2.8020173284805894e-01
                                                         8                           9                          10

0                                      0.0000000000000000e+00        -6.5804046643477235e-02         0.0000000000000000e+00
1                                      0.0000000000000000e+00         2.2951047749873965e-01         0.0000000000000000e+00
2                                      0.0000000000000000e+00         7.8935029353023989e-02         0.0000000000000000e+00
3                                      0.0000000000000000e+00         6.2774772355315270e-02         0.0000000000000000e+00
4                                      0.0000000000000000e+00         3.7121711211524377e-01         0.0000000000000000e+00
5                                      0.0000000000000000e+00         2.5320973191451383e-02         0.0000000000000000e+00
6                                      0.0000000000000000e+00         1.3145083030608032e-01         0.0000000000000000e+00
7                                      0.0000000000000000e+00         2.9928102126981077e-01         0.0000000000000000e+00
   &States [&Type "ArrayOfIntegers", &Dim (8,4)] "The initial and Final states. Col1: Initial State  Col2: Initial Irrep Col3: Final State Col4: Final Irrep"
                                                         0                           1                           2                           3

0                                                        0                           0                           1                           0
1                                                        0                           0                           2                           0
2                                                        0                           0                           3                           0
3                                                        0                           0                           4                           0
4                                                        0                           0                           5                           0
5                                                        0                           0                           6                           0
6                                                        0                           0                           7                           0
7                                                        0                           0                           8                           0
   &Multiplicities [&Type "ArrayOfDoubles", &Dim (8,2)] "Col1: Multiplicity of the initial state  Col2: Multiplicity of the final state"
                                                         0                           1

0                                      1.0000000000000000e+00         1.0000000000000000e+00
1                                      1.0000000000000000e+00         1.0000000000000000e+00
2                                      1.0000000000000000e+00         1.0000000000000000e+00
3                                      1.0000000000000000e+00         1.0000000000000000e+00
4                                      1.0000000000000000e+00         1.0000000000000000e+00
5                                      1.0000000000000000e+00         1.0000000000000000e+00
6                                      1.0000000000000000e+00         1.0000000000000000e+00
7                                      1.0000000000000000e+00         1.0000000000000000e+00
   &Temperature [&Type "Double"]       2.9814999999999998e+02
$End
$CIS_Absorption_Spectrum
   &GeometryIndex 1
   &Method [&Type "Integer"] 20
   &RelCorrection [&Type "Integer"] 1 "Type of relativistic treatment in QDPT. 0->Unknow, 1->None, 2->SOC, 3->SSC, 4->SOC/SSC"
   &DensType [&Type "Integer"] 3 "Type of density (electron/spin ...). 0->Unknow, 1->Electronic, 2->Spin, 3->Trans/Electronic, 4->Tran/Spin"
   &DeriType [&Type "Integer"] 0 "Type of derivative (w.r.t. to what perturbation). 0->Unknown, 1->No Derivative, 2->Electric/Dipole, 3->Electric/Quad, 4->Magnetic/Dipole, 5->Magnetic/Quad"
   &DensLevel [&Type "Integer"] 0 "// Source of density: relaxed, unrelaxed, ... 0->Unknown, 1->Linearized, 2->Unrelaxed, 3->Relaxed"
   &Density_name [&Type "String"] "Tdens-CIS"
   &Representation [&Type "String"] "Velocity" "Possible values: Unknown,  Length, Velocity"
   &PointGroup [&Type "String"] "C1"
   &DoHigherMoments [&Type "Boolean"] false
   &NTrans [&Type "Integer"] 8
   &ExcitationEnergies [&Type "ArrayOfDoubles", &Dim (8,11)] 
                                                         0                           1                           2                           3                           4                           5                           6                           7

0                                      1.1692943474637207e+00         9.4309959213673446e+03         1.0603334031078828e+03         5.4980746097082110e-02         3.5438482501402046e-03         5.1832194646614510e-02         0.0000000000000000e+00         2.7150388762499558e-02
1                                      1.1899999324881632e+00         9.5979977445939803e+03         1.0418839706054780e+03         4.8879316550373850e-02         3.2063630801114898e-03        -4.3944637784038620e-02         0.0000000000000000e+00        -2.8105109855688530e-02
2                                      2.2666431069185791e+00         1.8281711480870537e+04         5.4699473900262103e+02         5.7693033641497446e-04         7.2085374215514098e-05         1.5605574550541525e-03         0.0000000000000000e+00         4.8105887054515810e-03
3                                      2.9877473364386047e+00         2.4097809935665391e+04         4.1497546983303812e+02         3.6054263008972304e-03         5.9380127806538086e-04         5.5566066110410272e-03         0.0000000000000000e+00         1.4723787813725197e-02
4                                      3.1165850794396834e+00         2.5136956521293650e+04         3.9782063479041091e+02         2.7651420071439061e-03         4.7504753040210725e-04         1.5172947246380882e-02         0.0000000000000000e+00         1.3212878329246664e-02
5                                      3.4171653194744525e+00         2.7561299907508022e+04         3.6282758917607805e+02         4.0558591054462931e-04         7.6399319020688323e-05        -5.7529401431589923e-03         0.0000000000000000e+00         1.4557261883390603e-03
6                                      3.5286413502011675e+00         2.8460414825316595e+04         3.5136522293781286e+02         9.0359214792492121e-03         1.7576022707200733e-03         3.9922279488590715e-02         0.0000000000000000e+00        -9.0816035534213510e-03
7                                      4.1165422173917525e+00         3.3202155596294499e+04         3.0118526404099021e+02         6.6428452175624098e-02         1.5073959515245315e-02         1.1781633216234573e-01         0.0000000000000000e+00        -2.8585898713210413e-02
                                                         8                           9                          10

0                                      0.0000000000000000e+00         1.0960302838006282e-02         0.0000000000000000e+00
1                                      0.0000000000000000e+00         2.2030312983269532e-02         0.0000000000000000e+00
2                                      0.0000000000000000e+00         6.8196972771502615e-03         0.0000000000000000e+00
3                                      0.0000000000000000e+00        -1.8604716430301038e-02         0.0000000000000000e+00
4                                      0.0000000000000000e+00        -8.3814705462212299e-03         0.0000000000000000e+00
5                                      0.0000000000000000e+00         6.4174652312655300e-03         0.0000000000000000e+00
6                                      0.0000000000000000e+00        -9.0187775254414251e-03         0.0000000000000000e+00
7                                      0.0000000000000000e+00        -1.9393756361654361e-02         0.0000000000000000e+00
   &States [&Type "ArrayOfIntegers", &Dim (8,4)] "The initial and Final states. Col1: Initial State  Col2: Initial Irrep Col3: Final State Col4: Final Irrep"
                                                         0                           1                           2                           3

0                                                        0                           0                           1                           0
1                                                        0                           0                           2                           0
2                                                        0                           0                           3                           0
3                                                        0                           0                           4                           0
4                                                        0                           0                           5                           0
5                                                        0                           0                           6                           0
6                                                        0                           0                           7                           0
7                                                        0                           0                           8                           0
   &Multiplicities [&Type "ArrayOfDoubles", &Dim (8,2)] "Col1: Multiplicity of the initial state  Col2: Multiplicity of the final state"
                                                         0                           1

0                                      1.0000000000000000e+00         1.0000000000000000e+00
1                                      1.0000000000000000e+00         1.0000000000000000e+00
2                                      1.0000000000000000e+00         1.0000000000000000e+00
3                                      1.0000000000000000e+00         1.0000000000000000e+00
4                                      1.0000000000000000e+00         1.0000000000000000e+00
5                                      1.0000000000000000e+00         1.0000000000000000e+00
6                                      1.0000000000000000e+00         1.0000000000000000e+00
7                                      1.0000000000000000e+00         1.0000000000000000e+00
   &Temperature [&Type "Double"]       2.9814999999999998e+02
$End
$CIS_ECD_Spectrum
   &GeometryIndex 1
   &Method [&Type "Integer"] 20
   &RelCorrection [&Type "Integer"] 1 "Type of relativistic treatment in QDPT. 0->Unknow, 1->None, 2->SOC, 3->SSC, 4->SOC/SSC"
   &DensType [&Type "Integer"] 3 "Type of density (electron/spin ...). 0->Unknow, 1->Electronic, 2->Spin, 3->Trans/Electronic, 4->Tran/Spin"
   &DeriType [&Type "Integer"] 0 "Type of derivative (w.r.t. to what perturbation). 0->Unknown, 1->No Derivative, 2->Electric/Dipole, 3->Electric/Quad, 4->Magnetic/Dipole, 5->Magnetic/Quad"
   &DensLevel [&Type "Integer"] 0 "// Source of density: relaxed, unrelaxed, ... 0->Unknown, 1->Linearized, 2->Unrelaxed, 3->Relaxed"
   &Density_name [&Type "String"] "Tdens-CIS"
   &Representation [&Type "String"] "Length" "Possible values: Unknown,  Length, Velocity"
   &PointGroup [&Type "String"] "C1"
   &DoHigherMoments [&Type "Boolean"] false
   &NTrans [&Type "Integer"] 8
   &ExcitationEnergies [&Type "ArrayOfDoubles", &Dim (8,10)] 
                                                         0                           1                           2                           3                           4                           5                           6                           7

0                                      1.1692943474637207e+00         9.4309959213673446e+03         1.0603334031078828e+03         1.0720319262229339e+02        -1.9144271077637556e-01         0.0000000000000000e+00         5.0628062802645125e-02         0.0000000000000000e+00
1                                      1.1899999324881632e+00         9.5979977445939803e+03         1.0418839706054780e+03        -1.0733914723733669e+02        -3.4043801818181940e-01         0.0000000000000000e+00         7.2933685199944448e-02         0.0000000000000000e+00
2                                      2.2666431069185791e+00         1.8281711480870537e+04         5.4699473900262103e+02        -3.7242784754640237e+00        -2.8265355874794995e-01         0.0000000000000000e+00         3.0532003881212902e-03         0.0000000000000000e+00
3                                      2.9877473364386047e+00         2.4097809935665391e+04         4.1497546983303812e+02         9.6739451256147689e+01         1.4097721290613738e-01         0.0000000000000000e+00        -7.9635884735526144e-02         0.0000000000000000e+00
4                                      3.1165850794396834e+00         2.5136956521293650e+04         3.9782063479041091e+02        -8.7643750047117138e+01        -7.6436200737992510e-02         0.0000000000000000e+00         2.2126663108667000e-02         0.0000000000000000e+00
5                                      3.4171653194744525e+00         2.7561299907508022e+04         3.6282758917607805e+02        -4.5441001386391029e+01         2.9092365237584816e-01         0.0000000000000000e+00        -1.8719618661326370e-01         0.0000000000000000e+00
6                                      3.5286413502011675e+00         2.8460414825316595e+04         3.5136522293781286e+02         1.0859047644013772e+01         6.4722207865923614e-02         0.0000000000000000e+00        -3.6269285440642528e-02         0.0000000000000000e+00
7                                      4.1165422173917525e+00         3.3202155596294499e+04         3.0118526404099021e+02        -4.4257643179921104e+01        -4.3048919882796570e-02         0.0000000000000000e+00         1.4023596195599322e-02         0.0000000000000000e+00
                                                         8                           9

0                                      4.7692308878913142e-01         0.0000000000000000e+00
1                                     -3.5865969777940832e-01         0.0000000000000000e+00
2                                      6.0625345153228517e-02         0.0000000000000000e+00
3                                      6.6214123146109721e-02         0.0000000000000000e+00
4                                      9.2268301520707308e-02         0.0000000000000000e+00
5                                     -1.0393973319013561e-01         0.0000000000000000e+00
6                                      2.5708995161869724e-01         0.0000000000000000e+00
7                                      4.6422020083775450e-03         0.0000000000000000e+00
   &States [&Type "ArrayOfIntegers", &Dim (8,4)] "The initial and Final states. Col1: Initial State  Col2: Initial Irrep Col3: Final State Col4: Final Irrep"
                                                         0                           1                           2                           3

0                                                        0                           0                           1                           0
1                                                        0                           0                           2                           0
2                                                        0                           0                           3                           0
3                                                        0                           0                           4                           0
4                                                        0                           0                           5                           0
5                                                        0                           0                           6                           0
6                                                        0                           0                           7                           0
7                                                        0                           0                           8                           0
   &Multiplicities [&Type "ArrayOfDoubles", &Dim (8,2)] "Col1: Multiplicity of the initial state  Col2: Multiplicity of the final state"
                                                         0                           1

0                                      1.0000000000000000e+00         1.0000000000000000e+00
1                                      1.0000000000000000e+00         1.0000000000000000e+00
2                                      1.0000000000000000e+00         1.0000000000000000e+00
3                                      1.0000000000000000e+00         1.0000000000000000e+00
4                                      1.0000000000000000e+00         1.0000000000000000e+00
5                                      1.0000000000000000e+00         1.0000000000000000e+00
6                                      1.0000000000000000e+00         1.0000000000000000e+00
7                                      1.0000000000000000e+00         1.0000000000000000e+00
   &Temperature [&Type "Double"]       2.9814999999999998e+02
$End
$CIS_ECD_Spectrum
   &GeometryIndex 1
   &Method [&Type "Integer"] 20
   &RelCorrection [&Type "Integer"] 1 "Type of relativistic treatment in QDPT. 0->Unknow, 1->None, 2->SOC, 3->SSC, 4->SOC/SSC"
   &DensType [&Type "Integer"] 3 "Type of density (electron/spin ...). 0->Unknow, 1->Electronic, 2->Spin, 3->Trans/Electronic, 4->Tran/Spin"
   &DeriType [&Type "Integer"] 0 "Type of derivative (w.r.t. to what perturbation). 0->Unknown, 1->No Derivative, 2->Electric/Dipole, 3->Electric/Quad, 4->Magnetic/Dipole, 5->Magnetic/Quad"
   &DensLevel [&Type "Integer"] 0 "// Source of density: relaxed, unrelaxed, ... 0->Unknown, 1->Linearized, 2->Unrelaxed, 3->Relaxed"
   &Density_name [&Type "String"] "Tdens-CIS"
   &Representation [&Type "String"] "Velocity" "Possible values: Unknown,  Length, Velocity"
   &PointGroup [&Type "String"] "C1"
   &DoHigherMoments [&Type "Boolean"] false
   &NTrans [&Type "Integer"] 8
   &ExcitationEnergies [&Type "ArrayOfDoubles", &Dim (8,10)] 
                                                         0                           1                           2                           3                           4                           5                           6                           7

0                                      1.1692943474637207e+00         9.4309959213673446e+03         1.0603334031078828e+03        -3.6437223933445047e+01        -1.9144271077637556e-01         0.0000000000000000e+00         5.0628062802645125e-02         0.0000000000000000e+00
1                                      1.1899999324881632e+00         9.5979977445939803e+03         1.0418839706054780e+03         5.4002133555340997e+01        -3.4043801818181940e-01         0.0000000000000000e+00         7.2933685199944448e-02         0.0000000000000000e+00
2                                      2.2666431069185791e+00         1.8281711480870537e+04         5.4699473900262103e+02        -7.3368004149542101e-02        -2.8265355874794995e-01         0.0000000000000000e+00         3.0532003881212902e-03         0.0000000000000000e+00
3                                      2.9877473364386047e+00         2.4097809935665391e+04         4.1497546983303812e+02        -6.9606198526872980e+00         1.4097721290613738e-01         0.0000000000000000e+00        -7.9635884735526144e-02         0.0000000000000000e+00
4                                      3.1165850794396834e+00         2.5136956521293650e+04         3.9782063479041091e+02        -6.7538301133586582e+00        -7.6436200737992510e-02         0.0000000000000000e+00         2.2126663108667000e-02         0.0000000000000000e+00
5                                      3.4171653194744525e+00         2.7561299907508022e+04         3.6282758917607805e+02        -9.8105616206930257e+00         2.9092365237584816e-01         0.0000000000000000e+00        -1.8719618661326370e-01         0.0000000000000000e+00
6                                      3.5286413502011675e+00         2.8460414825316595e+04         3.5136522293781286e+02         2.1617592068778397e+00         6.4722207865923614e-02         0.0000000000000000e+00        -3.6269285440642528e-02         0.0000000000000000e+00
7                                      4.1165422173917525e+00         3.3202155596294499e+04         3.0118526404099021e+02        -1.7335866559204636e+01        -4.3048919882796570e-02         0.0000000000000000e+00         1.4023596195599322e-02         0.0000000000000000e+00
                                                         8                           9

0                                      4.7692308878913142e-01         0.0000000000000000e+00
1                                     -3.5865969777940832e-01         0.0000000000000000e+00
2                                      6.0625345153228517e-02         0.0000000000000000e+00
3                                      6.6214123146109721e-02         0.0000000000000000e+00
4                                      9.2268301520707308e-02         0.0000000000000000e+00
5                                     -1.0393973319013561e-01         0.0000000000000000e+00
6                                      2.5708995161869724e-01         0.0000000000000000e+00
7                                      4.6422020083775450e-03         0.0000000000000000e+00
   &States [&Type "ArrayOfIntegers", &Dim (8,4)] "The initial and Final states. Col1: Initial State  Col2: Initial Irrep Col3: Final State Col4: Final Irrep"
                                                         0                           1                           2                           3

0                                                        0                           0                           1                           0
1                                                        0                           0                           2                           0
2                                                        0                           0                           3                           0
3                                                        0                           0                           4                           0
4                                                        0                           0                           5                           0
5                                                        0                           0                           6                           0
6                                                        0                           0                           7                           0
7                                                        0                           0                           8                           0
   &Multiplicities [&Type "ArrayOfDoubles", &Dim (8,2)] "Col1: Multiplicity of the initial state  Col2: Multiplicity of the final state"
                                                         0                           1

0                                      1.0000000000000000e+00         1.0000000000000000e+00
1                                      1.0000000000000000e+00         1.0000000000000000e+00
2                                      1.0000000000000000e+00         1.0000000000000000e+00
3                                      1.0000000000000000e+00         1.0000000000000000e+00
4                                      1.0000000000000000e+00         1.0000000000000000e+00
5                                      1.0000000000000000e+00         1.0000000000000000e+00
6                                      1.0000000000000000e+00         1.0000000000000000e+00
7                                      1.0000000000000000e+00         1.0000000000000000e+00
   &Temperature [&Type "Double"]       2.9814999999999998e+02
$End
$CIS_Energies
   &GeometryIndex 1
   &e0 [&Type "Double"]      -9.2838878650271545e+02  "Ground state energy"
   &multP1 [&Type "Boolean"] false "Do the higher multiplicity too?"
   &mode [&Type "String"] "TDA" "CIS mode: CIS, RPA, TDA, TD-DFT, sTDA, sTD-DFT"
   &dCorr [&Type "Integer"] 0 "(D) Correction algorithm"
   &Method [&Type "String"] "TDA/CIS"
   &totalEnergy [&Type "ArrayOfDoubles", &Dim (8,1)] "Total energy of each state"
                                                         0

0                                     -9.2834581572352806e+02
1                                     -9.2834505480723362e+02
2                                     -9.2830548889621014e+02
3                                     -9.2827898880178566e+02
4                                     -9.2827425410156457e+02
5                                     -9.2826320798032862e+02
6                                     -9.2825911131133205e+02
7                                     -9.2823750635069678e+02
   &Mult [&Type "ArrayOfIntegers", &Dim (8,1)] "Multiplicity of each state"
                                                         0

0                                                        1
1                                                        1
2                                                        1
3                                                        1
4                                                        1
5                                                        1
6                                                        1
7                                                        1
   &RelCorr [&Type "String"] "None" "Relativistic correction (SOC and/or SSC)"
   &NBlocks [&Type "Integer"] 1 "Number of multiplicity blocks"
   &NRoots [&Type "ArrayOfIntegers", &Dim (1,1)] "Number of roots in each block"
                                                         0

0                                                        8
   &NTotalRoots [&Type "Integer"] 8 "Total number of roots"
   &Block [&Type "ArrayOfIntegers", &Dim (8,1)] "Block index of each state"
                                                         0

0                                                        0
1                                                        0
2                                                        0
3                                                        0
4                                                        0
5                                                        0
6                                                        0
7                                                        0
   &Root [&Type "ArrayOfIntegers", &Dim (8,1)] "Root index within the block"
                                                         0

0                                                        0
1                                                        1
2                                                        2
3                                                        3
4                                                        4
5                                                        5
6                                                        6
7                                                        7
$End
$Single_Point_Data
   &GeometryIndex 1
   &FinalEnergy [&Type "Double"]      -9.2834581572352806e+02  "Final single point energy"
   &Converged [&Type "Boolean"] true
$End
$Calculation_Info
   &GeometryIndex 1
   &Mult [&Type "Integer"] 1
   &Charge [&Type "Integer"] 0
   &NumOfAtoms [&Type "Integer"] 30
   &NumOfElectrons [&Type "Integer"] 136
   &NumOfBasisFuncts [&Type "Integer"] 364
   &NumOfAuxCBasisFuncts [&Type "Integer"] 0
   &NumOfAuxJBasisFuncts [&Type "Integer"] 1052
   &NumOfAuxJKBasisFuncts [&Type "Integer"] 0
   &NumOfCABSBasisFuncts [&Type "Integer"] 0
$End
$SCF_Dipole_Moment
   &GeometryIndex 1
   &dipoleMagnitude [&Type "Double", &Units "a.u."]       6.7834012969965203e+00
   &dipoleElecContrib [&Type "ArrayOfDoubles", &Dim (3,1)] "Electronic contribution"
                                                         0

0                                      1.9740141198468553e+01
1                                      1.5384817919556493e+00
2                                     -1.9881442398081863e+00
   &dipoleNucContrib [&Type "ArrayOfDoubles", &Dim (3,1)] "Nuclear contribution"
                                                         0

0                                     -2.4661836144674751e+01
1                                      2.5985749316946460e+00
2                                      4.1505997140046658e+00
   &dipoleTotal [&Type "ArrayOfDoubles", &Dim (3,1)] "Total"
                                                         0

0                                     -4.9216949462061983e+00
1                                      4.1370567236502955e+00
2                                      2.1624554741964794e+00
   &doAtomicDipole [&Type "Boolean"] false
   &Method [&Type "String"] "SCF"
   &Level [&Type "String"] "Relaxed density"
   &Mult [&Type "Integer"] 1
   &State [&Type "Integer"] -1
   &Irrep [&Type "Integer"] 0
$End
$Calculation_Timings
   &GeometryIndex 1
   &GTOINT [&Type "Double"]       3.4410470000000002e+00
   &SCF [&Type "Double"]       1.3741252900000001e+02
   &CIS [&Type "Double"]       5.5502132000000017e+01
   &PROPINT [&Type "Double"]       1.6022269999999992e+00
   &PROP [&Type "Double"]       1.4983729999999866e+00
   &SUM [&Type "Double"]       1.9945630800000001e+02
$End
