*************************************************
******************* ORCA 6.1.1 ******************
*************************************************
$Calculation_Status
   &GeometryIndex 1
   &version [&Type "String"] "6.1.1"
   &progName [&Type "String"] "ProgCIS"
   &Status [&Type "String"] "NORMAL TERMINATION"
$End
$Geometry
   &GeometryIndex 1
   &NAtoms [&Type "Integer"] 41
   &NCorelessECP [&Type "Integer"] 0
   &NGhostAtoms [&Type "Integer"] 0
   &CartesianCoordinates [&Type "Coordinates", &Dim(41,4), &Units "Bohr"] 
              O     -5.315865833146  -10.469696572463   -0.929350339383
              N     -3.886398164826   -9.280551986746   -2.327914124149
              C     -2.905781544812   -7.005201927991   -1.296468387000
              C     -1.257034860866   -5.625130709053   -2.839361901103
              C     -0.172464435769   -3.392470176334   -1.999207252909
              C     -0.723395436374   -2.453283989056    0.447626553258
              C     -2.453465588540   -3.840073022052    1.968472064466
              C     -3.503137037023   -6.070357703735    1.117018406278
              N      0.382296779375   -0.233428612891    1.331965464125
              C      1.913456597959    1.358195922945   -0.320894391352
              C      4.671976438711    0.456019670667   -0.465480759368
              O      6.236095886113    2.209773730148   -1.877390996631
              S      5.954624208632    2.144091447656   -4.981794889637
              O      4.244055285339    4.156013007630   -5.774454375140
              O      5.486189445873   -0.469571742614   -5.762821719646
              C      9.147826120629    3.031005362424   -5.708723363992
              C      0.449785532676    0.409299678039    4.009882937597
              C     -1.258572859208    2.614265271226    4.778190468603
              O     -3.897962300295    2.058008736854    4.357029057889
              S     -5.296822774114    3.257937614189    1.824376356956
              O     -6.168384000421    1.175510660374    0.254108021192
              O     -3.682029650001    5.251198738163    0.788862990917
              C     -7.976629314828    4.648939856163    3.380742057339
              H     -0.823798583285   -6.357411922069   -4.707925101598
              H      1.120155386086   -2.409308372699   -3.246019253754
              H     -3.050278661696   -3.097997679174    3.780095340638
              H     -4.832783234126   -7.126594558498    2.267522526381
              H      1.061532150482    1.431111518906   -2.200448953524
              H      1.875890834453    3.298788443274    0.392648121752
              H      4.821467359856   -1.426312180534   -1.300487556439
              H      5.542420462466    0.422596338059    1.407929451960
              H     10.420561628638    1.559723025362   -5.027072116235
              H      9.263980231650    3.208296659328   -7.762160646821
              H      9.544965643104    4.842276710100   -4.805927683532
              H     -0.004902789179   -1.259180577371    5.133015788558
              H      2.387987826631    0.951568606017    4.538031899195
              H     -0.760035374932    4.347461966527    3.771153089468
              H     -1.077805853300    2.949626589762    6.812921351066
              H     -8.966847747250    3.168830362425    4.421021331598
              H     -7.318342276160    6.138066589903    4.645959317099
              H     -9.192529422935    5.427965208242    1.905331178081
$End
$SCF_Mulliken_Population_Analysis
   &GeometryIndex 1
   &NAtoms [&Type "Integer"] 41
   &ATNO [&Type "ArrayOfIntegers", &Dim (41,1)] 
                                                         0

0                                                        8
1                                                        7
2                                                        6
3                                                        6
4                                                        6
5                                                        6
6                                                        6
7                                                        6
8                                                        7
9                                                        6
10                                                       6
11                                                       8
12                                                      16
13                                                       8
14                                                       8
15                                                       6
16                                                       6
17                                                       6
18                                                       8
19                                                      16
20                                                       8
21                                                       8
22                                                       6
23                                                       1
24                                                       1
25                                                       1
26                                                       1
27                                                       1
28                                                       1
29                                                       1
30                                                       1
31                                                       1
32                                                       1
33                                                       1
34                                                       1
35                                                       1
36                                                       1
37                                                       1
38                                                       1
39                                                       1
40                                                       1
   &AtomicCharges [&Type "ArrayOfDoubles", &Dim (41,1)] 
                                                         0

0                                     -3.7059063142229398e-01
1                                     -7.7987680053395181e-02
2                                      1.8662840328987329e-01
3                                     -1.5239771099248500e-01
4                                     -2.1674329699290240e-01
5                                      3.4761065215666775e-01
6                                     -1.9835102859495812e-01
7                                     -1.5397522767163530e-01
8                                     -4.4524117316717415e-01
9                                     -2.0527363747350957e-01
10                                    -6.8901596918228947e-02
11                                    -5.5650215140543580e-01
12                                     1.2505649295676680e+00
13                                    -5.3782650316444780e-01
14                                    -5.5400241126179317e-01
15                                    -6.5393962791182858e-01
16                                    -1.8079370759445901e-01
17                                    -7.2430026051375940e-02
18                                    -5.6039477365461288e-01
19                                     1.2576158076406614e+00
20                                    -5.2996464893117512e-01
21                                    -5.5746264262380052e-01
22                                    -6.5061926891396737e-01
23                                     1.6511950208161252e-01
24                                     1.7108363856409570e-01
25                                     1.7628458530780189e-01
26                                     1.6327269218705098e-01
27                                     2.0056654102669014e-01
28                                     1.9818844690704673e-01
29                                     1.9536132263189665e-01
30                                     2.0197106437534562e-01
31                                     2.4088706052622477e-01
32                                     2.4305112465141465e-01
33                                     2.4290061918700290e-01
34                                     1.9722913070272030e-01
35                                     1.9405039325272599e-01
36                                     2.0007396283803258e-01
37                                     1.9390988625564631e-01
38                                     2.3983879520848328e-01
39                                     2.3763958580634492e-01
40                                     2.3954960063436259e-01
   &Method [&Type "String"] "SCF"
   &Level [&Type "String"] "Relaxed density"
   &Mult [&Type "Integer"] 1
   &State [&Type "Integer"] -1
   &Irrep [&Type "Integer"] 0
$End
$SCF_Loewdin_Population_Analysis
   &GeometryIndex 1
   &NAtoms [&Type "Integer"] 41
   &ATNO [&Type "ArrayOfIntegers", &Dim (41,1)] 
                                                         0

0                                                        8
1                                                        7
2                                                        6
3                                                        6
4                                                        6
5                                                        6
6                                                        6
7                                                        6
8                                                        7
9                                                        6
10                                                       6
11                                                       8
12                                                      16
13                                                       8
14                                                       8
15                                                       6
16                                                       6
17                                                       6
18                                                       8
19                                                      16
20                                                       8
21                                                       8
22                                                       6
23                                                       1
24                                                       1
25                                                       1
26                                                       1
27                                                       1
28                                                       1
29                                                       1
30                                                       1
31                                                       1
32                                                       1
33                                                       1
34                                                       1
35                                                       1
36                                                       1
37                                                       1
38                                                       1
39                                                       1
40                                                       1
   &AtomicCharges [&Type "ArrayOfDoubles", &Dim (41,1)] 
                                                         0

0                                     -2.4504136461075454e-01
1                                     -3.3388097337621048e-03
2                                     -8.4402111988570283e-02
3                                     -9.1141008803118595e-02
4                                     -1.8017979132852258e-01
5                                      6.9639218320662444e-02
6                                     -1.5735466427952449e-01
7                                     -1.0099301736787236e-01
8                                     -6.0219040254442469e-02
9                                     -1.7901884282646296e-01
10                                    -1.0889867715156853e-01
11                                    -3.8082361640294238e-01
12                                     1.2800586466212014e+00
13                                    -5.7530594327110762e-01
14                                    -5.8108738456773601e-01
15                                    -4.9281174170334818e-01
16                                    -1.6901618744823566e-01
17                                    -1.0777768716075808e-01
18                                    -3.8593896299377484e-01
19                                     1.2820789305414486e+00
20                                    -5.6743825004280701e-01
21                                    -5.7878922818012768e-01
22                                    -4.9434875632586017e-01
23                                     1.5257306529865888e-01
24                                     1.5082628050166225e-01
25                                     1.5191273484351564e-01
26                                     1.5114288677245469e-01
27                                     1.4869214147136778e-01
28                                     1.5095637258551309e-01
29                                     1.4301559382840656e-01
30                                     1.5324258392655687e-01
31                                     1.8459004853248839e-01
32                                     1.8583795453686858e-01
33                                     1.8614071132171239e-01
34                                     1.5268593881222681e-01
35                                     1.5180878572792866e-01
36                                     1.4676665574842040e-01
37                                     1.5169806918320428e-01
38                                     1.8416740310886104e-01
39                                     1.8245357233138404e-01
40                                     1.8363749242656868e-01
   &Method [&Type "String"] "SCF"
   &Level [&Type "String"] "Relaxed density"
   &Mult [&Type "Integer"] 1
   &State [&Type "Integer"] -1
   &Irrep [&Type "Integer"] 0
$End
$SCF_Mayer_Population_Analysis
   &GeometryIndex 1
   &NAtoms [&Type "Integer"] 41 "Total number of atoms"
   &NBondOrdersPrint [&Type "Integer"] 41 "The number of bond orders larger than threshold"
   &bondThresh [&Type "Double"]       1.0000000000000001e-01  "The threshold for printing"
   &components [&Type "ArrayOfIntegers", &Dim (41,4)] "The indices and atomic numbers of the bonding atoms"
                                                         0                           1                           2                           3

0                                                        0                           8                           1                           7
1                                                        1                           7                           2                           6
2                                                        2                           6                           3                           6
3                                                        2                           6                           7                           6
4                                                        3                           6                           4                           6
5                                                        3                           6                          23                           1
6                                                        4                           6                           5                           6
7                                                        4                           6                          24                           1
8                                                        5                           6                           6                           6
9                                                        5                           6                           8                           7
10                                                       6                           6                           7                           6
11                                                       6                           6                          25                           1
12                                                       7                           6                          26                           1
13                                                       8                           7                           9                           6
14                                                       8                           7                          16                           6
15                                                       9                           6                          10                           6
16                                                       9                           6                          27                           1
17                                                       9                           6                          28                           1
18                                                      10                           6                          11                           8
19                                                      10                           6                          29                           1
20                                                      10                           6                          30                           1
21                                                      11                           8                          12                          16
22                                                      12                          16                          13                           8
23                                                      12                          16                          14                           8
24                                                      12                          16                          15                           6
25                                                      15                           6                          31                           1
26                                                      15                           6                          32                           1
27                                                      15                           6                          33                           1
28                                                      16                           6                          17                           6
29                                                      16                           6                          34                           1
30                                                      16                           6                          35                           1
31                                                      17                           6                          18                           8
32                                                      17                           6                          36                           1
33                                                      17                           6                          37                           1
34                                                      18                           8                          19                          16
35                                                      19                          16                          20                           8
36                                                      19                          16                          21                           8
37                                                      19                          16                          22                           6
38                                                      22                           6                          38                           1
39                                                      22                           6                          39                           1
40                                                      22                           6                          40                           1
   &BondOrders [&Type "ArrayOfDoubles", &Dim (41,1)] "The bond orders"
                                                         0

0                                      1.6156839184419201e+00
1                                      1.0985481400151933e+00
2                                      1.3221407729760575e+00
3                                      1.2927090183724841e+00
4                                      1.4993332672217257e+00
5                                      9.0963698243374069e-01
6                                      1.3225948067384974e+00
7                                      8.9644642311561107e-01
8                                      1.2876041670833880e+00
9                                      1.0673110778907740e+00
10                                     1.5308607434328241e+00
11                                     9.0228588189072423e-01
12                                     9.0238703296448020e-01
13                                     9.4956419748764809e-01
14                                     9.5548447980949625e-01
15                                     9.6191461931230082e-01
16                                     9.1057034151439598e-01
17                                     9.1621521157745323e-01
18                                     8.4075615963697103e-01
19                                     9.0915595319220421e-01
20                                     9.2045950322572390e-01
21                                     8.6758694752795862e-01
22                                     1.7096942446860357e+00
23                                     1.6482274713556788e+00
24                                     8.8904191587287706e-01
25                                     9.0401781568202588e-01
26                                     9.0718205931688845e-01
27                                     9.0304714833166111e-01
28                                     9.7709249766650230e-01
29                                     9.1487727007140029e-01
30                                     9.0960985664022109e-01
31                                     8.6011131497821092e-01
32                                     9.0328497884168157e-01
33                                     9.1952318941763755e-01
34                                     8.4628041263069542e-01
35                                     1.7178204900107081e+00
36                                     1.6462022942984122e+00
37                                     8.9171505208139490e-01
38                                     9.0421872865719433e-01
39                                     9.0526028440498518e-01
40                                     9.0761914677274702e-01
   &ATNO [&Type "ArrayOfIntegers", &Dim (41,1)] "Atomic number of the elements"
                                                         0

0                                                        8
1                                                        7
2                                                        6
3                                                        6
4                                                        6
5                                                        6
6                                                        6
7                                                        6
8                                                        7
9                                                        6
10                                                       6
11                                                       8
12                                                      16
13                                                       8
14                                                       8
15                                                       6
16                                                       6
17                                                       6
18                                                       8
19                                                      16
20                                                       8
21                                                       8
22                                                       6
23                                                       1
24                                                       1
25                                                       1
26                                                       1
27                                                       1
28                                                       1
29                                                       1
30                                                       1
31                                                       1
32                                                       1
33                                                       1
34                                                       1
35                                                       1
36                                                       1
37                                                       1
38                                                       1
39                                                       1
40                                                       1
   &NA [&Type "ArrayOfDoubles", &Dim (41,1)] "Mulliken gross atomic population"
                                                         0

0                                      8.3705906314222940e+00
1                                      7.0779876800533978e+00
2                                      5.8133715967101205e+00
3                                      6.1523977109924797e+00
4                                      6.2167432969929068e+00
5                                      5.6523893478433314e+00
6                                      6.1983510285949652e+00
7                                      6.1539752276716344e+00
8                                      7.4452411731671706e+00
9                                      6.2052736374735096e+00
10                                     6.0689015969182289e+00
11                                     8.5565021514054393e+00
12                                     1.4749435070432336e+01
13                                     8.5378265031644514e+00
14                                     8.5540024112617949e+00
15                                     6.6539396279118286e+00
16                                     6.1807937075944608e+00
17                                     6.0724300260513768e+00
18                                     8.5603947736546164e+00
19                                     1.4742384192359337e+01
20                                     8.5299646489311751e+00
21                                     8.5574626426238005e+00
22                                     6.6506192689139665e+00
23                                     8.3488049791838748e-01
24                                     8.2891636143590353e-01
25                                     8.2371541469219822e-01
26                                     8.3672730781294913e-01
27                                     7.9943345897330964e-01
28                                     8.0181155309295349e-01
29                                     8.0463867736810357e-01
30                                     7.9802893562465416e-01
31                                     7.5911293947377523e-01
32                                     7.5694887534858535e-01
33                                     7.5709938081299721e-01
34                                     8.0277086929727992e-01
35                                     8.0594960674727445e-01
36                                     7.9992603716196731e-01
37                                     8.0609011374435358e-01
38                                     7.6016120479151661e-01
39                                     7.6236041419365508e-01
40                                     7.6045039936563752e-01
   &ZA [&Type "ArrayOfDoubles", &Dim (41,1)] "Total nuclear charge"
                                                         0

0                                      8.0000000000000000e+00
1                                      7.0000000000000000e+00
2                                      6.0000000000000000e+00
3                                      6.0000000000000000e+00
4                                      6.0000000000000000e+00
5                                      6.0000000000000000e+00
6                                      6.0000000000000000e+00
7                                      6.0000000000000000e+00
8                                      7.0000000000000000e+00
9                                      6.0000000000000000e+00
10                                     6.0000000000000000e+00
11                                     8.0000000000000000e+00
12                                     1.6000000000000000e+01
13                                     8.0000000000000000e+00
14                                     8.0000000000000000e+00
15                                     6.0000000000000000e+00
16                                     6.0000000000000000e+00
17                                     6.0000000000000000e+00
18                                     8.0000000000000000e+00
19                                     1.6000000000000000e+01
20                                     8.0000000000000000e+00
21                                     8.0000000000000000e+00
22                                     6.0000000000000000e+00
23                                     1.0000000000000000e+00
24                                     1.0000000000000000e+00
25                                     1.0000000000000000e+00
26                                     1.0000000000000000e+00
27                                     1.0000000000000000e+00
28                                     1.0000000000000000e+00
29                                     1.0000000000000000e+00
30                                     1.0000000000000000e+00
31                                     1.0000000000000000e+00
32                                     1.0000000000000000e+00
33                                     1.0000000000000000e+00
34                                     1.0000000000000000e+00
35                                     1.0000000000000000e+00
36                                     1.0000000000000000e+00
37                                     1.0000000000000000e+00
38                                     1.0000000000000000e+00
39                                     1.0000000000000000e+00
40                                     1.0000000000000000e+00
   &QA [&Type "ArrayOfDoubles", &Dim (41,1)] "Mulliken gross atomic charge"
                                                         0

0                                     -3.7059063142229398e-01
1                                     -7.7987680053397845e-02
2                                      1.8662840328987951e-01
3                                     -1.5239771099247967e-01
4                                     -2.1674329699290684e-01
5                                      3.4761065215666864e-01
6                                     -1.9835102859496523e-01
7                                     -1.5397522767163441e-01
8                                     -4.4524117316717060e-01
9                                     -2.0527363747350957e-01
10                                    -6.8901596918228947e-02
11                                    -5.5650215140543935e-01
12                                     1.2505649295676644e+00
13                                    -5.3782650316445135e-01
14                                    -5.5400241126179495e-01
15                                    -6.5393962791182858e-01
16                                    -1.8079370759446078e-01
17                                    -7.2430026051376828e-02
18                                    -5.6039477365461643e-01
19                                     1.2576158076406632e+00
20                                    -5.2996464893117512e-01
21                                    -5.5746264262380052e-01
22                                    -6.5061926891396649e-01
23                                     1.6511950208161252e-01
24                                     1.7108363856409647e-01
25                                     1.7628458530780178e-01
26                                     1.6327269218705087e-01
27                                     2.0056654102669036e-01
28                                     1.9818844690704651e-01
29                                     1.9536132263189643e-01
30                                     2.0197106437534584e-01
31                                     2.4088706052622477e-01
32                                     2.4305112465141465e-01
33                                     2.4290061918700279e-01
34                                     1.9722913070272008e-01
35                                     1.9405039325272555e-01
36                                     2.0007396283803269e-01
37                                     1.9390988625564642e-01
38                                     2.3983879520848339e-01
39                                     2.3763958580634492e-01
40                                     2.3954960063436248e-01
   &VA [&Type "ArrayOfDoubles", &Dim (41,1)] "Mayer's total valence"
                                                         0

0                                      1.8979083461504200e+00
1                                      2.8353012684653214e+00
2                                      3.8928798217651996e+00
3                                      3.9000318214588399e+00
4                                      3.8837635786137223e+00
5                                      3.8628258144075103e+00
6                                      3.8879474953127056e+00
7                                      3.8802096707764253e+00
8                                      3.1241412325548419e+00
9                                      3.8028017048384255e+00
10                                     3.6923721722031302e+00
11                                     1.8699988389976050e+00
12                                     5.1954245086220325e+00
13                                     1.9097217546958536e+00
14                                     1.8934840914686308e+00
15                                     3.7298514189961152e+00
16                                     3.7926481633249756e+00
17                                     3.7094757052717111e+00
18                                     1.8672125269936211e+00
19                                     5.1840577383051283e+00
20                                     1.9183788515105267e+00
21                                     1.8907320257957254e+00
22                                     3.7391309225126443e+00
23                                     9.3898567168501479e-01
24                                     9.4448220711984354e-01
25                                     9.3807882388834307e-01
26                                     9.5039511267365784e-01
27                                     9.2738239606742623e-01
28                                     9.2502941160624874e-01
29                                     9.2904502220399598e-01
30                                     9.2325264571151955e-01
31                                     9.1262566825538949e-01
32                                     9.1084292223736674e-01
33                                     9.1161058619113067e-01
34                                     9.2757756645625700e-01
35                                     9.1975420884549230e-01
36                                     9.3046925772546285e-01
37                                     9.2130718455875993e-01
38                                     9.1251577963954311e-01
39                                     9.1326968870504621e-01
40                                     9.1164231024490239e-01
   &BVA [&Type "ArrayOfDoubles", &Dim (41,1)] "Mayer's bonded valence"
                                                         0

0                                      1.8979083461504036e+00
1                                      2.8353012684653347e+00
2                                      3.8928798217651819e+00
3                                      3.9000318214588128e+00
4                                      3.8837635786136819e+00
5                                      3.8628258144075289e+00
6                                      3.8879474953126727e+00
7                                      3.8802096707764493e+00
8                                      3.1241412325548561e+00
9                                      3.8028017048384517e+00
10                                     3.6923721722030978e+00
11                                     1.8699988389976347e+00
12                                     5.1954245086221036e+00
13                                     1.9097217546958341e+00
14                                     1.8934840914685971e+00
15                                     3.7298514189961809e+00
16                                     3.7926481633250271e+00
17                                     3.7094757052718030e+00
18                                     1.8672125269936473e+00
19                                     5.1840577383051318e+00
20                                     1.9183788515104823e+00
21                                     1.8907320257957920e+00
22                                     3.7391309225126532e+00
23                                     9.3898567168500979e-01
24                                     9.4448220711984521e-01
25                                     9.3807882388833574e-01
26                                     9.5039511267365828e-01
27                                     9.2738239606742756e-01
28                                     9.2502941160625474e-01
29                                     9.2904502220398966e-01
30                                     9.2325264571151011e-01
31                                     9.1262566825538971e-01
32                                     9.1084292223736762e-01
33                                     9.1161058619113589e-01
34                                     9.2757756645625900e-01
35                                     9.1975420884548886e-01
36                                     9.3046925772547417e-01
37                                     9.2130718455876237e-01
38                                     9.1251577963953889e-01
39                                     9.1326968870504832e-01
40                                     9.1164231024489595e-01
   &FA [&Type "ArrayOfDoubles", &Dim (41,1)] "Mayer's free valence"
                                                         0

0                                      0.0000000000000000e+00
1                                      0.0000000000000000e+00
2                                      0.0000000000000000e+00
3                                      0.0000000000000000e+00
4                                      0.0000000000000000e+00
5                                      0.0000000000000000e+00
6                                      0.0000000000000000e+00
7                                      0.0000000000000000e+00
8                                      0.0000000000000000e+00
9                                      0.0000000000000000e+00
10                                     0.0000000000000000e+00
11                                     0.0000000000000000e+00
12                                     0.0000000000000000e+00
13                                     0.0000000000000000e+00
14                                     0.0000000000000000e+00
15                                     0.0000000000000000e+00
16                                     0.0000000000000000e+00
17                                     0.0000000000000000e+00
18                                     0.0000000000000000e+00
19                                     0.0000000000000000e+00
20                                     0.0000000000000000e+00
21                                     0.0000000000000000e+00
22                                     0.0000000000000000e+00
23                                     0.0000000000000000e+00
24                                     0.0000000000000000e+00
25                                     0.0000000000000000e+00
26                                     0.0000000000000000e+00
27                                     0.0000000000000000e+00
28                                     0.0000000000000000e+00
29                                     0.0000000000000000e+00
30                                     0.0000000000000000e+00
31                                     0.0000000000000000e+00
32                                     0.0000000000000000e+00
33                                     0.0000000000000000e+00
34                                     0.0000000000000000e+00
35                                     0.0000000000000000e+00
36                                     0.0000000000000000e+00
37                                     0.0000000000000000e+00
38                                     0.0000000000000000e+00
39                                     0.0000000000000000e+00
40                                     0.0000000000000000e+00
   &Method [&Type "String"] "SCF"
   &Level [&Type "String"] "Relaxed density"
   &Mult [&Type "Integer"] 1
   &State [&Type "Integer"] -1
   &Irrep [&Type "Integer"] 0
$End
$SCF_Energy
   &GeometryIndex 1
   &Method [&Type "String"] "SCF"
   &totalEnergy [&Type "ArrayOfDoubles", &Dim (1,1)] "Total energy of each state"
                                                         0

0                                     -1.8996395981305673e+03
   &Mult [&Type "ArrayOfIntegers", &Dim (1,1)] "Multiplicity of each state"
                                                         0

0                                                        1
$End
$DFT_Energy
   &GeometryIndex 1
   &nAlphaEl [&Type "Integer"] 96
   &nBetaEl [&Type "Integer"] 96
   &nTotalEl [&Type "Integer"] 192
   &finalEn [&Type "Double"]      -1.8996395981305673e+03  "No Van der Waals correction"
   &eExchange [&Type "Double"]      -1.5075901137311297e+02
   &eCorr [&Type "Double"]      -8.0879654900309248e+00
   &eXC [&Type "Double"]      -1.5884697686314388e+02
   &eCNL [&Type "Double"]       0.0000000000000000e+00
$End
$Solvation_Details
   &GeometryIndex 1
   &Solvent [&Type "String"] "WATER"
   &Epsilon [&Type "Double"]       8.0150999999999996e+01
   &Refrac [&Type "Double"]       1.3328000000000000e+00
   &RSolv [&Type "Double"]       1.3000000000000000e+00
   &SurfaceType [&Type "String"] "GAUSSIAN VDW"
   &CPCMDielEnergy [&Type "Double"]      -4.8194013000000001e-02
   &NPoints [&Type "Integer"] 3556
   &SurfaceArea [&Type "Double"]       1.3561639047450001e+03
$End
$SCF_Timings
   &GeometryIndex 1
   &TOTAL [&Type "Double"]       4.9047511000000000e+01
   &PREP [&Type "Double"]       1.0371560000000000e+00
   &FOCK [&Type "Double"]       4.6545731999999980e+01
   &DENS [&Type "Double"]       1.1348099999999306e-01
   &ETOT [&Type "Double"]       8.1883000000013695e-02
   &POP [&Type "Double"]       5.1096999999998616e-02
   &TRAFO [&Type "Double"]       7.4188000000001253e-02
   &DIIS [&Type "Double"]       3.5816200000000187e-01
   &SOSCF [&Type "Double"]       3.8801499999998867e-01
   &XC [&Type "Double"]       4.5687860000000047e+00
   &FOCKSTART [&Type "Double"]       1.3062000000002127e-02
   &SOLV [&Type "Double"]       8.9097580000000018e+00
   &SOLV_INIT [&Type "Double"]       4.0534099999999995e-01
   &INT_PREP [&Type "Double"]       3.9999999978945766e-06
   &INT_BF [&Type "Double"]       1.3754569999997370e+00
   &INT_DENS [&Type "Double"]       1.0771499999999552e+00
   &INT_DENSIO [&Type "Double"]       1.5591823596900032e+05
   &INT_FUNC [&Type "Double"]       1.6482399999987063e-01
   &INT_POT [&Type "Double"]       9.9560200000010557e-01
   &INT_POTIO [&Type "Double"]       4.2451000000111705e-02
   &INT_SUM [&Type "Double"]       6.2300000000448108e-04
   &SPLITRIJ [&Type "Double"]       4.9698469999999952e+00
   &COSX [&Type "Double"]       2.9262624000000002e+01
   &FROZCORE [&Type "Double"]       8.7929999999971642e-03
$End
$CIS_Absorption_Spectrum
   &GeometryIndex 1
   &Method [&Type "Integer"] 20
   &RelCorrection [&Type "Integer"] 1 "Type of relativistic treatment in QDPT. 0->Unknow, 1->None, 2->SOC, 3->SSC, 4->SOC/SSC"
   &DensType [&Type "Integer"] 3 "Type of density (electron/spin ...). 0->Unknow, 1->Electronic, 2->Spin, 3->Trans/Electronic, 4->Tran/Spin"
   &DeriType [&Type "Integer"] 0 "Type of derivative (w.r.t. to what perturbation). 0->Unknown, 1->No Derivative, 2->Electric/Dipole, 3->Electric/Quad, 4->Magnetic/Dipole, 5->Magnetic/Quad"
   &DensLevel [&Type "Integer"] 0 "// Source of density: relaxed, unrelaxed, ... 0->Unknown, 1->Linearized, 2->Unrelaxed, 3->Relaxed"
   &Density_name [&Type "String"] "Tdens-CIS"
   &Representation [&Type "String"] "Length" "Possible values: Unknown,  Length, Velocity"
   &PointGroup [&Type "String"] "C1"
   &DoHigherMoments [&Type "Boolean"] false
   &NTrans [&Type "Integer"] 8
   &ExcitationEnergies [&Type "ArrayOfDoubles", &Dim (8,11)] 
                                                         0                           1                           2                           3                           4                           5                           6                           7

0                                      1.7857955085995001e+00         1.4403413643903341e+04         6.9427985942990585e+02         7.1347870552645554e-04         1.6307642037112623e-02        -1.0442266059821459e-01         0.0000000000000000e+00         5.7800108921273803e-02
1                                      3.7383273241643078e+00         3.0151646438215223e+04         3.3165684734634124e+02         7.8085253808942823e-01         8.5257693950988411e+00        -1.2289806815373869e+00         0.0000000000000000e+00        -2.5237385265854089e+00
2                                      4.1526365468720448e+00         3.3493276027049586e+04         2.9856738982247884e+02         2.8029976246154713e-02         2.7551210720627661e-01         3.2239398255628687e-01         0.0000000000000000e+00         3.8457263071836428e-01
3                                      4.5547067908247758e+00         3.6736191584664586e+04         2.7221112392538998e+02         4.3865834224610713e-04         3.9310434943406374e-03         2.2620546592171817e-02         0.0000000000000000e+00         5.7328315372146062e-02
4                                      4.9009867916901735e+00         3.9529128438328778e+04         2.5297800369166910e+02         9.6469073250587262e-02         8.0342705970417239e-01         5.6190901208737809e-01         0.0000000000000000e+00         4.8978839551661907e-01
5                                      5.3283151913202902e+00         4.2975764781639336e+04         2.3268928548008827e+02         1.0475784454228584e-01         8.0248796373044318e-01        -4.3525462283494121e-01         0.0000000000000000e+00        -7.7667480220581064e-01
6                                      5.4809149141153402e+00         4.4206564679375573e+04         2.2621074658319844e+02         1.3485354477870343e-03         1.0042716135873438e-02        -7.7327415395555238e-02         0.0000000000000000e+00         3.4993300167162039e-02
7                                      5.5092728950244725e+00         4.4435287244290339e+04         2.2504636787927905e+02         7.8335582642224903e-03         5.8037229606063043e-02        -3.9373099126772115e-02         0.0000000000000000e+00         1.9481689867011426e-01
                                                         8                           9                          10

0                                      0.0000000000000000e+00        -4.5416928555237927e-02         0.0000000000000000e+00
1                                      0.0000000000000000e+00        -8.0381573070900481e-01         0.0000000000000000e+00
2                                      0.0000000000000000e+00        -1.5387696032912090e-01         0.0000000000000000e+00
3                                      0.0000000000000000e+00         1.1524696213080100e-02         0.0000000000000000e+00
4                                      0.0000000000000000e+00        -4.9778775543037934e-01         0.0000000000000000e+00
5                                      0.0000000000000000e+00        -9.9083947488082760e-02         0.0000000000000000e+00
6                                      0.0000000000000000e+00        -5.3279038162560535e-02         0.0000000000000000e+00
7                                      0.0000000000000000e+00         1.3613730078040645e-01         0.0000000000000000e+00
   &States [&Type "ArrayOfIntegers", &Dim (8,4)] "The initial and Final states. Col1: Initial State  Col2: Initial Irrep Col3: Final State Col4: Final Irrep"
                                                         0                           1                           2                           3

0                                                        0                           0                           1                           0
1                                                        0                           0                           2                           0
2                                                        0                           0                           3                           0
3                                                        0                           0                           4                           0
4                                                        0                           0                           5                           0
5                                                        0                           0                           6                           0
6                                                        0                           0                           7                           0
7                                                        0                           0                           8                           0
   &Multiplicities [&Type "ArrayOfDoubles", &Dim (8,2)] "Col1: Multiplicity of the initial state  Col2: Multiplicity of the final state"
                                                         0                           1

0                                      1.0000000000000000e+00         1.0000000000000000e+00
1                                      1.0000000000000000e+00         1.0000000000000000e+00
2                                      1.0000000000000000e+00         1.0000000000000000e+00
3                                      1.0000000000000000e+00         1.0000000000000000e+00
4                                      1.0000000000000000e+00         1.0000000000000000e+00
5                                      1.0000000000000000e+00         1.0000000000000000e+00
6                                      1.0000000000000000e+00         1.0000000000000000e+00
7                                      1.0000000000000000e+00         1.0000000000000000e+00
   &Temperature [&Type "Double"]       2.9814999999999998e+02
$End
$CIS_Absorption_Spectrum
   &GeometryIndex 1
   &Method [&Type "Integer"] 20
   &RelCorrection [&Type "Integer"] 1 "Type of relativistic treatment in QDPT. 0->Unknow, 1->None, 2->SOC, 3->SSC, 4->SOC/SSC"
   &DensType [&Type "Integer"] 3 "Type of density (electron/spin ...). 0->Unknow, 1->Electronic, 2->Spin, 3->Trans/Electronic, 4->Tran/Spin"
   &DeriType [&Type "Integer"] 0 "Type of derivative (w.r.t. to what perturbation). 0->Unknown, 1->No Derivative, 2->Electric/Dipole, 3->Electric/Quad, 4->Magnetic/Dipole, 5->Magnetic/Quad"
   &DensLevel [&Type "Integer"] 0 "// Source of density: relaxed, unrelaxed, ... 0->Unknown, 1->Linearized, 2->Unrelaxed, 3->Relaxed"
   &Density_name [&Type "String"] "Tdens-CIS"
   &Representation [&Type "String"] "Velocity" "Possible values: Unknown,  Length, Velocity"
   &PointGroup [&Type "String"] "C1"
   &DoHigherMoments [&Type "Boolean"] false
   &NTrans [&Type "Integer"] 8
   &ExcitationEnergies [&Type "ArrayOfDoubles", &Dim (8,11)] 
                                                         0                           1                           2                           3                           4                           5                           6                           7

0                                      1.7857955085995001e+00         1.4403413643903341e+04         6.9427985942990585e+02         2.6233803526321585e-03         2.5824601319674259e-04        -1.2791932973804159e-02         0.0000000000000000e+00         7.9935216374674885e-03
1                                      3.7383273241643078e+00         3.0151646438215223e+04         3.3165684734634124e+02         3.4856953510260143e-02         7.1830251973442755e-03         2.9108688721595204e-02         0.0000000000000000e+00         7.9596695933063968e-02
2                                      4.1526365468720448e+00         3.3493276027049586e+04         2.9856738982247884e+02         1.3872606952420091e-03         3.1755769516119618e-04        -1.7329227903009070e-03         0.0000000000000000e+00        -1.5385527199119588e-02
3                                      4.5547067908247758e+00         3.6736191584664586e+04         2.7221112392538998e+02         6.3295476883648506e-05         1.5891823698521321e-05        -3.1952774576381616e-04         0.0000000000000000e+00        -3.9680213396962897e-03
4                                      4.9009867916901735e+00         3.9529128438328778e+04         2.5297800369166910e+02         4.9261113065671219e-03         1.3308477977573767e-03        -1.1583025579944841e-02         0.0000000000000000e+00        -2.7269684742962721e-02
5                                      5.3283151913202902e+00         4.2975764781639336e+04         2.3268928548008827e+02         1.1544295663841880e-02         3.3907672969729452e-03         1.0797890125756526e-02         0.0000000000000000e+00         4.9500796538438710e-02
6                                      5.4809149141153402e+00         4.4206564679375573e+04         2.2621074658319844e+02         4.0758895410521764e-04         1.2314480733368157e-04        -9.1098422022668369e-03         0.0000000000000000e+00         6.2632647365237406e-03
7                                      5.5092728950244725e+00         4.4435287244290339e+04         2.2504636787927905e+02         3.5193105113174045e-03         1.0687903141948874e-03         1.5452293624168669e-02         0.0000000000000000e+00        -1.4061950769935773e-02
                                                         8                           9                          10

0                                      0.0000000000000000e+00        -5.5422085689536740e-03         0.0000000000000000e+00
1                                      0.0000000000000000e+00         2.7465395120023211e-04         0.0000000000000000e+00
2                                      0.0000000000000000e+00        -8.8227108401671694e-03         0.0000000000000000e+00
3                                      0.0000000000000000e+00         2.1102693174871525e-04         0.0000000000000000e+00
4                                      0.0000000000000000e+00        -2.1284868103682162e-02         0.0000000000000000e+00
5                                      0.0000000000000000e+00         2.8702682938448968e-02         0.0000000000000000e+00
6                                      0.0000000000000000e+00        -9.6285888046891276e-04         0.0000000000000000e+00
7                                      0.0000000000000000e+00        -2.5145148170000239e-02         0.0000000000000000e+00
   &States [&Type "ArrayOfIntegers", &Dim (8,4)] "The initial and Final states. Col1: Initial State  Col2: Initial Irrep Col3: Final State Col4: Final Irrep"
                                                         0                           1                           2                           3

0                                                        0                           0                           1                           0
1                                                        0                           0                           2                           0
2                                                        0                           0                           3                           0
3                                                        0                           0                           4                           0
4                                                        0                           0                           5                           0
5                                                        0                           0                           6                           0
6                                                        0                           0                           7                           0
7                                                        0                           0                           8                           0
   &Multiplicities [&Type "ArrayOfDoubles", &Dim (8,2)] "Col1: Multiplicity of the initial state  Col2: Multiplicity of the final state"
                                                         0                           1

0                                      1.0000000000000000e+00         1.0000000000000000e+00
1                                      1.0000000000000000e+00         1.0000000000000000e+00
2                                      1.0000000000000000e+00         1.0000000000000000e+00
3                                      1.0000000000000000e+00         1.0000000000000000e+00
4                                      1.0000000000000000e+00         1.0000000000000000e+00
5                                      1.0000000000000000e+00         1.0000000000000000e+00
6                                      1.0000000000000000e+00         1.0000000000000000e+00
7                                      1.0000000000000000e+00         1.0000000000000000e+00
   &Temperature [&Type "Double"]       2.9814999999999998e+02
$End
$CIS_ECD_Spectrum
   &GeometryIndex 1
   &Method [&Type "Integer"] 20
   &RelCorrection [&Type "Integer"] 1 "Type of relativistic treatment in QDPT. 0->Unknow, 1->None, 2->SOC, 3->SSC, 4->SOC/SSC"
   &DensType [&Type "Integer"] 3 "Type of density (electron/spin ...). 0->Unknow, 1->Electronic, 2->Spin, 3->Trans/Electronic, 4->Tran/Spin"
   &DeriType [&Type "Integer"] 0 "Type of derivative (w.r.t. to what perturbation). 0->Unknown, 1->No Derivative, 2->Electric/Dipole, 3->Electric/Quad, 4->Magnetic/Dipole, 5->Magnetic/Quad"
   &DensLevel [&Type "Integer"] 0 "// Source of density: relaxed, unrelaxed, ... 0->Unknown, 1->Linearized, 2->Unrelaxed, 3->Relaxed"
   &Density_name [&Type "String"] "Tdens-CIS"
   &Representation [&Type "String"] "Length" "Possible values: Unknown,  Length, Velocity"
   &PointGroup [&Type "String"] "C1"
   &DoHigherMoments [&Type "Boolean"] false
   &NTrans [&Type "Integer"] 8
   &ExcitationEnergies [&Type "ArrayOfDoubles", &Dim (8,10)] 
                                                         0                           1                           2                           3                           4                           5                           6                           7

0                                      1.7857955085995001e+00         1.4403413643903341e+04         6.9427985942990585e+02        -1.6433205860158560e+00        -2.9459408674239812e-01         0.0000000000000000e+00        -3.4037327874607620e-01         0.0000000000000000e+00
1                                      3.7383273241643078e+00         3.0151646438215223e+04         3.3165684734634124e+02        -4.5824353280580702e+01        -9.9522316591335938e-02         0.0000000000000000e+00        -1.0753775432220249e-02         0.0000000000000000e+00
2                                      4.1526365468720448e+00         3.3493276027049586e+04         2.9856738982247884e+02        -2.4211443670651218e+00         2.6501637411583118e-01         0.0000000000000000e+00        -1.6364500576437532e-01         0.0000000000000000e+00
3                                      4.5547067908247758e+00         3.6736191584664586e+04         2.7221112392538998e+02        -1.6315510897943521e+00         3.6620857233665573e-02         0.0000000000000000e+00         4.3628431243086956e-02         0.0000000000000000e+00
4                                      4.9009867916901735e+00         3.9529128438328778e+04         2.5297800369166910e+02        -2.3714477408644786e+01        -2.3496800328900419e-01         0.0000000000000000e+00         1.7866674288647583e-01         0.0000000000000000e+00
5                                      5.3283151913202902e+00         4.2975764781639336e+04         2.3268928548008827e+02         8.4112382853111356e+00         4.6647459649026550e-02         0.0000000000000000e+00        -6.5659121294804777e-03         0.0000000000000000e+00
6                                      5.4809149141153402e+00         4.4206564679375573e+04         2.2621074658319844e+02         1.3022395416008886e-01        -1.9623054005668081e-01         0.0000000000000000e+00        -2.0168078547717305e-01         0.0000000000000000e+00
7                                      5.5092728950244725e+00         4.4435287244290339e+04         2.2504636787927905e+02        -4.7974355566691127e+00        -1.7414022912081720e-02         0.0000000000000000e+00         6.1630022290957938e-02         0.0000000000000000e+00
                                                         8                           9

0                                      1.6740491563546356e-01         0.0000000000000000e+00
1                                      6.5005060805283996e-02         0.0000000000000000e+00
2                                      1.1288742055986084e-01         0.0000000000000000e+00
3                                      1.1382161306150365e-02         0.0000000000000000e+00
4                                     -1.9048846926576402e-01         0.0000000000000000e+00
5                                      2.6616247889683413e-02         0.0000000000000000e+00
6                                      1.5752431409081682e-01         0.0000000000000000e+00
7                                     -1.8483625908577807e-02         0.0000000000000000e+00
   &States [&Type "ArrayOfIntegers", &Dim (8,4)] "The initial and Final states. Col1: Initial State  Col2: Initial Irrep Col3: Final State Col4: Final Irrep"
                                                         0                           1                           2                           3

0                                                        0                           0                           1                           0
1                                                        0                           0                           2                           0
2                                                        0                           0                           3                           0
3                                                        0                           0                           4                           0
4                                                        0                           0                           5                           0
5                                                        0                           0                           6                           0
6                                                        0                           0                           7                           0
7                                                        0                           0                           8                           0
   &Multiplicities [&Type "ArrayOfDoubles", &Dim (8,2)] "Col1: Multiplicity of the initial state  Col2: Multiplicity of the final state"
                                                         0                           1

0                                      1.0000000000000000e+00         1.0000000000000000e+00
1                                      1.0000000000000000e+00         1.0000000000000000e+00
2                                      1.0000000000000000e+00         1.0000000000000000e+00
3                                      1.0000000000000000e+00         1.0000000000000000e+00
4                                      1.0000000000000000e+00         1.0000000000000000e+00
5                                      1.0000000000000000e+00         1.0000000000000000e+00
6                                      1.0000000000000000e+00         1.0000000000000000e+00
7                                      1.0000000000000000e+00         1.0000000000000000e+00
   &Temperature [&Type "Double"]       2.9814999999999998e+02
$End
$CIS_ECD_Spectrum
   &GeometryIndex 1
   &Method [&Type "Integer"] 20
   &RelCorrection [&Type "Integer"] 1 "Type of relativistic treatment in QDPT. 0->Unknow, 1->None, 2->SOC, 3->SSC, 4->SOC/SSC"
   &DensType [&Type "Integer"] 3 "Type of density (electron/spin ...). 0->Unknow, 1->Electronic, 2->Spin, 3->Trans/Electronic, 4->Tran/Spin"
   &DeriType [&Type "Integer"] 0 "Type of derivative (w.r.t. to what perturbation). 0->Unknown, 1->No Derivative, 2->Electric/Dipole, 3->Electric/Quad, 4->Magnetic/Dipole, 5->Magnetic/Quad"
   &DensLevel [&Type "Integer"] 0 "// Source of density: relaxed, unrelaxed, ... 0->Unknown, 1->Linearized, 2->Unrelaxed, 3->Relaxed"
   &Density_name [&Type "String"] "Tdens-CIS"
   &Representation [&Type "String"] "Velocity" "Possible values: Unknown,  Length, Velocity"
   &PointGroup [&Type "String"] "C1"
   &DoHigherMoments [&Type "Boolean"] false
   &NTrans [&Type "Integer"] 8
   &ExcitationEnergies [&Type "ArrayOfDoubles", &Dim (8,10)] 
                                                         0                           1                           2                           3                           4                           5                           6                           7

0                                      1.7857955085995001e+00         1.4403413643903341e+04         6.9427985942990585e+02         8.6100660601391754e-01        -2.9459408674239812e-01         0.0000000000000000e+00        -3.4037327874607620e-01         0.0000000000000000e+00
1                                      3.7383273241643078e+00         3.0151646438215223e+04         3.3165684734634124e+02        -1.2817662872273413e+01        -9.9522316591335938e-02         0.0000000000000000e+00        -1.0753775432220249e-02         0.0000000000000000e+00
2                                      4.1526365468720448e+00         3.3493276027049586e+04         2.9856738982247884e+02         3.2825220545132994e+00         2.6501637411583118e-01         0.0000000000000000e+00        -1.6364500576437532e-01         0.0000000000000000e+00
3                                      4.5547067908247758e+00         3.6736191584664586e+04         2.7221112392538998e+02        -5.1379993186933293e-01         3.6620857233665573e-02         0.0000000000000000e+00         4.3628431243086956e-02         0.0000000000000000e+00
4                                      4.9009867916901735e+00         3.9529128438328778e+04         2.5297800369166910e+02         4.9838491282328361e+00        -2.3496800328900419e-01         0.0000000000000000e+00         1.7866674288647583e-01         0.0000000000000000e+00
5                                      5.3283151913202902e+00         4.2975764781639336e+04         2.3268928548008827e+02         2.2695512987221993e+00         4.6647459649026550e-02         0.0000000000000000e+00        -6.5659121294804777e-03         0.0000000000000000e+00
6                                      5.4809149141153402e+00         4.4206564679375573e+04         2.2621074658319844e+02         8.7253131505707393e-01        -1.9623054005668081e-01         0.0000000000000000e+00        -2.0168078547717305e-01         0.0000000000000000e+00
7                                      5.5092728950244725e+00         4.4435287244290339e+04         2.2504636787927905e+02        -1.5623689842795532e+00        -1.7414022912081720e-02         0.0000000000000000e+00         6.1630022290957938e-02         0.0000000000000000e+00
                                                         8                           9

0                                      1.6740491563546356e-01         0.0000000000000000e+00
1                                      6.5005060805283996e-02         0.0000000000000000e+00
2                                      1.1288742055986084e-01         0.0000000000000000e+00
3                                      1.1382161306150365e-02         0.0000000000000000e+00
4                                     -1.9048846926576402e-01         0.0000000000000000e+00
5                                      2.6616247889683413e-02         0.0000000000000000e+00
6                                      1.5752431409081682e-01         0.0000000000000000e+00
7                                     -1.8483625908577807e-02         0.0000000000000000e+00
   &States [&Type "ArrayOfIntegers", &Dim (8,4)] "The initial and Final states. Col1: Initial State  Col2: Initial Irrep Col3: Final State Col4: Final Irrep"
                                                         0                           1                           2                           3

0                                                        0                           0                           1                           0
1                                                        0                           0                           2                           0
2                                                        0                           0                           3                           0
3                                                        0                           0                           4                           0
4                                                        0                           0                           5                           0
5                                                        0                           0                           6                           0
6                                                        0                           0                           7                           0
7                                                        0                           0                           8                           0
   &Multiplicities [&Type "ArrayOfDoubles", &Dim (8,2)] "Col1: Multiplicity of the initial state  Col2: Multiplicity of the final state"
                                                         0                           1

0                                      1.0000000000000000e+00         1.0000000000000000e+00
1                                      1.0000000000000000e+00         1.0000000000000000e+00
2                                      1.0000000000000000e+00         1.0000000000000000e+00
3                                      1.0000000000000000e+00         1.0000000000000000e+00
4                                      1.0000000000000000e+00         1.0000000000000000e+00
5                                      1.0000000000000000e+00         1.0000000000000000e+00
6                                      1.0000000000000000e+00         1.0000000000000000e+00
7                                      1.0000000000000000e+00         1.0000000000000000e+00
   &Temperature [&Type "Double"]       2.9814999999999998e+02
$End
$CIS_Energies
   &GeometryIndex 1
   &e0 [&Type "Double"]      -1.8996395981305673e+03  "Ground state energy"
   &multP1 [&Type "Boolean"] false "Do the higher multiplicity too?"
   &mode [&Type "String"] "TDA" "CIS mode: CIS, RPA, TDA, TD-DFT, sTDA, sTD-DFT"
   &dCorr [&Type "Integer"] 0 "(D) Correction algorithm"
   &Method [&Type "String"] "TDA/CIS"
   &totalEnergy [&Type "ArrayOfDoubles", &Dim (8,1)] "Total energy of each state"
                                                         0

0                                     -1.8995739713492180e+03
1                                     -1.8995022171209650e+03
2                                     -1.8994869915362669e+03
3                                     -1.8994722157257893e+03
4                                     -1.8994594901691437e+03
5                                     -1.8994437861384683e+03
6                                     -1.8994381782015050e+03
7                                     -1.8994371360648192e+03
   &Mult [&Type "ArrayOfIntegers", &Dim (8,1)] "Multiplicity of each state"
                                                         0

0                                                        1
1                                                        1
2                                                        1
3                                                        1
4                                                        1
5                                                        1
6                                                        1
7                                                        1
   &RelCorr [&Type "String"] "None" "Relativistic correction (SOC and/or SSC)"
   &NBlocks [&Type "Integer"] 1 "Number of multiplicity blocks"
   &NRoots [&Type "ArrayOfIntegers", &Dim (1,1)] "Number of roots in each block"
                                                         0

0                                                        8
   &NTotalRoots [&Type "Integer"] 8 "Total number of roots"
   &Block [&Type "ArrayOfIntegers", &Dim (8,1)] "Block index of each state"
                                                         0

0                                                        0
1                                                        0
2                                                        0
3                                                        0
4                                                        0
5                                                        0
6                                                        0
7                                                        0
   &Root [&Type "ArrayOfIntegers", &Dim (8,1)] "Root index within the block"
                                                         0

0                                                        0
1                                                        1
2                                                        2
3                                                        3
4                                                        4
5                                                        5
6                                                        6
7                                                        7
$End
$Single_Point_Data
   &GeometryIndex 1
   &FinalEnergy [&Type "Double"]      -1.8995739713492180e+03  "Final single point energy"
   &Converged [&Type "Boolean"] true
$End
$Calculation_Info
   &GeometryIndex 1
   &Mult [&Type "Integer"] 1
   &Charge [&Type "Integer"] 0
   &NumOfAtoms [&Type "Integer"] 41
   &NumOfElectrons [&Type "Integer"] 192
   &NumOfBasisFuncts [&Type "Integer"] 366
   &NumOfAuxCBasisFuncts [&Type "Integer"] 0
   &NumOfAuxJBasisFuncts [&Type "Integer"] 1329
   &NumOfAuxJKBasisFuncts [&Type "Integer"] 0
   &NumOfCABSBasisFuncts [&Type "Integer"] 0
$End
$SCF_Dipole_Moment
   &GeometryIndex 1
   &dipoleMagnitude [&Type "Double", &Units "a.u."]       5.8536580799486737e+00
   &dipoleElecContrib [&Type "ArrayOfDoubles", &Dim (3,1)] "Electronic contribution"
                                                         0

0                                     -4.9537949993275880e+00
1                                     -5.8228984098778804e+00
2                                     -6.7144073117607155e+00
   &dipoleNucContrib [&Type "ArrayOfDoubles", &Dim (3,1)] "Nuclear contribution"
                                                         0

0                                      7.7722988631060463e+00
1                                      9.6574802736753611e+00
2                                      1.0122827886843805e+01
   &dipoleTotal [&Type "ArrayOfDoubles", &Dim (3,1)] "Total"
                                                         0

0                                      2.8185038637784583e+00
1                                      3.8345818637974807e+00
2                                      3.4084205750830892e+00
   &doAtomicDipole [&Type "Boolean"] false
   &Method [&Type "String"] "SCF"
   &Level [&Type "String"] "Relaxed density"
   &Mult [&Type "Integer"] 1
   &State [&Type "Integer"] -1
   &Irrep [&Type "Integer"] 0
$End
$Calculation_Timings
   &GeometryIndex 1
   &GTOINT [&Type "Double"]       3.9248360000000000e+00
   &SCF [&Type "Double"]       5.3726242999999997e+01
   &CIS [&Type "Double"]       4.0486425000000004e+01
   &PROPINT [&Type "Double"]       1.6054160000000053e+00
   &PROP [&Type "Double"]       1.4882120000000043e+00
   &SUM [&Type "Double"]       1.0123113200000002e+02
$End
