*************************************************
******************* ORCA 6.1.1 ******************
*************************************************
$Calculation_Status
   &GeometryIndex 1
   &version [&Type "String"] "6.1.1"
   &progName [&Type "String"] "ProgCIS"
   &Status [&Type "String"] "NORMAL TERMINATION"
$End
$Geometry
   &GeometryIndex 1
   &NAtoms [&Type "Integer"] 52
   &NCorelessECP [&Type "Integer"] 0
   &NGhostAtoms [&Type "Integer"] 0
   &CartesianCoordinates [&Type "Coordinates", &Dim(52,4), &Units "Bohr"] 
              C     13.954348156824    1.054915603733    1.811497083691
              C     11.588848991283   -0.072915737259    0.611107445230
              O     11.697331570835   -2.058529466886   -0.568708098401
              N      9.351913149020    1.271486395113    0.912668069276
              C      7.014632457889    0.276705490216   -0.019031153689
              C      6.820607448446   -0.754449716839   -2.454787256690
              C      4.512235642281   -1.630503739060   -3.343164523044
              C      2.324241894436   -1.512656837680   -1.844856955758
              C      2.516770291795   -0.487188844382    0.584904901852
              C      4.835917995809    0.384900862822    1.478267674876
              N      0.080407667189   -2.532128766691   -2.842693499624
              C     -2.324456618689   -2.636296962332   -1.751735755558
              C     -3.441366907803   -5.054369866878   -1.668020682848
              C     -5.783831041815   -5.472951175870   -0.616427358785
              C     -7.232026570296   -3.478741827937    0.493032964472
              C     -6.159429838777   -0.994576119221    0.353695789402
              C     -3.752617501836   -0.571007891990   -0.819180388062
              C     -2.868059576237    2.068302719285   -1.292812031181
              O     -0.943054517443    2.511511757963   -2.513355163949
              C     -4.399331667448    4.197336983425   -0.288707064349
              C     -3.539693658286    6.678654906509   -0.640665772439
              C     -4.926391922694    8.698992086292    0.312294185065
              C     -7.185012364687    8.258936503039    1.625776175355
              C     -8.051065240921    5.801242250367    1.975480268857
              C     -6.661474828166    3.757334444493    1.017653040055
              C     -7.635131167778    1.151250772718    1.371356284020
              O     -9.679334037566    0.864609728935    2.490590818125
              N     -9.473529789641   -3.955071780388    1.619723995683
              S     -6.847435245104   -8.676709416268   -0.547101144249
              O     -9.571484943462   -8.731959270502   -0.978075680633
              O     -5.107258774602  -10.241157537065   -2.012100042774
              O     -6.488993753120   -9.451722952820    2.439927278506
              C      9.238397041740    3.567913837491    2.451889057339
              H     13.724763088552    1.415048985396    3.837881265177
              H     14.485964093406    2.844800857451    0.910869502982
              H     15.480403696961   -0.302204453394    1.531977161298
              H      8.479786220290   -0.877923232695   -3.642842120710
              H      4.391391705993   -2.399031373185   -5.246355183807
              H      0.874305530298   -0.407470942148    1.808743730708
              H      4.936008882036    1.135385170031    3.385847025959
              H      0.405129643037   -3.960456989508   -4.072275897527
              H     -2.407228265458   -6.659574413915   -2.420571582484
              H     -1.786066486001    6.964205759996   -1.663543755361
              H     -4.256902622110   10.621060182981    0.037508823041
              H     -8.265551519856    9.839678691050    2.368265775546
              H     -9.798239014935    5.413276257296    2.974499010030
              H    -10.375112455233   -5.599616928593    1.246947175944
              H    -10.432989085647   -2.425139582897    2.273230132204
              H     -4.913169938884  -10.402259042883    2.576569323167
              H      9.050622724610    3.169893608976    4.482260805245
              H     10.931472944855    4.712607967577    2.170870386782
              H      7.610738554706    4.686563027231    1.853288957412
$End
$SCF_Mulliken_Population_Analysis
   &GeometryIndex 1
   &NAtoms [&Type "Integer"] 52
   &ATNO [&Type "ArrayOfIntegers", &Dim (52,1)] 
                                                         0

0                                                        6
1                                                        6
2                                                        8
3                                                        7
4                                                        6
5                                                        6
6                                                        6
7                                                        6
8                                                        6
9                                                        6
10                                                       7
11                                                       6
12                                                       6
13                                                       6
14                                                       6
15                                                       6
16                                                       6
17                                                       6
18                                                       8
19                                                       6
20                                                       6
21                                                       6
22                                                       6
23                                                       6
24                                                       6
25                                                       6
26                                                       8
27                                                       7
28                                                      16
29                                                       8
30                                                       8
31                                                       8
32                                                       6
33                                                       1
34                                                       1
35                                                       1
36                                                       1
37                                                       1
38                                                       1
39                                                       1
40                                                       1
41                                                       1
42                                                       1
43                                                       1
44                                                       1
45                                                       1
46                                                       1
47                                                       1
48                                                       1
49                                                       1
50                                                       1
51                                                       1
   &AtomicCharges [&Type "ArrayOfDoubles", &Dim (52,1)] 
                                                         0

0                                     -5.6285922661353549e-01
1                                      5.1886190654508191e-01
2                                     -5.1367014358296714e-01
3                                     -4.6044075985784794e-01
4                                      2.6144510401299037e-01
5                                     -1.5785592130935200e-01
6                                     -2.2861726807887450e-01
7                                      3.4872695018330280e-01
8                                     -1.9116205553626742e-01
9                                     -2.0066808487733123e-01
10                                    -7.2044111092637664e-01
11                                     2.7489191899623577e-01
12                                    -1.9390201647780358e-01
13                                    -2.3165308989180389e-01
14                                     3.1246504949426690e-01
15                                    -1.4970940734051474e-02
16                                     1.2050082797069983e-02
17                                     3.0048568616731686e-01
18                                    -4.5777070970240707e-01
19                                     5.3628907363735934e-02
20                                    -1.8500482059764600e-01
21                                    -1.3711001426141767e-01
22                                    -1.3689865756969155e-01
23                                    -1.8422135300305253e-01
24                                     5.7685234432092614e-02
25                                     3.1097331513181015e-01
26                                    -5.0801573221237817e-01
27                                    -8.2326827923322821e-01
28                                     1.2658367824452945e+00
29                                    -5.4389412125946812e-01
30                                    -5.3621819714437713e-01
31                                    -6.6655236520596084e-01
32                                    -3.4106014271825735e-01
33                                     1.9128167448057198e-01
34                                     1.9734787321549452e-01
35                                     1.7811971205619792e-01
36                                     1.5698551308519559e-01
37                                     1.5838161366577319e-01
38                                     1.5386879400673448e-01
39                                     1.6230352352291866e-01
40                                     3.7099035359158861e-01
41                                     2.1378456553978031e-01
42                                     1.6621354976784919e-01
43                                     1.7056412537407795e-01
44                                     1.7062115116411058e-01
45                                     1.6734511825415022e-01
46                                     3.8381817564940135e-01
47                                     3.9434615009140905e-01
48                                     4.8869618504832713e-01
49                                     1.7968667892339818e-01
50                                     1.8964404018449565e-01
51                                     1.8520527560323508e-01
   &Method [&Type "String"] "SCF"
   &Level [&Type "String"] "Relaxed density"
   &Mult [&Type "Integer"] 1
   &State [&Type "Integer"] -1
   &Irrep [&Type "Integer"] 0
$End
$SCF_Loewdin_Population_Analysis
   &GeometryIndex 1
   &NAtoms [&Type "Integer"] 52
   &ATNO [&Type "ArrayOfIntegers", &Dim (52,1)] 
                                                         0

0                                                        6
1                                                        6
2                                                        8
3                                                        7
4                                                        6
5                                                        6
6                                                        6
7                                                        6
8                                                        6
9                                                        6
10                                                       7
11                                                       6
12                                                       6
13                                                       6
14                                                       6
15                                                       6
16                                                       6
17                                                       6
18                                                       8
19                                                       6
20                                                       6
21                                                       6
22                                                       6
23                                                       6
24                                                       6
25                                                       6
26                                                       8
27                                                       7
28                                                      16
29                                                       8
30                                                       8
31                                                       8
32                                                       6
33                                                       1
34                                                       1
35                                                       1
36                                                       1
37                                                       1
38                                                       1
39                                                       1
40                                                       1
41                                                       1
42                                                       1
43                                                       1
44                                                       1
45                                                       1
46                                                       1
47                                                       1
48                                                       1
49                                                       1
50                                                       1
51                                                       1
   &AtomicCharges [&Type "ArrayOfDoubles", &Dim (52,1)] 
                                                         0

0                                     -3.9504807833851086e-01
1                                      1.1945095357202273e-01
2                                     -3.1178121723473851e-01
3                                     -6.5092185054280272e-02
4                                      8.7523303647163431e-03
5                                     -1.3146234014262514e-01
6                                     -1.5927835007066982e-01
7                                      3.0638713773042170e-02
8                                     -1.5618003937854308e-01
9                                     -1.4338872685660320e-01
10                                    -1.6855234991077062e-01
11                                     2.7271127631156133e-02
12                                    -8.5860973875572455e-02
13                                    -2.0992930804695487e-01
14                                     6.9880750006523051e-02
15                                    -8.4124958017344653e-02
16                                    -4.5447835321946961e-02
17                                     1.1503787351889994e-01
18                                    -2.2833613860999513e-01
19                                    -4.4634985892227697e-02
20                                    -1.0239278519788186e-01
21                                    -1.1190949891151902e-01
22                                    -1.1238810680922917e-01
23                                    -1.0225066417158946e-01
24                                    -4.3243838022949177e-02
25                                     1.2599071013954077e-01
26                                    -2.7093253016145091e-01
27                                    -3.4994694490993972e-01
28                                     1.2939521891946626e+00
29                                    -5.5973882313285195e-01
30                                    -5.6170012030065486e-01
31                                    -5.2473517643259626e-01
32                                    -2.7673754044915722e-01
33                                     1.5343274070757551e-01
34                                     1.5712677927508512e-01
35                                     1.4822407988370589e-01
36                                     1.4844782071938134e-01
37                                     1.4511963650144177e-01
38                                     1.4479287948297204e-01
39                                     1.4813671680198504e-01
40                                     2.7882014406133948e-01
41                                     1.7414823020401116e-01
42                                     1.5233457609161416e-01
43                                     1.5104619667203456e-01
44                                     1.5109942824051714e-01
45                                     1.5278487271855989e-01
46                                     2.6967127382667555e-01
47                                     2.7689050580525842e-01
48                                     3.7499846764914246e-01
49                                     1.3392586557027397e-01
50                                     1.4687560767999053e-01
51                                     1.4624304515820719e-01
   &Method [&Type "String"] "SCF"
   &Level [&Type "String"] "Relaxed density"
   &Mult [&Type "Integer"] 1
   &State [&Type "Integer"] -1
   &Irrep [&Type "Integer"] 0
$End
$SCF_Mayer_Population_Analysis
   &GeometryIndex 1
   &NAtoms [&Type "Integer"] 52 "Total number of atoms"
   &NBondOrdersPrint [&Type "Integer"] 56 "The number of bond orders larger than threshold"
   &bondThresh [&Type "Double"]       1.0000000000000001e-01  "The threshold for printing"
   &components [&Type "ArrayOfIntegers", &Dim (56,4)] "The indices and atomic numbers of the bonding atoms"
                                                         0                           1                           2                           3

0                                                        0                           6                           1                           6
1                                                        0                           6                          33                           1
2                                                        0                           6                          34                           1
3                                                        0                           6                          35                           1
4                                                        1                           6                           2                           8
5                                                        1                           6                           3                           7
6                                                        3                           7                           4                           6
7                                                        3                           7                          32                           6
8                                                        4                           6                           5                           6
9                                                        4                           6                           9                           6
10                                                       5                           6                           6                           6
11                                                       5                           6                          36                           1
12                                                       6                           6                           7                           6
13                                                       6                           6                          37                           1
14                                                       7                           6                           8                           6
15                                                       7                           6                          10                           7
16                                                       8                           6                           9                           6
17                                                       8                           6                          38                           1
18                                                       9                           6                          39                           1
19                                                      10                           7                          11                           6
20                                                      10                           7                          40                           1
21                                                      11                           6                          12                           6
22                                                      11                           6                          16                           6
23                                                      12                           6                          13                           6
24                                                      12                           6                          41                           1
25                                                      13                           6                          14                           6
26                                                      13                           6                          28                          16
27                                                      14                           6                          15                           6
28                                                      14                           6                          27                           7
29                                                      15                           6                          16                           6
30                                                      15                           6                          25                           6
31                                                      16                           6                          17                           6
32                                                      17                           6                          18                           8
33                                                      17                           6                          19                           6
34                                                      19                           6                          20                           6
35                                                      19                           6                          24                           6
36                                                      20                           6                          21                           6
37                                                      20                           6                          42                           1
38                                                      21                           6                          22                           6
39                                                      21                           6                          43                           1
40                                                      22                           6                          23                           6
41                                                      22                           6                          44                           1
42                                                      23                           6                          24                           6
43                                                      23                           6                          45                           1
44                                                      24                           6                          25                           6
45                                                      25                           6                          26                           8
46                                                      26                           8                          47                           1
47                                                      27                           7                          46                           1
48                                                      27                           7                          47                           1
49                                                      28                          16                          29                           8
50                                                      28                          16                          30                           8
51                                                      28                          16                          31                           8
52                                                      31                           8                          48                           1
53                                                      32                           6                          49                           1
54                                                      32                           6                          50                           1
55                                                      32                           6                          51                           1
   &BondOrders [&Type "ArrayOfDoubles", &Dim (56,1)] "The bond orders"
                                                         0

0                                      9.8891762737754663e-01
1                                      9.2396531989424824e-01
2                                      9.2169669849815827e-01
3                                      9.3923350542887674e-01
4                                      1.8248010720493903e+00
5                                      1.1165671786647691e+00
6                                      8.9463272255989978e-01
7                                      9.4504798463485551e-01
8                                      1.4041365951386473e+00
9                                      1.4129440801203557e+00
10                                     1.4598780696318885e+00
11                                     9.1203638379530105e-01
12                                     1.3670174025586226e+00
13                                     9.1751213693979361e-01
14                                     1.3989655422948573e+00
15                                     9.3886327672555625e-01
16                                     1.4366333096915020e+00
17                                     9.1035267155130706e-01
18                                     9.1311272861279202e-01
19                                     9.8599079539935142e-01
20                                     8.1096081724491376e-01
21                                     1.2902953763145260e+00
22                                     1.3489831170146633e+00
23                                     1.4726494584047527e+00
24                                     8.8715310179715301e-01
25                                     1.1849474013933714e+00
26                                     8.1571412959952161e-01
27                                     1.2708360777917469e+00
28                                     1.2034394972117668e+00
29                                     1.2727174675282411e+00
30                                     1.0335474180259761e+00
31                                     9.7453145650164741e-01
32                                     1.8080531009065512e+00
33                                     9.8491642168511118e-01
34                                     1.3692480831983684e+00
35                                     1.3657989329885689e+00
36                                     1.4306508199655590e+00
37                                     9.0772378543303223e-01
38                                     1.4002528953683948e+00
39                                     9.2381775209516992e-01
40                                     1.4305492471888883e+00
41                                     9.2384845627619328e-01
42                                     1.3672421339774528e+00
43                                     9.0769170167091495e-01
44                                     1.0014818069795717e+00
45                                     1.6893174396857660e+00
46                                     1.1827051102509564e-01
47                                     7.6777582828925595e-01
48                                     7.2097948712491700e-01
49                                     1.6470539290842052e+00
50                                     1.6698986585018178e+00
51                                     9.4664418615167945e-01
52                                     7.1323298888245934e-01
53                                     9.2888824844619000e-01
54                                     9.2771862433504337e-01
55                                     9.3378824463192234e-01
   &ATNO [&Type "ArrayOfIntegers", &Dim (52,1)] "Atomic number of the elements"
                                                         0

0                                                        6
1                                                        6
2                                                        8
3                                                        7
4                                                        6
5                                                        6
6                                                        6
7                                                        6
8                                                        6
9                                                        6
10                                                       7
11                                                       6
12                                                       6
13                                                       6
14                                                       6
15                                                       6
16                                                       6
17                                                       6
18                                                       8
19                                                       6
20                                                       6
21                                                       6
22                                                       6
23                                                       6
24                                                       6
25                                                       6
26                                                       8
27                                                       7
28                                                      16
29                                                       8
30                                                       8
31                                                       8
32                                                       6
33                                                       1
34                                                       1
35                                                       1
36                                                       1
37                                                       1
38                                                       1
39                                                       1
40                                                       1
41                                                       1
42                                                       1
43                                                       1
44                                                       1
45                                                       1
46                                                       1
47                                                       1
48                                                       1
49                                                       1
50                                                       1
51                                                       1
   &NA [&Type "ArrayOfDoubles", &Dim (52,1)] "Mulliken gross atomic population"
                                                         0

0                                      6.5628592266135373e+00
1                                      5.4811380934549181e+00
2                                      8.5136701435829707e+00
3                                      7.4604407598578515e+00
4                                      5.7385548959870052e+00
5                                      6.1578559213093493e+00
6                                      6.2286172680788718e+00
7                                      5.6512730498166936e+00
8                                      6.1911620555362701e+00
9                                      6.2006680848773330e+00
10                                     7.7204411109263793e+00
11                                     5.7251080810037660e+00
12                                     6.1939020164778036e+00
13                                     6.2316530898918003e+00
14                                     5.6875349505057349e+00
15                                     6.0149709407340470e+00
16                                     5.9879499172029327e+00
17                                     5.6995143138326814e+00
18                                     8.4577707097024053e+00
19                                     5.9463710926362605e+00
20                                     6.1850048205976407e+00
21                                     6.1371100142614203e+00
22                                     6.1368986575696942e+00
23                                     6.1842213530030543e+00
24                                     5.9423147655679065e+00
25                                     5.6890266848681881e+00
26                                     8.5080157322123764e+00
27                                     7.8232682792332335e+00
28                                     1.4734163217554705e+01
29                                     8.5438941212594681e+00
30                                     8.5362181971443789e+00
31                                     8.6665523652059626e+00
32                                     6.3410601427182574e+00
33                                     8.0871832551942768e-01
34                                     8.0265212678450570e-01
35                                     8.2188028794380230e-01
36                                     8.4301448691480418e-01
37                                     8.4161838633422703e-01
38                                     8.4613120599326597e-01
39                                     8.3769647647708156e-01
40                                     6.2900964640841150e-01
41                                     7.8621543446021946e-01
42                                     8.3378645023215081e-01
43                                     8.2943587462592216e-01
44                                     8.2937884883588953e-01
45                                     8.3265488174584990e-01
46                                     6.1618182435059865e-01
47                                     6.0565384990859095e-01
48                                     5.1130381495167287e-01
49                                     8.2031332107660182e-01
50                                     8.1035595981550457e-01
51                                     8.1479472439676492e-01
   &ZA [&Type "ArrayOfDoubles", &Dim (52,1)] "Total nuclear charge"
                                                         0

0                                      6.0000000000000000e+00
1                                      6.0000000000000000e+00
2                                      8.0000000000000000e+00
3                                      7.0000000000000000e+00
4                                      6.0000000000000000e+00
5                                      6.0000000000000000e+00
6                                      6.0000000000000000e+00
7                                      6.0000000000000000e+00
8                                      6.0000000000000000e+00
9                                      6.0000000000000000e+00
10                                     7.0000000000000000e+00
11                                     6.0000000000000000e+00
12                                     6.0000000000000000e+00
13                                     6.0000000000000000e+00
14                                     6.0000000000000000e+00
15                                     6.0000000000000000e+00
16                                     6.0000000000000000e+00
17                                     6.0000000000000000e+00
18                                     8.0000000000000000e+00
19                                     6.0000000000000000e+00
20                                     6.0000000000000000e+00
21                                     6.0000000000000000e+00
22                                     6.0000000000000000e+00
23                                     6.0000000000000000e+00
24                                     6.0000000000000000e+00
25                                     6.0000000000000000e+00
26                                     8.0000000000000000e+00
27                                     7.0000000000000000e+00
28                                     1.6000000000000000e+01
29                                     8.0000000000000000e+00
30                                     8.0000000000000000e+00
31                                     8.0000000000000000e+00
32                                     6.0000000000000000e+00
33                                     1.0000000000000000e+00
34                                     1.0000000000000000e+00
35                                     1.0000000000000000e+00
36                                     1.0000000000000000e+00
37                                     1.0000000000000000e+00
38                                     1.0000000000000000e+00
39                                     1.0000000000000000e+00
40                                     1.0000000000000000e+00
41                                     1.0000000000000000e+00
42                                     1.0000000000000000e+00
43                                     1.0000000000000000e+00
44                                     1.0000000000000000e+00
45                                     1.0000000000000000e+00
46                                     1.0000000000000000e+00
47                                     1.0000000000000000e+00
48                                     1.0000000000000000e+00
49                                     1.0000000000000000e+00
50                                     1.0000000000000000e+00
51                                     1.0000000000000000e+00
   &QA [&Type "ArrayOfDoubles", &Dim (52,1)] "Mulliken gross atomic charge"
                                                         0

0                                     -5.6285922661353727e-01
1                                      5.1886190654508191e-01
2                                     -5.1367014358297070e-01
3                                     -4.6044075985785149e-01
4                                      2.6144510401299481e-01
5                                     -1.5785592130934933e-01
6                                     -2.2861726807887184e-01
7                                      3.4872695018330635e-01
8                                     -1.9116205553627008e-01
9                                     -2.0066808487733301e-01
10                                    -7.2044111092637930e-01
11                                     2.7489191899623400e-01
12                                    -1.9390201647780358e-01
13                                    -2.3165308989180033e-01
14                                     3.1246504949426512e-01
15                                    -1.4970940734047034e-02
16                                     1.2050082797067319e-02
17                                     3.0048568616731863e-01
18                                    -4.5777070970240530e-01
19                                     5.3628907363739486e-02
20                                    -1.8500482059764067e-01
21                                    -1.3711001426142033e-01
22                                    -1.3689865756969422e-01
23                                    -1.8422135300305431e-01
24                                     5.7685234432093502e-02
25                                     3.1097331513181192e-01
26                                    -5.0801573221237639e-01
27                                    -8.2326827923323354e-01
28                                     1.2658367824452945e+00
29                                    -5.4389412125946812e-01
30                                    -5.3621819714437891e-01
31                                    -6.6655236520596262e-01
32                                    -3.4106014271825735e-01
33                                     1.9128167448057232e-01
34                                     1.9734787321549430e-01
35                                     1.7811971205619770e-01
36                                     1.5698551308519582e-01
37                                     1.5838161366577297e-01
38                                     1.5386879400673403e-01
39                                     1.6230352352291844e-01
40                                     3.7099035359158850e-01
41                                     2.1378456553978054e-01
42                                     1.6621354976784919e-01
43                                     1.7056412537407784e-01
44                                     1.7062115116411047e-01
45                                     1.6734511825415010e-01
46                                     3.8381817564940135e-01
47                                     3.9434615009140905e-01
48                                     4.8869618504832713e-01
49                                     1.7968667892339818e-01
50                                     1.8964404018449543e-01
51                                     1.8520527560323508e-01
   &VA [&Type "ArrayOfDoubles", &Dim (52,1)] "Mayer's total valence"
                                                         0

0                                      3.7942281965344442e+00
1                                      3.9873414068023210e+00
2                                      2.0321022932556794e+00
3                                      3.0518152225962090e+00
4                                      3.9028575720932364e+00
5                                      3.9253570213046629e+00
6                                      3.9027037513851450e+00
7                                      3.8834255376191762e+00
8                                      3.9266781314340991e+00
9                                      3.9183998493391958e+00
10                                     2.9496820770577146e+00
11                                     3.8267570793806955e+00
12                                     3.9168621868894893e+00
13                                     3.7543079599421465e+00
14                                     3.8499790294915286e+00
15                                     3.7914987447189095e+00
16                                     3.8173455080545442e+00
17                                     3.8987249214123483e+00
18                                     2.0760189468301804e+00
19                                     3.8633259904039496e+00
20                                     3.8804307188390914e+00
21                                     3.8877743394938191e+00
22                                     3.8876260330005934e+00
23                                     3.8782568965172959e+00
24                                     3.8790091433517717e+00
25                                     3.8705140858273701e+00
26                                     2.0509607150218701e+00
27                                     2.8845896472691397e+00
28                                     5.1971030735875878e+00
29                                     1.9074516990306982e+00
30                                     1.9215626580324563e+00
31                                     1.8027222913476502e+00
32                                     3.7863444872992300e+00
33                                     9.2391994450822001e-01
34                                     9.2247036833883223e-01
35                                     9.3962304515243067e-01
36                                     9.4629076369072662e-01
37                                     9.3327609584720117e-01
38                                     9.3997162129643841e-01
39                                     9.3349301407506990e-01
40                                     8.3438435448023474e-01
41                                     9.3035678166016789e-01
42                                     9.4610746945098301e-01
43                                     9.3009368006901805e-01
44                                     9.3010915190572185e-01
45                                     9.4526943887970638e-01
46                                     8.4777018851728470e-01
47                                     8.5665851493548406e-01
48                                     7.4647707528121876e-01
49                                     9.1914998145100824e-01
50                                     9.2660857290292808e-01
51                                     9.3170257049691463e-01
   &BVA [&Type "ArrayOfDoubles", &Dim (52,1)] "Mayer's bonded valence"
                                                         0

0                                      3.7942281965343927e+00
1                                      3.9873414068023258e+00
2                                      2.0321022932556581e+00
3                                      3.0518152225962254e+00
4                                      3.9028575720932763e+00
5                                      3.9253570213046345e+00
6                                      3.9027037513851583e+00
7                                      3.8834255376191895e+00
8                                      3.9266781314341093e+00
9                                      3.9183998493391829e+00
10                                     2.9496820770578083e+00
11                                     3.8267570793807422e+00
12                                     3.9168621868895221e+00
13                                     3.7543079599421607e+00
14                                     3.8499790294915623e+00
15                                     3.7914987447188930e+00
16                                     3.8173455080545629e+00
17                                     3.8987249214123825e+00
18                                     2.0760189468301942e+00
19                                     3.8633259904039061e+00
20                                     3.8804307188390750e+00
21                                     3.8877743394938351e+00
22                                     3.8876260330006334e+00
23                                     3.8782568965172723e+00
24                                     3.8790091433517921e+00
25                                     3.8705140858274039e+00
26                                     2.0509607150219207e+00
27                                     2.8845896472691699e+00
28                                     5.1971030735876091e+00
29                                     1.9074516990306982e+00
30                                     1.9215626580324834e+00
31                                     1.8027222913476919e+00
32                                     3.7863444872992336e+00
33                                     9.2391994450820780e-01
34                                     9.2247036833882445e-01
35                                     9.3962304515242789e-01
36                                     9.4629076369071319e-01
37                                     9.3327609584720728e-01
38                                     9.3997162129644196e-01
39                                     9.3349301407507368e-01
40                                     8.3438435448024473e-01
41                                     9.3035678166016400e-01
42                                     9.4610746945099700e-01
43                                     9.3009368006901494e-01
44                                     9.3010915190572341e-01
45                                     9.4526943887969783e-01
46                                     8.4777018851728836e-01
47                                     8.5665851493548439e-01
48                                     7.4647707528122276e-01
49                                     9.1914998145100046e-01
50                                     9.2660857290292253e-01
51                                     9.3170257049691108e-01
   &FA [&Type "ArrayOfDoubles", &Dim (52,1)] "Mayer's free valence"
                                                         0

0                                      0.0000000000000000e+00
1                                      0.0000000000000000e+00
2                                      0.0000000000000000e+00
3                                      0.0000000000000000e+00
4                                      0.0000000000000000e+00
5                                      0.0000000000000000e+00
6                                      0.0000000000000000e+00
7                                      0.0000000000000000e+00
8                                      0.0000000000000000e+00
9                                      0.0000000000000000e+00
10                                     0.0000000000000000e+00
11                                     0.0000000000000000e+00
12                                     0.0000000000000000e+00
13                                     0.0000000000000000e+00
14                                     0.0000000000000000e+00
15                                     0.0000000000000000e+00
16                                     0.0000000000000000e+00
17                                     0.0000000000000000e+00
18                                     0.0000000000000000e+00
19                                     0.0000000000000000e+00
20                                     0.0000000000000000e+00
21                                     0.0000000000000000e+00
22                                     0.0000000000000000e+00
23                                     0.0000000000000000e+00
24                                     0.0000000000000000e+00
25                                     0.0000000000000000e+00
26                                     0.0000000000000000e+00
27                                     0.0000000000000000e+00
28                                     0.0000000000000000e+00
29                                     0.0000000000000000e+00
30                                     0.0000000000000000e+00
31                                     0.0000000000000000e+00
32                                     0.0000000000000000e+00
33                                     0.0000000000000000e+00
34                                     0.0000000000000000e+00
35                                     0.0000000000000000e+00
36                                     0.0000000000000000e+00
37                                     0.0000000000000000e+00
38                                     0.0000000000000000e+00
39                                     0.0000000000000000e+00
40                                     0.0000000000000000e+00
41                                     0.0000000000000000e+00
42                                     0.0000000000000000e+00
43                                     0.0000000000000000e+00
44                                     0.0000000000000000e+00
45                                     0.0000000000000000e+00
46                                     0.0000000000000000e+00
47                                     0.0000000000000000e+00
48                                     0.0000000000000000e+00
49                                     0.0000000000000000e+00
50                                     0.0000000000000000e+00
51                                     0.0000000000000000e+00
   &Method [&Type "String"] "SCF"
   &Level [&Type "String"] "Relaxed density"
   &Mult [&Type "Integer"] 1
   &State [&Type "Integer"] -1
   &Irrep [&Type "Integer"] 0
$End
$SCF_Energy
   &GeometryIndex 1
   &Method [&Type "String"] "SCF"
   &totalEnergy [&Type "ArrayOfDoubles", &Dim (1,1)] "Total energy of each state"
                                                         0

0                                     -1.9007418584646746e+03
   &Mult [&Type "ArrayOfIntegers", &Dim (1,1)] "Multiplicity of each state"
                                                         0

0                                                        1
$End
$DFT_Energy
   &GeometryIndex 1
   &nAlphaEl [&Type "Integer"] 121
   &nBetaEl [&Type "Integer"] 121
   &nTotalEl [&Type "Integer"] 242
   &finalEn [&Type "Double"]      -1.9007418584646746e+03  "No Van der Waals correction"
   &eExchange [&Type "Double"]      -1.7528464629861958e+02
   &eCorr [&Type "Double"]      -9.9943023243288902e+00
   &eXC [&Type "Double"]      -1.8527894862294846e+02
   &eCNL [&Type "Double"]       0.0000000000000000e+00
$End
$Solvation_Details
   &GeometryIndex 1
   &Solvent [&Type "String"] "WATER"
   &Epsilon [&Type "Double"]       8.0150999999999996e+01
   &Refrac [&Type "Double"]       1.3328000000000000e+00
   &RSolv [&Type "Double"]       1.3000000000000000e+00
   &SurfaceType [&Type "String"] "GAUSSIAN VDW"
   &CPCMDielEnergy [&Type "Double"]      -4.3672513000000003e-02
   &NPoints [&Type "Integer"] 4433
   &SurfaceArea [&Type "Double"]       1.6376601045830000e+03
$End
$SCF_Timings
   &GeometryIndex 1
   &TOTAL [&Type "Double"]       8.5659428000000005e+01
   &PREP [&Type "Double"]       1.4436000000000002e+00
   &FOCK [&Type "Double"]       8.0656694000000002e+01
   &DENS [&Type "Double"]       1.9954899999999043e-01
   &ETOT [&Type "Double"]       1.1269699999996696e-01
   &POP [&Type "Double"]       7.8428999999999860e-02
   &TRAFO [&Type "Double"]       1.9370000000000331e-01
   &DIIS [&Type "Double"]       7.9358900000000432e-01
   &SOSCF [&Type "Double"]       7.4346199999999207e-01
   &XC [&Type "Double"]       7.1687060000000082e+00
   &FOCKSTART [&Type "Double"]       2.6288999999994678e-02
   &SOLV [&Type "Double"]       1.4785597000000022e+01
   &SOLV_INIT [&Type "Double"]       7.2085300000000019e-01
   &SOLV_FINAL [&Type "Double"]       1.0000000116860974e-06
   &INT_PREP [&Type "Double"]       3.9999999961182198e-06
   &INT_BF [&Type "Double"]       2.0346669999996365e+00
   &INT_DENS [&Type "Double"]       1.8302020000000141e+00
   &INT_DENSIO [&Type "Double"]       3.5632034262500057e+05
   &INT_FUNC [&Type "Double"]       2.2406600000025634e-01
   &INT_POT [&Type "Double"]       1.6631559999998800e+00
   &INT_POTIO [&Type "Double"]       5.6016000000143507e-02
   &INT_SUM [&Type "Double"]       2.4080000000079593e-03
   &SPLITRIJ [&Type "Double"]       9.7028539999999772e+00
   &COSX [&Type "Double"]       5.1500056999999984e+01
   &FROZCORE [&Type "Double"]       1.2810000000001764e-02
$End
$CIS_Absorption_Spectrum
   &GeometryIndex 1
   &Method [&Type "Integer"] 20
   &RelCorrection [&Type "Integer"] 1 "Type of relativistic treatment in QDPT. 0->Unknow, 1->None, 2->SOC, 3->SSC, 4->SOC/SSC"
   &DensType [&Type "Integer"] 3 "Type of density (electron/spin ...). 0->Unknow, 1->Electronic, 2->Spin, 3->Trans/Electronic, 4->Tran/Spin"
   &DeriType [&Type "Integer"] 0 "Type of derivative (w.r.t. to what perturbation). 0->Unknown, 1->No Derivative, 2->Electric/Dipole, 3->Electric/Quad, 4->Magnetic/Dipole, 5->Magnetic/Quad"
   &DensLevel [&Type "Integer"] 0 "// Source of density: relaxed, unrelaxed, ... 0->Unknown, 1->Linearized, 2->Unrelaxed, 3->Relaxed"
   &Density_name [&Type "String"] "Tdens-CIS"
   &Representation [&Type "String"] "Length" "Possible values: Unknown,  Length, Velocity"
   &PointGroup [&Type "String"] "C1"
   &DoHigherMoments [&Type "Boolean"] false
   &NTrans [&Type "Integer"] 8
   &ExcitationEnergies [&Type "ArrayOfDoubles", &Dim (8,11)] 
                                                         0                           1                           2                           3                           4                           5                           6                           7

0                                      1.9505891636676975e+00         1.5732564248442295e+04         6.3562429125246467e+02         2.0643185487228047e-01         4.3196920603777214e+00        -1.6521729204347215e+00         0.0000000000000000e+00         1.2369246441921420e+00
1                                      2.6978870013784286e+00         2.1759928423069174e+04         4.5956033519845232e+02         8.3781803905370697e-02         1.2675579741745118e+00         3.0083595498017068e-01         0.0000000000000000e+00         1.0721507790624520e+00
2                                      3.0158064330843892e+00         2.4324121836169859e+04         4.1111453343939615e+02         1.0444633636740215e-01         1.4136165732188490e+00        -5.9426514040329583e-04         0.0000000000000000e+00         1.1842603270192973e+00
3                                      3.2536045652035219e+00         2.6242093319559670e+04         3.8106716100069849e+02         1.0587406134685899e-01         1.3282098136183402e+00         1.1229835735857594e+00         0.0000000000000000e+00         2.5579876010734232e-01
4                                      3.2846682060255246e+00         2.6492638505663221e+04         3.7746334695437531e+02         1.3931261065330415e-02         1.7311743332193316e-01        -4.1582047899571173e-01         0.0000000000000000e+00        -2.1973861305441410e-03
5                                      3.3342344205957759e+00         2.6892417028892727e+04         3.7185203506461244e+02         3.6836710971738353e-03         4.5094813636462144e-02        -1.5469771932525059e-01         0.0000000000000000e+00        -1.4467221715854292e-01
6                                      3.6134713565870751e+00         2.9144615040574954e+04         3.4311655810440664e+02         1.9175353039415140e-02         2.1660108738707820e-01        -3.1514642047178953e-01         0.0000000000000000e+00         2.5712025278879252e-01
7                                      3.6489735175287454e+00         2.9430959309464022e+04         3.3977825509698317e+02         7.4850262382429910e-03         8.3726800598636547e-02         2.7490661660773980e-01         0.0000000000000000e+00        -5.0778207759396406e-02
                                                         8                           9                          10

0                                      0.0000000000000000e+00         2.4501862368005314e-01         0.0000000000000000e+00
1                                      0.0000000000000000e+00         1.6597713493568197e-01         0.0000000000000000e+00
2                                      0.0000000000000000e+00         1.0556371495897145e-01         0.0000000000000000e+00
3                                      0.0000000000000000e+00        -4.1045114233533742e-02         0.0000000000000000e+00
4                                      0.0000000000000000e+00        -1.4350402917804192e-02         0.0000000000000000e+00
5                                      0.0000000000000000e+00         1.5276742272472204e-02         0.0000000000000000e+00
6                                      0.0000000000000000e+00         2.2621449258772894e-01         0.0000000000000000e+00
7                                      0.0000000000000000e+00         7.4664090168335237e-02         0.0000000000000000e+00
   &States [&Type "ArrayOfIntegers", &Dim (8,4)] "The initial and Final states. Col1: Initial State  Col2: Initial Irrep Col3: Final State Col4: Final Irrep"
                                                         0                           1                           2                           3

0                                                        0                           0                           1                           0
1                                                        0                           0                           2                           0
2                                                        0                           0                           3                           0
3                                                        0                           0                           4                           0
4                                                        0                           0                           5                           0
5                                                        0                           0                           6                           0
6                                                        0                           0                           7                           0
7                                                        0                           0                           8                           0
   &Multiplicities [&Type "ArrayOfDoubles", &Dim (8,2)] "Col1: Multiplicity of the initial state  Col2: Multiplicity of the final state"
                                                         0                           1

0                                      1.0000000000000000e+00         1.0000000000000000e+00
1                                      1.0000000000000000e+00         1.0000000000000000e+00
2                                      1.0000000000000000e+00         1.0000000000000000e+00
3                                      1.0000000000000000e+00         1.0000000000000000e+00
4                                      1.0000000000000000e+00         1.0000000000000000e+00
5                                      1.0000000000000000e+00         1.0000000000000000e+00
6                                      1.0000000000000000e+00         1.0000000000000000e+00
7                                      1.0000000000000000e+00         1.0000000000000000e+00
   &Temperature [&Type "Double"]       2.9814999999999998e+02
$End
$CIS_Absorption_Spectrum
   &GeometryIndex 1
   &Method [&Type "Integer"] 20
   &RelCorrection [&Type "Integer"] 1 "Type of relativistic treatment in QDPT. 0->Unknow, 1->None, 2->SOC, 3->SSC, 4->SOC/SSC"
   &DensType [&Type "Integer"] 3 "Type of density (electron/spin ...). 0->Unknow, 1->Electronic, 2->Spin, 3->Trans/Electronic, 4->Tran/Spin"
   &DeriType [&Type "Integer"] 0 "Type of derivative (w.r.t. to what perturbation). 0->Unknown, 1->No Derivative, 2->Electric/Dipole, 3->Electric/Quad, 4->Magnetic/Dipole, 5->Magnetic/Quad"
   &DensLevel [&Type "Integer"] 0 "// Source of density: relaxed, unrelaxed, ... 0->Unknown, 1->Linearized, 2->Unrelaxed, 3->Relaxed"
   &Density_name [&Type "String"] "Tdens-CIS"
   &Representation [&Type "String"] "Velocity" "Possible values: Unknown,  Length, Velocity"
   &PointGroup [&Type "String"] "C1"
   &DoHigherMoments [&Type "Boolean"] false
   &NTrans [&Type "Integer"] 8
   &ExcitationEnergies [&Type "ArrayOfDoubles", &Dim (8,11)] 
                                                         0                           1                           2                           3                           4                           5                           6                           7

0                                      1.9505891636676975e+00         1.5732564248442295e+04         6.3562429125246467e+02         4.1025288858275437e-02         4.4112136476285799e-03         4.6802621771113870e-02         0.0000000000000000e+00         3.3572504034971723e-02
1                                      2.6978870013784286e+00         2.1759928423069174e+04         4.5956033519845232e+02         3.8685342677481352e-03         5.7532181451006525e-04        -1.9674118384051337e-02         0.0000000000000000e+00        -5.5174663068305917e-03
2                                      3.0158064330843892e+00         2.4324121836169859e+04         4.1111453343939615e+02         4.4764846726417307e-03         7.4418549811895631e-04         1.0707400744224754e-02         0.0000000000000000e+00        -2.5090351174156873e-02
3                                      3.2536045652035219e+00         2.6242093319559670e+04         3.8106716100069849e+02         4.6312697019096002e-02         8.3062591985796456e-03        -8.8645696453846776e-02         0.0000000000000000e+00        -1.7990638065233971e-02
4                                      3.2846682060255246e+00         2.6492638505663221e+04         3.7746334695437531e+02         6.3504251903833912e-03         1.1498334765440068e-03         3.3860592763515537e-02         0.0000000000000000e+00        -1.6838427629710195e-03
5                                      3.3342344205957759e+00         2.6892417028892727e+04         3.7185203506461244e+02         2.8138850565371577e-03         5.1718166657632790e-04         2.1215361349737859e-02         0.0000000000000000e+00         7.8990458414362336e-03
6                                      3.6134713565870751e+00         2.9144615040574954e+04         3.4311655810440664e+02         3.0576747771789525e-03         6.0905504486928684e-04        -4.2141969871242347e-03         0.0000000000000000e+00        -1.9776540162386263e-02
7                                      3.6489735175287454e+00         2.9430959309464022e+04         3.3977825509698317e+02         1.2011541465742662e-02         2.4160732331524933e-03        -4.7036572998041329e-02         0.0000000000000000e+00         9.7276378476085449e-03
                                                         8                           9                          10

0                                      0.0000000000000000e+00         3.3069853579966835e-02         0.0000000000000000e+00
1                                      0.0000000000000000e+00         1.2562183165094658e-02         0.0000000000000000e+00
2                                      0.0000000000000000e+00        -1.0651468920408767e-04         0.0000000000000000e+00
3                                      0.0000000000000000e+00        -1.1159598594835597e-02         0.0000000000000000e+00
4                                      0.0000000000000000e+00        -6.7705819318273806e-04         0.0000000000000000e+00
5                                      0.0000000000000000e+00         2.1668373661320127e-03         0.0000000000000000e+00
6                                      0.0000000000000000e+00         1.4148641200784016e-02         0.0000000000000000e+00
7                                      0.0000000000000000e+00         1.0440646323776925e-02         0.0000000000000000e+00
   &States [&Type "ArrayOfIntegers", &Dim (8,4)] "The initial and Final states. Col1: Initial State  Col2: Initial Irrep Col3: Final State Col4: Final Irrep"
                                                         0                           1                           2                           3

0                                                        0                           0                           1                           0
1                                                        0                           0                           2                           0
2                                                        0                           0                           3                           0
3                                                        0                           0                           4                           0
4                                                        0                           0                           5                           0
5                                                        0                           0                           6                           0
6                                                        0                           0                           7                           0
7                                                        0                           0                           8                           0
   &Multiplicities [&Type "ArrayOfDoubles", &Dim (8,2)] "Col1: Multiplicity of the initial state  Col2: Multiplicity of the final state"
                                                         0                           1

0                                      1.0000000000000000e+00         1.0000000000000000e+00
1                                      1.0000000000000000e+00         1.0000000000000000e+00
2                                      1.0000000000000000e+00         1.0000000000000000e+00
3                                      1.0000000000000000e+00         1.0000000000000000e+00
4                                      1.0000000000000000e+00         1.0000000000000000e+00
5                                      1.0000000000000000e+00         1.0000000000000000e+00
6                                      1.0000000000000000e+00         1.0000000000000000e+00
7                                      1.0000000000000000e+00         1.0000000000000000e+00
   &Temperature [&Type "Double"]       2.9814999999999998e+02
$End
$CIS_ECD_Spectrum
   &GeometryIndex 1
   &Method [&Type "Integer"] 20
   &RelCorrection [&Type "Integer"] 1 "Type of relativistic treatment in QDPT. 0->Unknow, 1->None, 2->SOC, 3->SSC, 4->SOC/SSC"
   &DensType [&Type "Integer"] 3 "Type of density (electron/spin ...). 0->Unknow, 1->Electronic, 2->Spin, 3->Trans/Electronic, 4->Tran/Spin"
   &DeriType [&Type "Integer"] 0 "Type of derivative (w.r.t. to what perturbation). 0->Unknown, 1->No Derivative, 2->Electric/Dipole, 3->Electric/Quad, 4->Magnetic/Dipole, 5->Magnetic/Quad"
   &DensLevel [&Type "Integer"] 0 "// Source of density: relaxed, unrelaxed, ... 0->Unknown, 1->Linearized, 2->Unrelaxed, 3->Relaxed"
   &Density_name [&Type "String"] "Tdens-CIS"
   &Representation [&Type "String"] "Length" "Possible values: Unknown,  Length, Velocity"
   &PointGroup [&Type "String"] "C1"
   &DoHigherMoments [&Type "Boolean"] false
   &NTrans [&Type "Integer"] 8
   &ExcitationEnergies [&Type "ArrayOfDoubles", &Dim (8,10)] 
                                                         0                           1                           2                           3                           4                           5                           6                           7

0                                      1.9505891636676975e+00         1.5732564248442295e+04         6.3562429125246467e+02         8.9625826937240660e+01         1.0817468046684708e-02         0.0000000000000000e+00        -1.5214622471288455e-01         0.0000000000000000e+00
1                                      2.6978870013784286e+00         2.1759928423069174e+04         4.5956033519845232e+02        -6.2223104431292647e+01         1.4129298062025200e-01         0.0000000000000000e+00         8.3855116708000194e-02         0.0000000000000000e+00
2                                      3.0158064330843892e+00         2.4324121836169859e+04         4.1111453343939615e+02         2.0745412584712550e+01        -1.9834340307963502e-01         0.0000000000000000e+00        -5.4158949192019593e-02         0.0000000000000000e+00
3                                      3.2536045652035219e+00         2.6242093319559670e+04         3.8106716100069849e+02        -6.0566064611547446e+01         7.8749323784118336e-02         0.0000000000000000e+00         1.4638572199532265e-01         0.0000000000000000e+00
4                                      3.2846682060255246e+00         2.6492638505663221e+04         3.7746334695437531e+02         1.3484983483342853e+01         7.2072933141556120e-02         0.0000000000000000e+00        -6.7355378042136579e-02         0.0000000000000000e+00
5                                      3.3342344205957759e+00         2.6892417028892727e+04         3.7185203506461244e+02        -3.9945538718932339e-01        -4.0684764953035080e-03         0.0000000000000000e+00        -1.8904476658594262e-03         0.0000000000000000e+00
6                                      3.6134713565870751e+00         2.9144615040574954e+04         3.4311655810440664e+02        -5.7574038898523909e+00        -2.0346908998493268e-01         0.0000000000000000e+00         8.4473899599833875e-03         0.0000000000000000e+00
7                                      3.6489735175287454e+00         2.9430959309464022e+04         3.3977825509698317e+02         4.0755212100887945e+00        -1.5847087557872230e-02         0.0000000000000000e+00         3.4432433564742980e-02         0.0000000000000000e+00
                                                         8                           9

0                                      6.5134788103115654e-02         0.0000000000000000e+00
1                                     -2.5853070342929194e-03         0.0000000000000000e+00
2                                      1.8962066680117889e-01         0.0000000000000000e+00
3                                     -6.3052173997054276e-02         0.0000000000000000e+00
4                                     -8.4891139672764876e-02         0.0000000000000000e+00
5                                     -3.6388174362763522e-03         0.0000000000000000e+00
6                                     -2.3907595654425887e-01         0.0000000000000000e+00
7                                     -3.4015743302643557e-02         0.0000000000000000e+00
   &States [&Type "ArrayOfIntegers", &Dim (8,4)] "The initial and Final states. Col1: Initial State  Col2: Initial Irrep Col3: Final State Col4: Final Irrep"
                                                         0                           1                           2                           3

0                                                        0                           0                           1                           0
1                                                        0                           0                           2                           0
2                                                        0                           0                           3                           0
3                                                        0                           0                           4                           0
4                                                        0                           0                           5                           0
5                                                        0                           0                           6                           0
6                                                        0                           0                           7                           0
7                                                        0                           0                           8                           0
   &Multiplicities [&Type "ArrayOfDoubles", &Dim (8,2)] "Col1: Multiplicity of the initial state  Col2: Multiplicity of the final state"
                                                         0                           1

0                                      1.0000000000000000e+00         1.0000000000000000e+00
1                                      1.0000000000000000e+00         1.0000000000000000e+00
2                                      1.0000000000000000e+00         1.0000000000000000e+00
3                                      1.0000000000000000e+00         1.0000000000000000e+00
4                                      1.0000000000000000e+00         1.0000000000000000e+00
5                                      1.0000000000000000e+00         1.0000000000000000e+00
6                                      1.0000000000000000e+00         1.0000000000000000e+00
7                                      1.0000000000000000e+00         1.0000000000000000e+00
   &Temperature [&Type "Double"]       2.9814999999999998e+02
$End
$CIS_ECD_Spectrum
   &GeometryIndex 1
   &Method [&Type "Integer"] 20
   &RelCorrection [&Type "Integer"] 1 "Type of relativistic treatment in QDPT. 0->Unknow, 1->None, 2->SOC, 3->SSC, 4->SOC/SSC"
   &DensType [&Type "Integer"] 3 "Type of density (electron/spin ...). 0->Unknow, 1->Electronic, 2->Spin, 3->Trans/Electronic, 4->Tran/Spin"
   &DeriType [&Type "Integer"] 0 "Type of derivative (w.r.t. to what perturbation). 0->Unknown, 1->No Derivative, 2->Electric/Dipole, 3->Electric/Quad, 4->Magnetic/Dipole, 5->Magnetic/Quad"
   &DensLevel [&Type "Integer"] 0 "// Source of density: relaxed, unrelaxed, ... 0->Unknown, 1->Linearized, 2->Unrelaxed, 3->Relaxed"
   &Density_name [&Type "String"] "Tdens-CIS"
   &Representation [&Type "String"] "Velocity" "Possible values: Unknown,  Length, Velocity"
   &PointGroup [&Type "String"] "C1"
   &DoHigherMoments [&Type "Boolean"] false
   &NTrans [&Type "Integer"] 8
   &ExcitationEnergies [&Type "ArrayOfDoubles", &Dim (8,10)] 
                                                         0                           1                           2                           3                           4                           5                           6                           7

0                                      1.9505891636676975e+00         1.5732564248442295e+04         6.3562429125246467e+02        -1.6097914279077255e+01         1.0817468046684708e-02         0.0000000000000000e+00        -1.5214622471288455e-01         0.0000000000000000e+00
1                                      2.6978870013784286e+00         2.1759928423069174e+04         4.5956033519845232e+02        -1.5572883037116618e+01         1.4129298062025200e-01         0.0000000000000000e+00         8.3855116708000194e-02         0.0000000000000000e+00
2                                      3.0158064330843892e+00         2.4324121836169859e+04         4.1111453343939615e+02        -3.3395903052991005e+00        -1.9834340307963502e-01         0.0000000000000000e+00        -5.4158949192019593e-02         0.0000000000000000e+00
3                                      3.2536045652035219e+00         2.6242093319559670e+04         3.8106716100069849e+02        -3.5134603044707461e+01         7.8749323784118336e-02         0.0000000000000000e+00         1.4638572199532265e-01         0.0000000000000000e+00
4                                      3.2846682060255246e+00         2.6492638505663221e+04         3.7746334695437531e+02         1.0198965603267215e+01         7.2072933141556120e-02         0.0000000000000000e+00        -6.7355378042136579e-02         0.0000000000000000e+00
5                                      3.3342344205957759e+00         2.6892417028892727e+04         3.7185203506461244e+02        -4.1989570875258941e-01        -4.0684764953035080e-03         0.0000000000000000e+00        -1.8904476658594262e-03         0.0000000000000000e+00
6                                      3.6134713565870751e+00         2.9144615040574954e+04         3.4311655810440664e+02        -9.5580593102479163e+00        -2.0346908998493268e-01         0.0000000000000000e+00         8.4473899599833875e-03         0.0000000000000000e+00
7                                      3.6489735175287454e+00         2.9430959309464022e+04         3.3977825509698317e+02         2.5495848044006779e+00        -1.5847087557872230e-02         0.0000000000000000e+00         3.4432433564742980e-02         0.0000000000000000e+00
                                                         8                           9

0                                      6.5134788103115654e-02         0.0000000000000000e+00
1                                     -2.5853070342929194e-03         0.0000000000000000e+00
2                                      1.8962066680117889e-01         0.0000000000000000e+00
3                                     -6.3052173997054276e-02         0.0000000000000000e+00
4                                     -8.4891139672764876e-02         0.0000000000000000e+00
5                                     -3.6388174362763522e-03         0.0000000000000000e+00
6                                     -2.3907595654425887e-01         0.0000000000000000e+00
7                                     -3.4015743302643557e-02         0.0000000000000000e+00
   &States [&Type "ArrayOfIntegers", &Dim (8,4)] "The initial and Final states. Col1: Initial State  Col2: Initial Irrep Col3: Final State Col4: Final Irrep"
                                                         0                           1                           2                           3

0                                                        0                           0                           1                           0
1                                                        0                           0                           2                           0
2                                                        0                           0                           3                           0
3                                                        0                           0                           4                           0
4                                                        0                           0                           5                           0
5                                                        0                           0                           6                           0
6                                                        0                           0                           7                           0
7                                                        0                           0                           8                           0
   &Multiplicities [&Type "ArrayOfDoubles", &Dim (8,2)] "Col1: Multiplicity of the initial state  Col2: Multiplicity of the final state"
                                                         0                           1

0                                      1.0000000000000000e+00         1.0000000000000000e+00
1                                      1.0000000000000000e+00         1.0000000000000000e+00
2                                      1.0000000000000000e+00         1.0000000000000000e+00
3                                      1.0000000000000000e+00         1.0000000000000000e+00
4                                      1.0000000000000000e+00         1.0000000000000000e+00
5                                      1.0000000000000000e+00         1.0000000000000000e+00
6                                      1.0000000000000000e+00         1.0000000000000000e+00
7                                      1.0000000000000000e+00         1.0000000000000000e+00
   &Temperature [&Type "Double"]       2.9814999999999998e+02
$End
$CIS_Energies
   &GeometryIndex 1
   &e0 [&Type "Double"]      -1.9007418584646746e+03  "Ground state energy"
   &multP1 [&Type "Boolean"] false "Do the higher multiplicity too?"
   &mode [&Type "String"] "TDA" "CIS mode: CIS, RPA, TDA, TD-DFT, sTDA, sTD-DFT"
   &dCorr [&Type "Integer"] 0 "(D) Correction algorithm"
   &Method [&Type "String"] "TDA/CIS"
   &totalEnergy [&Type "ArrayOfDoubles", &Dim (8,1)] "Total energy of each state"
                                                         0

0                                     -1.9006701756275695e+03
1                                     -1.9006427129356980e+03
2                                     -1.9006310296108543e+03
3                                     -1.9006222906897704e+03
4                                     -1.9006211491219065e+03
5                                     -1.9006193275969276e+03
6                                     -1.9006090658277303e+03
7                                     -1.9006077611472435e+03
   &Mult [&Type "ArrayOfIntegers", &Dim (8,1)] "Multiplicity of each state"
                                                         0

0                                                        1
1                                                        1
2                                                        1
3                                                        1
4                                                        1
5                                                        1
6                                                        1
7                                                        1
   &RelCorr [&Type "String"] "None" "Relativistic correction (SOC and/or SSC)"
   &NBlocks [&Type "Integer"] 1 "Number of multiplicity blocks"
   &NRoots [&Type "ArrayOfIntegers", &Dim (1,1)] "Number of roots in each block"
                                                         0

0                                                        8
   &NTotalRoots [&Type "Integer"] 8 "Total number of roots"
   &Block [&Type "ArrayOfIntegers", &Dim (8,1)] "Block index of each state"
                                                         0

0                                                        0
1                                                        0
2                                                        0
3                                                        0
4                                                        0
5                                                        0
6                                                        0
7                                                        0
   &Root [&Type "ArrayOfIntegers", &Dim (8,1)] "Root index within the block"
                                                         0

0                                                        0
1                                                        1
2                                                        2
3                                                        3
4                                                        4
5                                                        5
6                                                        6
7                                                        7
$End
$Single_Point_Data
   &GeometryIndex 1
   &FinalEnergy [&Type "Double"]      -1.9006701756275695e+03  "Final single point energy"
   &Converged [&Type "Boolean"] true
$End
$Calculation_Info
   &GeometryIndex 1
   &Mult [&Type "Integer"] 1
   &Charge [&Type "Integer"] 0
   &NumOfAtoms [&Type "Integer"] 52
   &NumOfElectrons [&Type "Integer"] 242
   &NumOfBasisFuncts [&Type "Integer"] 504
   &NumOfAuxCBasisFuncts [&Type "Integer"] 0
   &NumOfAuxJBasisFuncts [&Type "Integer"] 1828
   &NumOfAuxJKBasisFuncts [&Type "Integer"] 0
   &NumOfCABSBasisFuncts [&Type "Integer"] 0
$End
$SCF_Dipole_Moment
   &GeometryIndex 1
   &dipoleMagnitude [&Type "Double", &Units "a.u."]       2.6074665569493898e+00
   &dipoleElecContrib [&Type "ArrayOfDoubles", &Dim (3,1)] "Electronic contribution"
                                                         0

0                                     -3.1084852709959215e+01
1                                     -1.6684326650054754e+01
2                                     -6.3109732151185334e+00
   &dipoleNucContrib [&Type "ArrayOfDoubles", &Dim (3,1)] "Nuclear contribution"
                                                         0

0                                      3.1846093745930276e+01
1                                      1.8658265579177566e+01
2                                      7.8350988775416468e+00
   &dipoleTotal [&Type "ArrayOfDoubles", &Dim (3,1)] "Total"
                                                         0

0                                      7.6124103597106085e-01
1                                      1.9739389291228129e+00
2                                      1.5241256624231134e+00
   &doAtomicDipole [&Type "Boolean"] false
   &Method [&Type "String"] "SCF"
   &Level [&Type "String"] "Relaxed density"
   &Mult [&Type "Integer"] 1
   &State [&Type "Integer"] -1
   &Irrep [&Type "Integer"] 0
$End
$Calculation_Timings
   &GeometryIndex 1
   &GTOINT [&Type "Double"]       6.8176709999999998e+00
   &SCF [&Type "Double"]       9.4147068999999988e+01
   &CIS [&Type "Double"]       7.8151293000000010e+01
   &PROPINT [&Type "Double"]       3.2667969999999968e+00
   &PROP [&Type "Double"]       3.2289260000000013e+00
   &SUM [&Type "Double"]       1.8561175600000001e+02
$End
