*************************************************
******************* ORCA 6.1.1 ******************
*************************************************
$Calculation_Status
   &GeometryIndex 1
   &version [&Type "String"] "6.1.1"
   &progName [&Type "String"] "ProgCIS"
   &Status [&Type "String"] "NORMAL TERMINATION"
$End
$Geometry
   &GeometryIndex 1
   &NAtoms [&Type "Integer"] 52
   &NCorelessECP [&Type "Integer"] 0
   &NGhostAtoms [&Type "Integer"] 0
   &CartesianCoordinates [&Type "Coordinates", &Dim(52,4), &Units "Bohr"] 
              C     13.954348156824    1.054915603733    1.811497083691
              C     11.588848991283   -0.072915737259    0.611107445230
              O     11.697331570835   -2.058529466886   -0.568708098401
              N      9.351913149020    1.271486395113    0.912668069276
              C      7.014632457889    0.276705490216   -0.019031153689
              C      6.820607448446   -0.754449716839   -2.454787256690
              C      4.512235642281   -1.630503739060   -3.343164523044
              C      2.324241894436   -1.512656837680   -1.844856955758
              C      2.516770291795   -0.487188844382    0.584904901852
              C      4.835917995809    0.384900862822    1.478267674876
              N      0.080407667189   -2.532128766691   -2.842693499624
              C     -2.324456618689   -2.636296962332   -1.751735755558
              C     -3.441366907803   -5.054369866878   -1.668020682848
              C     -5.783831041815   -5.472951175870   -0.616427358785
              C     -7.232026570296   -3.478741827937    0.493032964472
              C     -6.159429838777   -0.994576119221    0.353695789402
              C     -3.752617501836   -0.571007891990   -0.819180388062
              C     -2.868059576237    2.068302719285   -1.292812031181
              O     -0.943054517443    2.511511757963   -2.513355163949
              C     -4.399331667448    4.197336983425   -0.288707064349
              C     -3.539693658286    6.678654906509   -0.640665772439
              C     -4.926391922694    8.698992086292    0.312294185065
              C     -7.185012364687    8.258936503039    1.625776175355
              C     -8.051065240921    5.801242250367    1.975480268857
              C     -6.661474828166    3.757334444493    1.017653040055
              C     -7.635131167778    1.151250772718    1.371356284020
              O     -9.679334037566    0.864609728935    2.490590818125
              N     -9.473529789641   -3.955071780388    1.619723995683
              S     -6.847435245104   -8.676709416268   -0.547101144249
              O     -9.571484943462   -8.731959270502   -0.978075680633
              O     -5.107258774602  -10.241157537065   -2.012100042774
              O     -6.488993753120   -9.451722952820    2.439927278506
              C      9.238397041740    3.567913837491    2.451889057339
              H     13.724763088552    1.415048985396    3.837881265177
              H     14.485964093406    2.844800857451    0.910869502982
              H     15.480403696961   -0.302204453394    1.531977161298
              H      8.479786220290   -0.877923232695   -3.642842120710
              H      4.391391705993   -2.399031373185   -5.246355183807
              H      0.874305530298   -0.407470942148    1.808743730708
              H      4.936008882036    1.135385170031    3.385847025959
              H      0.405129643037   -3.960456989508   -4.072275897527
              H     -2.407228265458   -6.659574413915   -2.420571582484
              H     -1.786066486001    6.964205759996   -1.663543755361
              H     -4.256902622110   10.621060182981    0.037508823041
              H     -8.265551519856    9.839678691050    2.368265775546
              H     -9.798239014935    5.413276257296    2.974499010030
              H    -10.375112455233   -5.599616928593    1.246947175944
              H    -10.432989085647   -2.425139582897    2.273230132204
              H     -4.913169938884  -10.402259042883    2.576569323167
              H      9.050622724610    3.169893608976    4.482260805245
              H     10.931472944855    4.712607967577    2.170870386782
              H      7.610738554706    4.686563027231    1.853288957412
$End
$SCF_Mulliken_Population_Analysis
   &GeometryIndex 1
   &NAtoms [&Type "Integer"] 52
   &ATNO [&Type "ArrayOfIntegers", &Dim (52,1)] 
                                                         0

0                                                        6
1                                                        6
2                                                        8
3                                                        7
4                                                        6
5                                                        6
6                                                        6
7                                                        6
8                                                        6
9                                                        6
10                                                       7
11                                                       6
12                                                       6
13                                                       6
14                                                       6
15                                                       6
16                                                       6
17                                                       6
18                                                       8
19                                                       6
20                                                       6
21                                                       6
22                                                       6
23                                                       6
24                                                       6
25                                                       6
26                                                       8
27                                                       7
28                                                      16
29                                                       8
30                                                       8
31                                                       8
32                                                       6
33                                                       1
34                                                       1
35                                                       1
36                                                       1
37                                                       1
38                                                       1
39                                                       1
40                                                       1
41                                                       1
42                                                       1
43                                                       1
44                                                       1
45                                                       1
46                                                       1
47                                                       1
48                                                       1
49                                                       1
50                                                       1
51                                                       1
   &AtomicCharges [&Type "ArrayOfDoubles", &Dim (52,1)] 
                                                         0

0                                     -5.6352408624394368e-01
1                                      5.0547699980499861e-01
2                                     -5.0734721806772853e-01
3                                     -4.6072106106690303e-01
4                                      2.4620256742868207e-01
5                                     -1.6077684951258053e-01
6                                     -2.3246675423152663e-01
7                                      3.3316313448010870e-01
8                                     -1.9755608304351746e-01
9                                     -2.0286529461946756e-01
10                                    -7.1448608770392852e-01
11                                     2.6105130933216358e-01
12                                    -1.8945726401862739e-01
13                                    -2.4433286668547716e-01
14                                     3.1239810596573392e-01
15                                    -2.6161168794387457e-02
16                                     1.2428204530652742e-02
17                                     2.9959570984468797e-01
18                                    -4.3555033089992179e-01
19                                     4.3447100275262329e-02
20                                    -1.8751551675504885e-01
21                                    -1.4387285929241500e-01
22                                    -1.4373021661620733e-01
23                                    -1.8689328685537099e-01
24                                     4.6472670535970373e-02
25                                     3.1374265642715038e-01
26                                    -4.9135612128942796e-01
27                                    -8.2479482892828404e-01
28                                     1.2617321922553462e+00
29                                    -5.4481478610193612e-01
30                                    -5.3699969279808002e-01
31                                    -6.7113581568660940e-01
32                                    -3.4366308633584985e-01
33                                     1.9394978886344449e-01
34                                     2.0015320169925421e-01
35                                     1.8156874794739908e-01
36                                     1.6335342084117599e-01
37                                     1.6401468023343324e-01
38                                     1.5807257176860845e-01
39                                     1.6837388253308760e-01
40                                     3.7242407801691346e-01
41                                     2.2309685356793163e-01
42                                     1.7658301040870850e-01
43                                     1.7900888838484630e-01
44                                     1.7906587037936772e-01
45                                     1.7750570260217846e-01
46                                     3.8637960463537468e-01
47                                     3.9679670532203670e-01
48                                     4.9469599440666379e-01
49                                     1.8066703391029126e-01
50                                     1.9097350364287813e-01
51                                     1.8762708550269314e-01
   &Method [&Type "String"] "SCF"
   &Level [&Type "String"] "Relaxed density"
   &Mult [&Type "Integer"] 1
   &State [&Type "Integer"] -1
   &Irrep [&Type "Integer"] 0
$End
$SCF_Loewdin_Population_Analysis
   &GeometryIndex 1
   &NAtoms [&Type "Integer"] 52
   &ATNO [&Type "ArrayOfIntegers", &Dim (52,1)] 
                                                         0

0                                                        6
1                                                        6
2                                                        8
3                                                        7
4                                                        6
5                                                        6
6                                                        6
7                                                        6
8                                                        6
9                                                        6
10                                                       7
11                                                       6
12                                                       6
13                                                       6
14                                                       6
15                                                       6
16                                                       6
17                                                       6
18                                                       8
19                                                       6
20                                                       6
21                                                       6
22                                                       6
23                                                       6
24                                                       6
25                                                       6
26                                                       8
27                                                       7
28                                                      16
29                                                       8
30                                                       8
31                                                       8
32                                                       6
33                                                       1
34                                                       1
35                                                       1
36                                                       1
37                                                       1
38                                                       1
39                                                       1
40                                                       1
41                                                       1
42                                                       1
43                                                       1
44                                                       1
45                                                       1
46                                                       1
47                                                       1
48                                                       1
49                                                       1
50                                                       1
51                                                       1
   &AtomicCharges [&Type "ArrayOfDoubles", &Dim (52,1)] 
                                                         0

0                                     -3.9996663279730793e-01
1                                      1.2668952115004117e-01
2                                     -3.1591001166016497e-01
3                                     -7.3429037428025978e-02
4                                      5.6322777546204961e-03
5                                     -1.3207520780955218e-01
6                                     -1.6406235871986574e-01
7                                      3.2908373980736094e-02
8                                     -1.6227830980969049e-01
9                                     -1.4368593874948754e-01
10                                    -1.8609008231222290e-01
11                                     2.6851654897987132e-02
12                                    -8.2388066666995385e-02
13                                    -2.1405006952790906e-01
14                                     7.7368672681277673e-02
15                                    -9.4053242738105780e-02
16                                    -4.2758317808440083e-02
17                                     1.2781824316830015e-01
18                                    -2.2145631778951369e-01
19                                    -4.7676994479226131e-02
20                                    -1.0338254421811488e-01
21                                    -1.1337688326236695e-01
22                                    -1.1379327492023261e-01
23                                    -1.0331611961635012e-01
24                                    -4.6280072195990840e-02
25                                     1.3991588259095256e-01
26                                    -2.6749646699830265e-01
27                                    -3.6380874489648907e-01
28                                     1.3027095858995530e+00
29                                    -5.6569408014304834e-01
30                                    -5.6695490954397521e-01
31                                    -5.2746634842142726e-01
32                                    -2.8129950340109477e-01
33                                     1.5569980908164449e-01
34                                     1.5936588182472522e-01
35                                     1.5067002145054342e-01
36                                     1.5018802554568267e-01
37                                     1.4675375860980255e-01
38                                     1.4584661955832390e-01
39                                     1.4995260556377354e-01
40                                     2.7910912854721759e-01
41                                     1.7744765658917983e-01
42                                     1.5580810372868314e-01
43                                     1.5403279578201823e-01
44                                     1.5407512612705521e-01
45                                     1.5618959841628599e-01
46                                     2.7077953855432069e-01
47                                     2.7824565483898067e-01
48                                     3.7761499434148993e-01
49                                     1.3500958266455287e-01
50                                     1.4807321828685771e-01
51                                     1.4799320427903240e-01
   &Method [&Type "String"] "SCF"
   &Level [&Type "String"] "Relaxed density"
   &Mult [&Type "Integer"] 1
   &State [&Type "Integer"] -1
   &Irrep [&Type "Integer"] 0
$End
$SCF_Mayer_Population_Analysis
   &GeometryIndex 1
   &NAtoms [&Type "Integer"] 52 "Total number of atoms"
   &NBondOrdersPrint [&Type "Integer"] 56 "The number of bond orders larger than threshold"
   &bondThresh [&Type "Double"]       1.0000000000000001e-01  "The threshold for printing"
   &components [&Type "ArrayOfIntegers", &Dim (56,4)] "The indices and atomic numbers of the bonding atoms"
                                                         0                           1                           2                           3

0                                                        0                           6                           1                           6
1                                                        0                           6                          33                           1
2                                                        0                           6                          34                           1
3                                                        0                           6                          35                           1
4                                                        1                           6                           2                           8
5                                                        1                           6                           3                           7
6                                                        3                           7                           4                           6
7                                                        3                           7                          32                           6
8                                                        4                           6                           5                           6
9                                                        4                           6                           9                           6
10                                                       5                           6                           6                           6
11                                                       5                           6                          36                           1
12                                                       6                           6                           7                           6
13                                                       6                           6                          37                           1
14                                                       7                           6                           8                           6
15                                                       7                           6                          10                           7
16                                                       8                           6                           9                           6
17                                                       8                           6                          38                           1
18                                                       9                           6                          39                           1
19                                                      10                           7                          11                           6
20                                                      10                           7                          40                           1
21                                                      11                           6                          12                           6
22                                                      11                           6                          16                           6
23                                                      12                           6                          13                           6
24                                                      12                           6                          41                           1
25                                                      13                           6                          14                           6
26                                                      13                           6                          28                          16
27                                                      14                           6                          15                           6
28                                                      14                           6                          27                           7
29                                                      15                           6                          16                           6
30                                                      15                           6                          25                           6
31                                                      16                           6                          17                           6
32                                                      17                           6                          18                           8
33                                                      17                           6                          19                           6
34                                                      19                           6                          20                           6
35                                                      19                           6                          24                           6
36                                                      20                           6                          21                           6
37                                                      20                           6                          42                           1
38                                                      21                           6                          22                           6
39                                                      21                           6                          43                           1
40                                                      22                           6                          23                           6
41                                                      22                           6                          44                           1
42                                                      23                           6                          24                           6
43                                                      23                           6                          45                           1
44                                                      24                           6                          25                           6
45                                                      25                           6                          26                           8
46                                                      26                           8                          47                           1
47                                                      27                           7                          46                           1
48                                                      27                           7                          47                           1
49                                                      28                          16                          29                           8
50                                                      28                          16                          30                           8
51                                                      28                          16                          31                           8
52                                                      31                           8                          48                           1
53                                                      32                           6                          49                           1
54                                                      32                           6                          50                           1
55                                                      32                           6                          51                           1
   &BondOrders [&Type "ArrayOfDoubles", &Dim (56,1)] "The bond orders"
                                                         0

0                                      9.9012853884226848e-01
1                                      9.2795596295186455e-01
2                                      9.2577416104887478e-01
3                                      9.4175133176910641e-01
4                                      1.8523995126683999e+00
5                                      1.1200144977855322e+00
6                                      8.9368634516780943e-01
7                                      9.4035585865033255e-01
8                                      1.4159568617487903e+00
9                                      1.4263406407422488e+00
10                                     1.4607407169954731e+00
11                                     9.1645586589519135e-01
12                                     1.3806571003452963e+00
13                                     9.2214402179549104e-01
14                                     1.4124326144619821e+00
15                                     9.4267438618533972e-01
16                                     1.4369877515382892e+00
17                                     9.1561947557289769e-01
18                                     9.1777913729246685e-01
19                                     9.8832122235686770e-01
20                                     8.1522577075981051e-01
21                                     1.2989517220686029e+00
22                                     1.3825945410419955e+00
23                                     1.4807390663930864e+00
24                                     8.8905753261576570e-01
25                                     1.1935713876418523e+00
26                                     8.2588904904215943e-01
27                                     1.2921852477181266e+00
28                                     1.2074438546215556e+00
29                                     1.2758613840279680e+00
30                                     1.0271813082191708e+00
31                                     9.6473556630654311e-01
32                                     1.8732792875754392e+00
33                                     9.7902619715940109e-01
34                                     1.3807378186280923e+00
35                                     1.3815831685542694e+00
36                                     1.4345165257827612e+00
37                                     9.1197642511464749e-01
38                                     1.4088330979903483e+00
39                                     9.2738101916559623e-01
40                                     1.4344149531458938e+00
41                                     9.2740170333510874e-01
42                                     1.3788525111194858e+00
43                                     9.1183652860936804e-01
44                                     9.9529846472599393e-01
45                                     1.7477681310701798e+00
46                                     1.1417788695975208e-01
47                                     7.7133923058370912e-01
48                                     7.2599057987990478e-01
49                                     1.6642067209719162e+00
50                                     1.6869784660814462e+00
51                                     9.6103914062153195e-01
52                                     7.1100988099778162e-01
53                                     9.3420242741180415e-01
54                                     9.3253793624108972e-01
55                                     9.3772561281969113e-01
   &ATNO [&Type "ArrayOfIntegers", &Dim (52,1)] "Atomic number of the elements"
                                                         0

0                                                        6
1                                                        6
2                                                        8
3                                                        7
4                                                        6
5                                                        6
6                                                        6
7                                                        6
8                                                        6
9                                                        6
10                                                       7
11                                                       6
12                                                       6
13                                                       6
14                                                       6
15                                                       6
16                                                       6
17                                                       6
18                                                       8
19                                                       6
20                                                       6
21                                                       6
22                                                       6
23                                                       6
24                                                       6
25                                                       6
26                                                       8
27                                                       7
28                                                      16
29                                                       8
30                                                       8
31                                                       8
32                                                       6
33                                                       1
34                                                       1
35                                                       1
36                                                       1
37                                                       1
38                                                       1
39                                                       1
40                                                       1
41                                                       1
42                                                       1
43                                                       1
44                                                       1
45                                                       1
46                                                       1
47                                                       1
48                                                       1
49                                                       1
50                                                       1
51                                                       1
   &NA [&Type "ArrayOfDoubles", &Dim (52,1)] "Mulliken gross atomic population"
                                                         0

0                                      6.5635240862439428e+00
1                                      5.4945230001950032e+00
2                                      8.5073472180677250e+00
3                                      7.4607210610669048e+00
4                                      5.7537974325713188e+00
5                                      6.1607768495125832e+00
6                                      6.2324667542315231e+00
7                                      5.6668368655198940e+00
8                                      6.1975560830435183e+00
9                                      6.2028652946194676e+00
10                                     7.7144860877039338e+00
11                                     5.7389486906678355e+00
12                                     6.1894572640186274e+00
13                                     6.2443328666854754e+00
14                                     5.6876018940342643e+00
15                                     6.0261611687943883e+00
16                                     5.9875717954693490e+00
17                                     5.7004042901553138e+00
18                                     8.4355503308999236e+00
19                                     5.9565528997247323e+00
20                                     6.1875155167550462e+00
21                                     6.1438728592924150e+00
22                                     6.1437302166162047e+00
23                                     6.1868932868553754e+00
24                                     5.9535273294640305e+00
25                                     5.6862573435728496e+00
26                                     8.4913561212894297e+00
27                                     7.8247948289282867e+00
28                                     1.4738267807744649e+01
29                                     8.5448147861019415e+00
30                                     8.5369996927980765e+00
31                                     8.6711358156866059e+00
32                                     6.3436630863358499e+00
33                                     8.0605021113655539e-01
34                                     7.9984679830074590e-01
35                                     8.1843125205260092e-01
36                                     8.3664657915882412e-01
37                                     8.3598531976656654e-01
38                                     8.4192742823139155e-01
39                                     8.3162611746691251e-01
40                                     6.2757592198308654e-01
41                                     7.7690314643206837e-01
42                                     8.2341698959129173e-01
43                                     8.2099111161515370e-01
44                                     8.2093412962063228e-01
45                                     8.2249429739782143e-01
46                                     6.1362039536462543e-01
47                                     6.0320329467796330e-01
48                                     5.0530400559333621e-01
49                                     8.1933296608970885e-01
50                                     8.0902649635712209e-01
51                                     8.1237291449730664e-01
   &ZA [&Type "ArrayOfDoubles", &Dim (52,1)] "Total nuclear charge"
                                                         0

0                                      6.0000000000000000e+00
1                                      6.0000000000000000e+00
2                                      8.0000000000000000e+00
3                                      7.0000000000000000e+00
4                                      6.0000000000000000e+00
5                                      6.0000000000000000e+00
6                                      6.0000000000000000e+00
7                                      6.0000000000000000e+00
8                                      6.0000000000000000e+00
9                                      6.0000000000000000e+00
10                                     7.0000000000000000e+00
11                                     6.0000000000000000e+00
12                                     6.0000000000000000e+00
13                                     6.0000000000000000e+00
14                                     6.0000000000000000e+00
15                                     6.0000000000000000e+00
16                                     6.0000000000000000e+00
17                                     6.0000000000000000e+00
18                                     8.0000000000000000e+00
19                                     6.0000000000000000e+00
20                                     6.0000000000000000e+00
21                                     6.0000000000000000e+00
22                                     6.0000000000000000e+00
23                                     6.0000000000000000e+00
24                                     6.0000000000000000e+00
25                                     6.0000000000000000e+00
26                                     8.0000000000000000e+00
27                                     7.0000000000000000e+00
28                                     1.6000000000000000e+01
29                                     8.0000000000000000e+00
30                                     8.0000000000000000e+00
31                                     8.0000000000000000e+00
32                                     6.0000000000000000e+00
33                                     1.0000000000000000e+00
34                                     1.0000000000000000e+00
35                                     1.0000000000000000e+00
36                                     1.0000000000000000e+00
37                                     1.0000000000000000e+00
38                                     1.0000000000000000e+00
39                                     1.0000000000000000e+00
40                                     1.0000000000000000e+00
41                                     1.0000000000000000e+00
42                                     1.0000000000000000e+00
43                                     1.0000000000000000e+00
44                                     1.0000000000000000e+00
45                                     1.0000000000000000e+00
46                                     1.0000000000000000e+00
47                                     1.0000000000000000e+00
48                                     1.0000000000000000e+00
49                                     1.0000000000000000e+00
50                                     1.0000000000000000e+00
51                                     1.0000000000000000e+00
   &QA [&Type "ArrayOfDoubles", &Dim (52,1)] "Mulliken gross atomic charge"
                                                         0

0                                     -5.6352408624394279e-01
1                                      5.0547699980499683e-01
2                                     -5.0734721806772498e-01
3                                     -4.6072106106690480e-01
4                                      2.4620256742868118e-01
5                                     -1.6077684951258320e-01
6                                     -2.3246675423152308e-01
7                                      3.3316313448010604e-01
8                                     -1.9755608304351835e-01
9                                     -2.0286529461946756e-01
10                                    -7.1448608770393385e-01
11                                     2.6105130933216447e-01
12                                    -1.8945726401862739e-01
13                                    -2.4433286668547538e-01
14                                     3.1239810596573570e-01
15                                    -2.6161168794388345e-02
16                                     1.2428204530650966e-02
17                                     2.9959570984468620e-01
18                                    -4.3555033089992357e-01
19                                     4.3447100275267658e-02
20                                    -1.8751551675504619e-01
21                                    -1.4387285929241500e-01
22                                    -1.4373021661620466e-01
23                                    -1.8689328685537543e-01
24                                     4.6472670535969485e-02
25                                     3.1374265642715038e-01
26                                    -4.9135612128942974e-01
27                                    -8.2479482892828671e-01
28                                     1.2617321922553515e+00
29                                    -5.4481478610194145e-01
30                                    -5.3699969279807647e-01
31                                    -6.7113581568660585e-01
32                                    -3.4366308633584985e-01
33                                     1.9394978886344461e-01
34                                     2.0015320169925410e-01
35                                     1.8156874794739908e-01
36                                     1.6335342084117588e-01
37                                     1.6401468023343346e-01
38                                     1.5807257176860845e-01
39                                     1.6837388253308749e-01
40                                     3.7242407801691346e-01
41                                     2.2309685356793163e-01
42                                     1.7658301040870827e-01
43                                     1.7900888838484630e-01
44                                     1.7906587037936772e-01
45                                     1.7750570260217857e-01
46                                     3.8637960463537457e-01
47                                     3.9679670532203670e-01
48                                     4.9469599440666379e-01
49                                     1.8066703391029115e-01
50                                     1.9097350364287791e-01
51                                     1.8762708550269336e-01
   &VA [&Type "ArrayOfDoubles", &Dim (52,1)] "Mayer's total valence"
                                                         0

0                                      3.8001709384534381e+00
1                                      4.0129988438763018e+00
2                                      2.0381610239076275e+00
3                                      3.0314744211429510e+00
4                                      3.9187309885475905e+00
5                                      3.9363099710443805e+00
6                                      3.9134311590810875e+00
7                                      3.9085473389320171e+00
8                                      3.9353047821892488e+00
9                                      3.9307113269681242e+00
10                                     2.9290811467365736e+00
11                                     3.8647072323350100e+00
12                                     3.9278796011318544e+00
13                                     3.7611882702354960e+00
14                                     3.8838700691087453e+00
15                                     3.7967092094174237e+00
16                                     3.8273859544697793e+00
17                                     3.9345912973466737e+00
18                                     2.0991823323316523e+00
19                                     3.8752469445712698e+00
20                                     3.8954240145748340e+00
21                                     3.8984878335183217e+00
22                                     3.8982945429718483e+00
23                                     3.8930773932122604e+00
24                                     3.8912957254371312e+00
25                                     3.9045771434610819e+00
26                                     2.0690232563452824e+00
27                                     2.8748267292036069e+00
28                                     5.2538402759156400e+00
29                                     1.9047400905608041e+00
30                                     1.9203294266654112e+00
31                                     1.8005374122026816e+00
32                                     3.7893678276757541e+00
33                                     9.2576877058081319e-01
34                                     9.2416017862379829e-01
35                                     9.4102723217637296e-01
36                                     9.4730469436723042e-01
37                                     9.3486450074246474e-01
38                                     9.4170661715807058e-01
39                                     9.3466853541731520e-01
40                                     8.3518514993610737e-01
41                                     9.2885879056756171e-01
42                                     9.4505327405533190e-01
43                                     9.3075950361843962e-01
44                                     9.3076659794285399e-01
45                                     9.4442345388457116e-01
46                                     8.4755588689299044e-01
47                                     8.5613622540502010e-01
48                                     7.4165372233638327e-01
49                                     9.2180043710169557e-01
50                                     9.2851376809810349e-01
51                                     9.3320132404247358e-01
   &BVA [&Type "ArrayOfDoubles", &Dim (52,1)] "Mayer's bonded valence"
                                                         0

0                                      3.8001709384534292e+00
1                                      4.0129988438763204e+00
2                                      2.0381610239076107e+00
3                                      3.0314744211429954e+00
4                                      3.9187309885476020e+00
5                                      3.9363099710443574e+00
6                                      3.9134311590811253e+00
7                                      3.9085473389320664e+00
8                                      3.9353047821892568e+00
9                                      3.9307113269681642e+00
10                                     2.9290811467366424e+00
11                                     3.8647072323350202e+00
12                                     3.9278796011318340e+00
13                                     3.7611882702355102e+00
14                                     3.8838700691087391e+00
15                                     3.7967092094174131e+00
16                                     3.8273859544697366e+00
17                                     3.9345912973466923e+00
18                                     2.0991823323316616e+00
19                                     3.8752469445712765e+00
20                                     3.8954240145748589e+00
21                                     3.8984878335183573e+00
22                                     3.8982945429718647e+00
23                                     3.8930773932122147e+00
24                                     3.8912957254371685e+00
25                                     3.9045771434611272e+00
26                                     2.0690232563453055e+00
27                                     2.8748267292035994e+00
28                                     5.2538402759156888e+00
29                                     1.9047400905607486e+00
30                                     1.9203294266654147e+00
31                                     1.8005374122027575e+00
32                                     3.7893678276757585e+00
33                                     9.2576877058080909e-01
34                                     9.2416017862378730e-01
35                                     9.4102723217637085e-01
36                                     9.4730469436721787e-01
37                                     9.3486450074247163e-01
38                                     9.4170661715807413e-01
39                                     9.3466853541731854e-01
40                                     8.3518514993611470e-01
41                                     9.2885879056755394e-01
42                                     9.4505327405534489e-01
43                                     9.3075950361844151e-01
44                                     9.3076659794285843e-01
45                                     9.4442345388456483e-01
46                                     8.4755588689299466e-01
47                                     8.5613622540501988e-01
48                                     7.4165372233638782e-01
49                                     9.2180043710168991e-01
50                                     9.2851376809810449e-01
51                                     9.3320132404247280e-01
   &FA [&Type "ArrayOfDoubles", &Dim (52,1)] "Mayer's free valence"
                                                         0

0                                      0.0000000000000000e+00
1                                      0.0000000000000000e+00
2                                      0.0000000000000000e+00
3                                      0.0000000000000000e+00
4                                      0.0000000000000000e+00
5                                      0.0000000000000000e+00
6                                      0.0000000000000000e+00
7                                      0.0000000000000000e+00
8                                      0.0000000000000000e+00
9                                      0.0000000000000000e+00
10                                     0.0000000000000000e+00
11                                     0.0000000000000000e+00
12                                     0.0000000000000000e+00
13                                     0.0000000000000000e+00
14                                     0.0000000000000000e+00
15                                     0.0000000000000000e+00
16                                     0.0000000000000000e+00
17                                     0.0000000000000000e+00
18                                     0.0000000000000000e+00
19                                     0.0000000000000000e+00
20                                     0.0000000000000000e+00
21                                     0.0000000000000000e+00
22                                     0.0000000000000000e+00
23                                     0.0000000000000000e+00
24                                     0.0000000000000000e+00
25                                     0.0000000000000000e+00
26                                     0.0000000000000000e+00
27                                     0.0000000000000000e+00
28                                     0.0000000000000000e+00
29                                     0.0000000000000000e+00
30                                     0.0000000000000000e+00
31                                     0.0000000000000000e+00
32                                     0.0000000000000000e+00
33                                     0.0000000000000000e+00
34                                     0.0000000000000000e+00
35                                     0.0000000000000000e+00
36                                     0.0000000000000000e+00
37                                     0.0000000000000000e+00
38                                     0.0000000000000000e+00
39                                     0.0000000000000000e+00
40                                     0.0000000000000000e+00
41                                     0.0000000000000000e+00
42                                     0.0000000000000000e+00
43                                     0.0000000000000000e+00
44                                     0.0000000000000000e+00
45                                     0.0000000000000000e+00
46                                     0.0000000000000000e+00
47                                     0.0000000000000000e+00
48                                     0.0000000000000000e+00
49                                     0.0000000000000000e+00
50                                     0.0000000000000000e+00
51                                     0.0000000000000000e+00
   &Method [&Type "String"] "SCF"
   &Level [&Type "String"] "Relaxed density"
   &Mult [&Type "Integer"] 1
   &State [&Type "Integer"] -1
   &Irrep [&Type "Integer"] 0
$End
$SCF_Energy
   &GeometryIndex 1
   &Method [&Type "String"] "SCF"
   &totalEnergy [&Type "ArrayOfDoubles", &Dim (1,1)] "Total energy of each state"
                                                         0

0                                     -1.9009238121260930e+03
   &Mult [&Type "ArrayOfIntegers", &Dim (1,1)] "Multiplicity of each state"
                                                         0

0                                                        1
$End
$DFT_Energy
   &GeometryIndex 1
   &nAlphaEl [&Type "Integer"] 121
   &nBetaEl [&Type "Integer"] 121
   &nTotalEl [&Type "Integer"] 242
   &finalEn [&Type "Double"]      -1.9009238121260930e+03  "No Van der Waals correction"
   &eExchange [&Type "Double"]       0.0000000000000000e+00
   &eCorr [&Type "Double"]       0.0000000000000000e+00
   &eXC [&Type "Double"]      -1.6857002174727953e+02
   &eCNL [&Type "Double"]       0.0000000000000000e+00
$End
$Solvation_Details
   &GeometryIndex 1
   &Solvent [&Type "String"] "WATER"
   &Epsilon [&Type "Double"]       8.0150999999999996e+01
   &Refrac [&Type "Double"]       1.3328000000000000e+00
   &RSolv [&Type "Double"]       1.3000000000000000e+00
   &SurfaceType [&Type "String"] "GAUSSIAN VDW"
   &CPCMDielEnergy [&Type "Double"]      -4.4800641000000002e-02
   &NPoints [&Type "Integer"] 4433
   &SurfaceArea [&Type "Double"]       1.6376601045830000e+03
$End
$SCF_Timings
   &GeometryIndex 1
   &TOTAL [&Type "Double"]       1.4291587000000001e+02
   &PREP [&Type "Double"]       1.3889770000000001e+00
   &FOCK [&Type "Double"]       1.3647912200000002e+02
   &DENS [&Type "Double"]       1.9165599999996630e-01
   &ETOT [&Type "Double"]       1.1166000000000942e-01
   &POP [&Type "Double"]       9.0058999999996558e-02
   &TRAFO [&Type "Double"]       1.6697999999998814e-01
   &DIIS [&Type "Double"]       7.6318399999999187e-01
   &SOSCF [&Type "Double"]       6.8930099999998973e-01
   &XC [&Type "Double"]       7.2274579999999808e+00
   &FOCKSTART [&Type "Double"]       2.6159000000008259e-02
   &SOLV [&Type "Double"]       1.4107098999999995e+01
   &SOLV_INIT [&Type "Double"]       7.0617799999999986e-01
   &SOLV_FINAL [&Type "Double"]       9.9999999747524271e-07
   &INT_PREP [&Type "Double"]       4.9999999944816409e-06
   &INT_BF [&Type "Double"]       1.8669349999994438e+00
   &INT_DENS [&Type "Double"]       1.7467570000002102e+00
   &INT_DENSIO [&Type "Double"]       5.2095953078400076e+05
   &INT_FUNC [&Type "Double"]       6.0024999999991380e-01
   &INT_POT [&Type "Double"]       1.6724780000011652e+00
   &INT_POTIO [&Type "Double"]       5.4533999999682337e-02
   &INT_SUM [&Type "Double"]       1.0209999999890584e-03
   &SPLITRIJ [&Type "Double"]       8.8840820000000171e+00
   &COSX [&Type "Double"]       1.1030004300000002e+02
   &FROZCORE [&Type "Double"]       2.0540000000011105e-02
$End
$CIS_Absorption_Spectrum
   &GeometryIndex 1
   &Method [&Type "Integer"] 20
   &RelCorrection [&Type "Integer"] 1 "Type of relativistic treatment in QDPT. 0->Unknow, 1->None, 2->SOC, 3->SSC, 4->SOC/SSC"
   &DensType [&Type "Integer"] 3 "Type of density (electron/spin ...). 0->Unknow, 1->Electronic, 2->Spin, 3->Trans/Electronic, 4->Tran/Spin"
   &DeriType [&Type "Integer"] 0 "Type of derivative (w.r.t. to what perturbation). 0->Unknown, 1->No Derivative, 2->Electric/Dipole, 3->Electric/Quad, 4->Magnetic/Dipole, 5->Magnetic/Quad"
   &DensLevel [&Type "Integer"] 0 "// Source of density: relaxed, unrelaxed, ... 0->Unknown, 1->Linearized, 2->Unrelaxed, 3->Relaxed"
   &Density_name [&Type "String"] "Tdens-CIS"
   &Representation [&Type "String"] "Length" "Possible values: Unknown,  Length, Velocity"
   &PointGroup [&Type "String"] "C1"
   &DoHigherMoments [&Type "Boolean"] false
   &NTrans [&Type "Integer"] 8
   &ExcitationEnergies [&Type "ArrayOfDoubles", &Dim (8,11)] 
                                                         0                           1                           2                           3                           4                           5                           6                           7

0                                      2.5081071287090446e+00         2.0229250361565835e+04         4.9433369112872822e+02         2.6665639910528571e-01         4.3395810902934704e+00         1.3136901229112239e+00         0.0000000000000000e+00        -1.5877083837066381e+00
1                                      3.2853826506351251e+00         2.6498400890655328e+04         3.7738126316620497e+02         2.1684278030696655e-02         2.6940204505466708e-01        -5.1886512712088406e-01         0.0000000000000000e+00         1.2933313865587175e-02
2                                      3.5221755756815361e+00         2.8408264831386161e+04         3.5201023573082682e+02         1.9724281195745222e-01         2.2857675591724789e+00        -7.5450577635247151e-01         0.0000000000000000e+00        -1.3074077551715388e+00
3                                      3.7030704078143923e+00         2.9867280200563193e+04         3.3481455066710208e+02         2.7703411595901887e-03         3.0536071613705477e-02         1.7166473416327238e-01         0.0000000000000000e+00        -1.1088491974647575e-02
4                                      4.1285196870509653e+00         3.3298760414191165e+04         3.0031147933477513e+02         1.5140511649004965e-01         1.4968837449611310e+00         1.2144737680303863e+00         0.0000000000000000e+00         4.1154691108364741e-02
5                                      4.3200324323764372e+00         3.4843415037701554e+04         2.8699827468632793e+02         1.4490936717395667e-01         1.3691509531976276e+00        -8.5776838115851817e-01         0.0000000000000000e+00        -7.6789584775009712e-01
6                                      4.3661981900319331e+00         3.5215767023410022e+04         2.8396371413271794e+02         5.9985717594912641e-02         5.6077196531956641e-01        -3.2966482964080174e-01         0.0000000000000000e+00         6.6934643448120212e-01
7                                      4.5421493469149290e+00         3.6634908958477739e+04         2.7296369185287369e+02         7.5149503772576412e-03         6.7531529787684771e-02         2.5788205918972928e-01         0.0000000000000000e+00        -2.4309216072839181e-02
                                                         8                           9                          10

0                                      0.0000000000000000e+00        -3.0492858109173543e-01         0.0000000000000000e+00
1                                      0.0000000000000000e+00         3.7086796774706905e-03         0.0000000000000000e+00
2                                      0.0000000000000000e+00        -8.4696837842687958e-02         0.0000000000000000e+00
3                                      0.0000000000000000e+00        -3.0730050505761931e-02         0.0000000000000000e+00
4                                      0.0000000000000000e+00        -1.4227966519141566e-01         0.0000000000000000e+00
5                                      0.0000000000000000e+00        -2.0909405656422245e-01         0.0000000000000000e+00
6                                      0.0000000000000000e+00         6.3784136466439378e-02         0.0000000000000000e+00
7                                      0.0000000000000000e+00        -2.0914955167863541e-02         0.0000000000000000e+00
   &States [&Type "ArrayOfIntegers", &Dim (8,4)] "The initial and Final states. Col1: Initial State  Col2: Initial Irrep Col3: Final State Col4: Final Irrep"
                                                         0                           1                           2                           3

0                                                        0                           0                           1                           0
1                                                        0                           0                           2                           0
2                                                        0                           0                           3                           0
3                                                        0                           0                           4                           0
4                                                        0                           0                           5                           0
5                                                        0                           0                           6                           0
6                                                        0                           0                           7                           0
7                                                        0                           0                           8                           0
   &Multiplicities [&Type "ArrayOfDoubles", &Dim (8,2)] "Col1: Multiplicity of the initial state  Col2: Multiplicity of the final state"
                                                         0                           1

0                                      1.0000000000000000e+00         1.0000000000000000e+00
1                                      1.0000000000000000e+00         1.0000000000000000e+00
2                                      1.0000000000000000e+00         1.0000000000000000e+00
3                                      1.0000000000000000e+00         1.0000000000000000e+00
4                                      1.0000000000000000e+00         1.0000000000000000e+00
5                                      1.0000000000000000e+00         1.0000000000000000e+00
6                                      1.0000000000000000e+00         1.0000000000000000e+00
7                                      1.0000000000000000e+00         1.0000000000000000e+00
   &Temperature [&Type "Double"]       2.9814999999999998e+02
$End
$CIS_Absorption_Spectrum
   &GeometryIndex 1
   &Method [&Type "Integer"] 20
   &RelCorrection [&Type "Integer"] 1 "Type of relativistic treatment in QDPT. 0->Unknow, 1->None, 2->SOC, 3->SSC, 4->SOC/SSC"
   &DensType [&Type "Integer"] 3 "Type of density (electron/spin ...). 0->Unknow, 1->Electronic, 2->Spin, 3->Trans/Electronic, 4->Tran/Spin"
   &DeriType [&Type "Integer"] 0 "Type of derivative (w.r.t. to what perturbation). 0->Unknown, 1->No Derivative, 2->Electric/Dipole, 3->Electric/Quad, 4->Magnetic/Dipole, 5->Magnetic/Quad"
   &DensLevel [&Type "Integer"] 0 "// Source of density: relaxed, unrelaxed, ... 0->Unknown, 1->Linearized, 2->Unrelaxed, 3->Relaxed"
   &Density_name [&Type "String"] "Tdens-CIS"
   &Representation [&Type "String"] "Velocity" "Possible values: Unknown,  Length, Velocity"
   &PointGroup [&Type "String"] "C1"
   &DoHigherMoments [&Type "Boolean"] false
   &NTrans [&Type "Integer"] 8
   &ExcitationEnergies [&Type "ArrayOfDoubles", &Dim (8,11)] 
                                                         0                           1                           2                           3                           4                           5                           6                           7

0                                      2.5081071287090446e+00         2.0229250361565835e+04         4.9433369112872822e+02         3.7405910100970205e-02         5.1716240443012368e-03        -6.5126261135061023e-02         0.0000000000000000e+00         2.3537665817462416e-03
1                                      3.2853826506351251e+00         2.6498400890655328e+04         3.7738126316620497e+02         1.1002842037774754e-02         1.9926520717750795e-03         4.4594748882334799e-02         0.0000000000000000e+00        -1.8106873607081871e-03
2                                      3.5221755756815361e+00         2.8408264831386161e+04         3.5201023573082682e+02         3.7036589179271218e-02         7.1908896304283534e-03         5.8417241856690533e-02         0.0000000000000000e+00         6.1355454994790511e-02
3                                      3.7030704078143923e+00         2.9867280200563193e+04         3.3481455066710208e+02         1.1664695372278263e-03         2.3810910831486678e-04        -1.4214243007669131e-02         0.0000000000000000e+00        -4.2817541571466104e-03
4                                      4.1285196870509653e+00         3.3298760414191165e+04         3.0031147933477513e+02         8.0133932023179685e-02         1.8236918228043918e-02        -1.3450518740961256e-01         0.0000000000000000e+00        -7.5785374515097122e-03
5                                      4.3200324323764372e+00         3.4843415037701554e+04         2.8699827468632793e+02         1.0849590692910775e-01         2.5836935400747080e-02         1.4135951332959446e-01         0.0000000000000000e+00         7.6172131731517656e-02
6                                      4.3661981900319331e+00         3.5215767023410022e+04         2.8396371413271794e+02         2.7279536669767342e-02         6.5657005681185572e-03         5.4457623303747392e-02         0.0000000000000000e+00        -5.9340280114797118e-02
7                                      4.5421493469149290e+00         3.6634908958477739e+04         2.7296369185287369e+02         2.4255297672764009e-03         6.0730751647620530e-04        -2.4425159833930218e-02         0.0000000000000000e+00         3.2505374161471623e-03
                                                         8                           9                          10

0                                      0.0000000000000000e+00        -3.0408122890894340e-02         0.0000000000000000e+00
1                                      0.0000000000000000e+00        -8.2574522605359827e-04         0.0000000000000000e+00
2                                      0.0000000000000000e+00         3.7180138067943150e-03         0.0000000000000000e+00
3                                      0.0000000000000000e+00        -4.2108176606870228e-03         0.0000000000000000e+00
4                                      0.0000000000000000e+00        -9.3722226843469050e-03         0.0000000000000000e+00
5                                      0.0000000000000000e+00        -7.2270145595264880e-03         0.0000000000000000e+00
6                                      0.0000000000000000e+00        -8.8768794135732267e-03         0.0000000000000000e+00
7                                      0.0000000000000000e+00         3.9126726082636798e-04         0.0000000000000000e+00
   &States [&Type "ArrayOfIntegers", &Dim (8,4)] "The initial and Final states. Col1: Initial State  Col2: Initial Irrep Col3: Final State Col4: Final Irrep"
                                                         0                           1                           2                           3

0                                                        0                           0                           1                           0
1                                                        0                           0                           2                           0
2                                                        0                           0                           3                           0
3                                                        0                           0                           4                           0
4                                                        0                           0                           5                           0
5                                                        0                           0                           6                           0
6                                                        0                           0                           7                           0
7                                                        0                           0                           8                           0
   &Multiplicities [&Type "ArrayOfDoubles", &Dim (8,2)] "Col1: Multiplicity of the initial state  Col2: Multiplicity of the final state"
                                                         0                           1

0                                      1.0000000000000000e+00         1.0000000000000000e+00
1                                      1.0000000000000000e+00         1.0000000000000000e+00
2                                      1.0000000000000000e+00         1.0000000000000000e+00
3                                      1.0000000000000000e+00         1.0000000000000000e+00
4                                      1.0000000000000000e+00         1.0000000000000000e+00
5                                      1.0000000000000000e+00         1.0000000000000000e+00
6                                      1.0000000000000000e+00         1.0000000000000000e+00
7                                      1.0000000000000000e+00         1.0000000000000000e+00
   &Temperature [&Type "Double"]       2.9814999999999998e+02
$End
$CIS_ECD_Spectrum
   &GeometryIndex 1
   &Method [&Type "Integer"] 20
   &RelCorrection [&Type "Integer"] 1 "Type of relativistic treatment in QDPT. 0->Unknow, 1->None, 2->SOC, 3->SSC, 4->SOC/SSC"
   &DensType [&Type "Integer"] 3 "Type of density (electron/spin ...). 0->Unknow, 1->Electronic, 2->Spin, 3->Trans/Electronic, 4->Tran/Spin"
   &DeriType [&Type "Integer"] 0 "Type of derivative (w.r.t. to what perturbation). 0->Unknown, 1->No Derivative, 2->Electric/Dipole, 3->Electric/Quad, 4->Magnetic/Dipole, 5->Magnetic/Quad"
   &DensLevel [&Type "Integer"] 0 "// Source of density: relaxed, unrelaxed, ... 0->Unknown, 1->Linearized, 2->Unrelaxed, 3->Relaxed"
   &Density_name [&Type "String"] "Tdens-CIS"
   &Representation [&Type "String"] "Length" "Possible values: Unknown,  Length, Velocity"
   &PointGroup [&Type "String"] "C1"
   &DoHigherMoments [&Type "Boolean"] false
   &NTrans [&Type "Integer"] 8
   &ExcitationEnergies [&Type "ArrayOfDoubles", &Dim (8,10)] 
                                                         0                           1                           2                           3                           4                           5                           6                           7

0                                      2.5081071287090446e+00         2.0229250361565835e+04         4.9433369112872822e+02         1.1574895852673622e+02        -1.9665144232637374e-02         0.0000000000000000e+00         1.6158154517899617e-01         0.0000000000000000e+00
1                                      3.2853826506351251e+00         2.6498400890655328e+04         3.7738126316620497e+02        -6.8017359682267582e+01        -2.8095521115673672e-01         0.0000000000000000e+00        -1.5481908150471846e-01         0.0000000000000000e+00
2                                      3.5221755756815361e+00         2.8408264831386161e+04         3.5201023573082682e+02        -4.3583209200361765e+01         7.0326681653458262e-02         0.0000000000000000e+00        -9.7977443141822065e-02         0.0000000000000000e+00
3                                      3.7030704078143923e+00         2.9867280200563193e+04         3.3481455066710208e+02        -1.3600086604516681e+01         1.4693281725584467e-01         0.0000000000000000e+00         2.7147080648532766e-02         0.0000000000000000e+00
4                                      4.1285196870509653e+00         3.3298760414191165e+04         3.0031147933477513e+02        -9.1660065726615841e+01         1.6459384667490473e-01         0.0000000000000000e+00         1.5852315679422604e-01         0.0000000000000000e+00
5                                      4.3200324323764372e+00         3.4843415037701554e+04         2.8699827468632793e+02         8.5065232998660122e+01         3.0492494987316465e-01         0.0000000000000000e+00        -2.3087107874908919e-01         0.0000000000000000e+00
6                                      4.3661981900319331e+00         3.5215767023410022e+04         2.8396371413271794e+02         3.3311731311165978e+01         8.5776549238525582e-02         0.0000000000000000e+00        -8.4960661403987142e-02         0.0000000000000000e+00
7                                      4.5421493469149290e+00         3.6634908958477739e+04         2.7296369185287369e+02         5.9251275029297712e-01         2.1498299403083453e-03         0.0000000000000000e+00         2.5990622264752475e-02         0.0000000000000000e+00
                                                         8                           9

0                                     -1.2088620576040358e-01         0.0000000000000000e+00
1                                      1.3400137047941077e-01         0.0000000000000000e+00
2                                     -2.0556056794496286e-01         0.0000000000000000e+00
3                                     -1.2773026998854470e-01         0.0000000000000000e+00
4                                      8.4323531794382720e-02         0.0000000000000000e+00
5                                      4.5990275914074907e-01         0.0000000000000000e+00
6                                      2.2713611555314178e-01         0.0000000000000000e+00
7                                      5.6389191671908638e-02         0.0000000000000000e+00
   &States [&Type "ArrayOfIntegers", &Dim (8,4)] "The initial and Final states. Col1: Initial State  Col2: Initial Irrep Col3: Final State Col4: Final Irrep"
                                                         0                           1                           2                           3

0                                                        0                           0                           1                           0
1                                                        0                           0                           2                           0
2                                                        0                           0                           3                           0
3                                                        0                           0                           4                           0
4                                                        0                           0                           5                           0
5                                                        0                           0                           6                           0
6                                                        0                           0                           7                           0
7                                                        0                           0                           8                           0
   &Multiplicities [&Type "ArrayOfDoubles", &Dim (8,2)] "Col1: Multiplicity of the initial state  Col2: Multiplicity of the final state"
                                                         0                           1

0                                      1.0000000000000000e+00         1.0000000000000000e+00
1                                      1.0000000000000000e+00         1.0000000000000000e+00
2                                      1.0000000000000000e+00         1.0000000000000000e+00
3                                      1.0000000000000000e+00         1.0000000000000000e+00
4                                      1.0000000000000000e+00         1.0000000000000000e+00
5                                      1.0000000000000000e+00         1.0000000000000000e+00
6                                      1.0000000000000000e+00         1.0000000000000000e+00
7                                      1.0000000000000000e+00         1.0000000000000000e+00
   &Temperature [&Type "Double"]       2.9814999999999998e+02
$End
$CIS_ECD_Spectrum
   &GeometryIndex 1
   &Method [&Type "Integer"] 20
   &RelCorrection [&Type "Integer"] 1 "Type of relativistic treatment in QDPT. 0->Unknow, 1->None, 2->SOC, 3->SSC, 4->SOC/SSC"
   &DensType [&Type "Integer"] 3 "Type of density (electron/spin ...). 0->Unknow, 1->Electronic, 2->Spin, 3->Trans/Electronic, 4->Tran/Spin"
   &DeriType [&Type "Integer"] 0 "Type of derivative (w.r.t. to what perturbation). 0->Unknown, 1->No Derivative, 2->Electric/Dipole, 3->Electric/Quad, 4->Magnetic/Dipole, 5->Magnetic/Quad"
   &DensLevel [&Type "Integer"] 0 "// Source of density: relaxed, unrelaxed, ... 0->Unknown, 1->Linearized, 2->Unrelaxed, 3->Relaxed"
   &Density_name [&Type "String"] "Tdens-CIS"
   &Representation [&Type "String"] "Velocity" "Possible values: Unknown,  Length, Velocity"
   &PointGroup [&Type "String"] "C1"
   &DoHigherMoments [&Type "Boolean"] false
   &NTrans [&Type "Integer"] 8
   &ExcitationEnergies [&Type "ArrayOfDoubles", &Dim (8,10)] 
                                                         0                           1                           2                           3                           4                           5                           6                           7

0                                      2.5081071287090446e+00         2.0229250361565835e+04         4.9433369112872822e+02         2.7298268511274792e+01        -1.9665144232637374e-02         0.0000000000000000e+00         1.6158154517899617e-01         0.0000000000000000e+00
1                                      3.2853826506351251e+00         2.6498400890655328e+04         3.7738126316620497e+02        -4.8261406093687008e+01        -2.8095521115673672e-01         0.0000000000000000e+00        -1.5481908150471846e-01         0.0000000000000000e+00
2                                      3.5221755756815361e+00         2.8408264831386161e+04         3.5201023573082682e+02        -9.7156075430769171e+00         7.0326681653458262e-02         0.0000000000000000e+00        -9.7977443141822065e-02         0.0000000000000000e+00
3                                      3.7030704078143923e+00         2.9867280200563193e+04         3.3481455066710208e+02        -5.7748596348203822e+00         1.4693281725584467e-01         0.0000000000000000e+00         2.7147080648532766e-02         0.0000000000000000e+00
4                                      4.1285196870509653e+00         3.3298760414191165e+04         3.0031147933477513e+02        -7.4981988833511465e+01         1.6459384667490473e-01         0.0000000000000000e+00         1.5852315679422604e-01         0.0000000000000000e+00
5                                      4.3200324323764372e+00         3.4843415037701554e+04         2.8699827468632793e+02         6.5908701431954114e+01         3.0492494987316465e-01         0.0000000000000000e+00        -2.3087107874908919e-01         0.0000000000000000e+00
6                                      4.3661981900319331e+00         3.5215767023410022e+04         2.8396371413271794e+02         2.2614009907453106e+01         8.5776549238525582e-02         0.0000000000000000e+00        -8.4960661403987142e-02         0.0000000000000000e+00
7                                      4.5421493469149290e+00         3.6634908958477739e+04         2.7296369185287369e+02         1.5262124329529728e-01         2.1498299403083453e-03         0.0000000000000000e+00         2.5990622264752475e-02         0.0000000000000000e+00
                                                         8                           9

0                                     -1.2088620576040358e-01         0.0000000000000000e+00
1                                      1.3400137047941077e-01         0.0000000000000000e+00
2                                     -2.0556056794496286e-01         0.0000000000000000e+00
3                                     -1.2773026998854470e-01         0.0000000000000000e+00
4                                      8.4323531794382720e-02         0.0000000000000000e+00
5                                      4.5990275914074907e-01         0.0000000000000000e+00
6                                      2.2713611555314178e-01         0.0000000000000000e+00
7                                      5.6389191671908638e-02         0.0000000000000000e+00
   &States [&Type "ArrayOfIntegers", &Dim (8,4)] "The initial and Final states. Col1: Initial State  Col2: Initial Irrep Col3: Final State Col4: Final Irrep"
                                                         0                           1                           2                           3

0                                                        0                           0                           1                           0
1                                                        0                           0                           2                           0
2                                                        0                           0                           3                           0
3                                                        0                           0                           4                           0
4                                                        0                           0                           5                           0
5                                                        0                           0                           6                           0
6                                                        0                           0                           7                           0
7                                                        0                           0                           8                           0
   &Multiplicities [&Type "ArrayOfDoubles", &Dim (8,2)] "Col1: Multiplicity of the initial state  Col2: Multiplicity of the final state"
                                                         0                           1

0                                      1.0000000000000000e+00         1.0000000000000000e+00
1                                      1.0000000000000000e+00         1.0000000000000000e+00
2                                      1.0000000000000000e+00         1.0000000000000000e+00
3                                      1.0000000000000000e+00         1.0000000000000000e+00
4                                      1.0000000000000000e+00         1.0000000000000000e+00
5                                      1.0000000000000000e+00         1.0000000000000000e+00
6                                      1.0000000000000000e+00         1.0000000000000000e+00
7                                      1.0000000000000000e+00         1.0000000000000000e+00
   &Temperature [&Type "Double"]       2.9814999999999998e+02
$End
$CIS_Energies
   &GeometryIndex 1
   &e0 [&Type "Double"]      -1.9009238121260930e+03  "Ground state energy"
   &multP1 [&Type "Boolean"] false "Do the higher multiplicity too?"
   &mode [&Type "String"] "TDA" "CIS mode: CIS, RPA, TDA, TD-DFT, sTDA, sTD-DFT"
   &dCorr [&Type "Integer"] 0 "(D) Correction algorithm"
   &Method [&Type "String"] "TDA/CIS"
   &totalEnergy [&Type "ArrayOfDoubles", &Dim (8,1)] "Total energy of each state"
                                                         0

0                                     -1.9008316408795290e+03
1                                     -1.9008030765279671e+03
2                                     -1.9007943745475654e+03
3                                     -1.9007877267844042e+03
4                                     -1.9007720918101370e+03
5                                     -1.9007650538458222e+03
6                                     -1.9007633572853431e+03
7                                     -1.9007568911989154e+03
   &Mult [&Type "ArrayOfIntegers", &Dim (8,1)] "Multiplicity of each state"
                                                         0

0                                                        1
1                                                        1
2                                                        1
3                                                        1
4                                                        1
5                                                        1
6                                                        1
7                                                        1
   &RelCorr [&Type "String"] "None" "Relativistic correction (SOC and/or SSC)"
   &NBlocks [&Type "Integer"] 1 "Number of multiplicity blocks"
   &NRoots [&Type "ArrayOfIntegers", &Dim (1,1)] "Number of roots in each block"
                                                         0

0                                                        8
   &NTotalRoots [&Type "Integer"] 8 "Total number of roots"
   &Block [&Type "ArrayOfIntegers", &Dim (8,1)] "Block index of each state"
                                                         0

0                                                        0
1                                                        0
2                                                        0
3                                                        0
4                                                        0
5                                                        0
6                                                        0
7                                                        0
   &Root [&Type "ArrayOfIntegers", &Dim (8,1)] "Root index within the block"
                                                         0

0                                                        0
1                                                        1
2                                                        2
3                                                        3
4                                                        4
5                                                        5
6                                                        6
7                                                        7
$End
$Single_Point_Data
   &GeometryIndex 1
   &FinalEnergy [&Type "Double"]      -1.9008316408795290e+03  "Final single point energy"
   &Converged [&Type "Boolean"] true
$End
$Calculation_Info
   &GeometryIndex 1
   &Mult [&Type "Integer"] 1
   &Charge [&Type "Integer"] 0
   &NumOfAtoms [&Type "Integer"] 52
   &NumOfElectrons [&Type "Integer"] 242
   &NumOfBasisFuncts [&Type "Integer"] 504
   &NumOfAuxCBasisFuncts [&Type "Integer"] 0
   &NumOfAuxJBasisFuncts [&Type "Integer"] 1828
   &NumOfAuxJKBasisFuncts [&Type "Integer"] 0
   &NumOfCABSBasisFuncts [&Type "Integer"] 0
$End
$SCF_Dipole_Moment
   &GeometryIndex 1
   &dipoleMagnitude [&Type "Double", &Units "a.u."]       2.7700784565635899e+00
   &dipoleElecContrib [&Type "ArrayOfDoubles", &Dim (3,1)] "Electronic contribution"
                                                         0

0                                     -3.1178930635936904e+01
1                                     -1.6476467908676824e+01
2                                     -6.2641160752235479e+00
   &dipoleNucContrib [&Type "ArrayOfDoubles", &Dim (3,1)] "Nuclear contribution"
                                                         0

0                                      3.1846093745930276e+01
1                                      1.8658265579177566e+01
2                                      7.8350988775416468e+00
   &dipoleTotal [&Type "ArrayOfDoubles", &Dim (3,1)] "Total"
                                                         0

0                                      6.6716310999337125e-01
1                                      2.1817976705007425e+00
2                                      1.5709828023180989e+00
   &doAtomicDipole [&Type "Boolean"] false
   &Method [&Type "String"] "SCF"
   &Level [&Type "String"] "Relaxed density"
   &Mult [&Type "Integer"] 1
   &State [&Type "Integer"] -1
   &Irrep [&Type "Integer"] 0
$End
$Calculation_Timings
   &GeometryIndex 1
   &GTOINT [&Type "Double"]       6.8850319999999998e+00
   &SCF [&Type "Double"]       1.5127093499999998e+02
   &CIS [&Type "Double"]       1.2180456899999999e+02
   &PROPINT [&Type "Double"]       3.3736129999999775e+00
   &PROP [&Type "Double"]       3.0878799999999842e+00
   &SUM [&Type "Double"]       2.8642202899999990e+02
$End
