*************************************************
******************* ORCA 6.1.1 ******************
*************************************************
$Calculation_Status
   &GeometryIndex 1
   &version [&Type "String"] "6.1.1"
   &progName [&Type "String"] "ProgCIS"
   &Status [&Type "String"] "NORMAL TERMINATION"
$End
$Geometry
   &GeometryIndex 1
   &NAtoms [&Type "Integer"] 30
   &NCorelessECP [&Type "Integer"] 0
   &NGhostAtoms [&Type "Integer"] 0
   &CartesianCoordinates [&Type "Coordinates", &Dim(30,4), &Units "Bohr"] 
              C      7.903152166049   -2.595907341537    1.896551824717
              C      5.826471646247   -2.599656558187    3.893259134532
              N      3.339599612911   -2.712278566590    2.707894401959
              C      2.164369481595   -0.615793716904    1.471013845250
              N      3.299560095585    1.686663722475    1.425144522801
              C      2.164834354224    3.664400071631    0.250844136743
              N      3.376891468438    6.076856579539    0.207748932259
              N      2.277471480436    8.080189269179   -0.954854049031
              N      1.370359472453    9.734512218598   -1.914504222989
              N     -0.118247723104    3.335154977044   -0.876662850787
              C     -1.267594275564    1.041590588852   -0.830842661218
              N     -0.116365555875   -0.930790276441    0.344886357797
              N     -3.674842698247    0.723016777743   -2.032678246774
              C     -5.054095221886   -1.681208083126   -2.003172062919
              C     -7.049141462429   -1.719437242815   -4.100938146924
              C     -6.298117053655   -2.080767997430    0.579418378552
              H      9.780071625961   -2.599458136943    2.834430463887
              H      7.760687602539   -0.886270218452    0.689404218999
              H      7.745692625666   -4.306665072219    0.690658997152
              H      5.974474997056   -0.886976976026    5.099673526510
              H      6.065574914520   -4.287541043744    5.116456184305
              H      5.132063432445    6.311004985889    1.078691582039
              H     -4.437694902893    2.270940586917   -2.996175903141
              H     -3.714139553202   -3.259136963855   -2.370353409644
              H     -8.465341911438   -0.197285518655   -3.804485469939
              H     -8.035979126276   -3.572292930138   -4.130754245865
              H     -6.127712889255   -1.432913186938   -5.965141639680
              H     -7.634023039235   -0.516012397581    0.998977264532
              H     -7.345391938718   -3.900014905461    0.607044284904
              H     -4.842587624347   -2.143918865373    2.088459182795
$End
$SCF_Mulliken_Population_Analysis
   &GeometryIndex 1
   &NAtoms [&Type "Integer"] 30
   &ATNO [&Type "ArrayOfIntegers", &Dim (30,1)] 
                                                         0

0                                                        6
1                                                        6
2                                                        7
3                                                        6
4                                                        7
5                                                        6
6                                                        7
7                                                        7
8                                                        7
9                                                        7
10                                                       6
11                                                       7
12                                                       7
13                                                       6
14                                                       6
15                                                       6
16                                                       1
17                                                       1
18                                                       1
19                                                       1
20                                                       1
21                                                       1
22                                                       1
23                                                       1
24                                                       1
25                                                       1
26                                                       1
27                                                       1
28                                                       1
29                                                       1
   &AtomicCharges [&Type "ArrayOfDoubles", &Dim (30,1)] 
                                                         0

0                                     -7.2464889806994659e-01
1                                     -1.1031675278420394e-01
2                                     -6.4892625704479201e-01
3                                      3.5839529312541973e-01
4                                     -4.3337502298390262e-01
5                                      1.6293191195690682e-01
6                                     -2.9711000266895660e-01
7                                      6.1232175188717619e-01
8                                     -9.2489440349254437e-02
9                                     -4.8314124662018454e-01
10                                     5.6792007180607662e-01
11                                    -5.4258271595000362e-01
12                                    -5.8189052042780798e-01
13                                     3.4785453496606777e-02
14                                    -6.7640650909788835e-01
15                                    -7.0555276817776580e-01
16                                     1.8999195385809298e-01
17                                     2.1115620742903385e-01
18                                     2.0335344294208091e-01
19                                     1.7752574870593607e-01
20                                     1.8244957062914269e-01
21                                     5.8855991225109328e-01
22                                     4.7058231081548629e-01
23                                     2.1717550111636630e-01
24                                     2.2409564694799555e-01
25                                     2.2558769065301343e-01
26                                     2.1983477717126321e-01
27                                     2.1652870469236218e-01
28                                     2.1115984657075471e-01
29                                     2.2208433811991368e-01
   &Method [&Type "String"] "SCF"
   &Level [&Type "String"] "Relaxed density"
   &Mult [&Type "Integer"] 1
   &State [&Type "Integer"] -1
   &Irrep [&Type "Integer"] 0
$End
$SCF_Loewdin_Population_Analysis
   &GeometryIndex 1
   &NAtoms [&Type "Integer"] 30
   &ATNO [&Type "ArrayOfIntegers", &Dim (30,1)] 
                                                         0

0                                                        6
1                                                        6
2                                                        7
3                                                        6
4                                                        7
5                                                        6
6                                                        7
7                                                        7
8                                                        7
9                                                        7
10                                                       6
11                                                       7
12                                                       7
13                                                       6
14                                                       6
15                                                       6
16                                                       1
17                                                       1
18                                                       1
19                                                       1
20                                                       1
21                                                       1
22                                                       1
23                                                       1
24                                                       1
25                                                       1
26                                                       1
27                                                       1
28                                                       1
29                                                       1
   &AtomicCharges [&Type "ArrayOfDoubles", &Dim (30,1)] 
                                                         0

0                                     -5.2555283725811375e-01
1                                     -2.9848325806349774e-01
2                                     -5.5853293291508610e-01
3                                      7.8412090869965922e-02
4                                     -3.1058629098902557e-01
5                                      1.6131180551010527e-01
6                                     -1.4541529791619290e-01
7                                      2.5497447934351847e-01
8                                      2.7316543324028331e-01
9                                     -3.0989272956100677e-01
10                                     1.5013832084884893e-01
11                                    -3.4092953063364906e-01
12                                    -4.2723108821805322e-01
13                                    -2.0713134129778865e-01
14                                    -5.0191076278521063e-01
15                                    -5.0623700466914112e-01
16                                     1.8331795436494747e-01
17                                     2.0031990166375313e-01
18                                     1.9317964798512166e-01
19                                     1.9344382760312440e-01
20                                     1.8664808841264224e-01
21                                     4.3563669103542380e-01
22                                     3.6852715527243984e-01
23                                     2.2270491000085157e-01
24                                     2.0727980509820065e-01
25                                     2.0568013833425136e-01
26                                     2.0217390968650450e-01
27                                     2.0675457696789801e-01
28                                     1.9883505682749014e-01
29                                     2.0939928124143625e-01
   &Method [&Type "String"] "SCF"
   &Level [&Type "String"] "Relaxed density"
   &Mult [&Type "Integer"] 1
   &State [&Type "Integer"] -1
   &Irrep [&Type "Integer"] 0
$End
$SCF_Mayer_Population_Analysis
   &GeometryIndex 1
   &NAtoms [&Type "Integer"] 30 "Total number of atoms"
   &NBondOrdersPrint [&Type "Integer"] 41 "The number of bond orders larger than threshold"
   &bondThresh [&Type "Double"]       1.0000000000000001e-01  "The threshold for printing"
   &components [&Type "ArrayOfIntegers", &Dim (41,4)] "The indices and atomic numbers of the bonding atoms"
                                                         0                           1                           2                           3

0                                                        0                           6                           1                           6
1                                                        0                           6                          16                           1
2                                                        0                           6                          17                           1
3                                                        0                           6                          18                           1
4                                                        1                           6                           2                           7
5                                                        1                           6                          19                           1
6                                                        1                           6                          20                           1
7                                                        2                           7                           3                           6
8                                                        3                           6                           4                           7
9                                                        3                           6                           9                           7
10                                                       3                           6                          11                           7
11                                                       4                           7                           5                           6
12                                                       4                           7                           6                           7
13                                                       4                           7                          10                           6
14                                                       5                           6                           6                           7
15                                                       5                           6                           7                           7
16                                                       5                           6                           9                           7
17                                                       5                           6                          10                           6
18                                                       6                           7                           7                           7
19                                                       6                           7                           8                           7
20                                                       6                           7                          10                           6
21                                                       6                           7                          21                           1
22                                                       7                           7                           8                           7
23                                                       7                           7                           9                           7
24                                                       7                           7                          21                           1
25                                                       8                           7                           9                           7
26                                                       9                           7                          10                           6
27                                                      10                           6                          11                           7
28                                                      10                           6                          12                           7
29                                                      12                           7                          13                           6
30                                                      12                           7                          22                           1
31                                                      13                           6                          14                           6
32                                                      13                           6                          15                           6
33                                                      13                           6                          23                           1
34                                                      14                           6                          15                           6
35                                                      14                           6                          24                           1
36                                                      14                           6                          25                           1
37                                                      14                           6                          26                           1
38                                                      15                           6                          27                           1
39                                                      15                           6                          28                           1
40                                                      15                           6                          29                           1
   &BondOrders [&Type "ArrayOfDoubles", &Dim (41,1)] "The bond orders"
                                                         0

0                                      6.4730459579021649e-01
1                                      9.6867523484656592e-01
2                                      9.7063790661260529e-01
3                                      9.6529753235133642e-01
4                                      7.1428172405604706e-01
5                                      1.0106075349860542e+00
6                                      9.6687027736875786e-01
7                                      1.5357927780860943e+00
8                                      1.2887183279650021e+00
9                                     -2.1140792651805418e-01
10                                     1.2522655524811026e+00
11                                     1.5416442839931330e+00
12                                    -1.7727340939349134e-01
13                                    -1.9001221878017005e-01
14                                     8.6903374899801455e-01
15                                     2.9424238951447801e-01
16                                     1.4901038155402375e+00
17                                    -1.4261758377102399e-01
18                                     2.7316481197026525e+00
19                                    -3.6270450353949935e-01
20                                    -1.5922325292573297e-01
21                                     4.1179286074429849e-01
22                                     5.5198052090116434e-01
23                                     1.4276707953527362e-01
24                                     1.9067338875394663e-01
25                                    -1.7318948559361108e-01
26                                     1.3563977873587549e+00
27                                     1.5180772980904531e+00
28                                     1.0873274074505912e+00
29                                     8.1966758142537999e-01
30                                     7.1931171002511940e-01
31                                     7.2323896885599415e-01
32                                     8.1482737467367494e-01
33                                     9.7142456348947970e-01
34                                    -2.3621721071331478e-01
35                                     9.6469239613944069e-01
36                                     9.6211649552638390e-01
37                                     1.0001754013856889e+00
38                                     9.7174984253621954e-01
39                                     9.7875429298940897e-01
40                                     9.6820180608833817e-01
   &ATNO [&Type "ArrayOfIntegers", &Dim (30,1)] "Atomic number of the elements"
                                                         0

0                                                        6
1                                                        6
2                                                        7
3                                                        6
4                                                        7
5                                                        6
6                                                        7
7                                                        7
8                                                        7
9                                                        7
10                                                       6
11                                                       7
12                                                       7
13                                                       6
14                                                       6
15                                                       6
16                                                       1
17                                                       1
18                                                       1
19                                                       1
20                                                       1
21                                                       1
22                                                       1
23                                                       1
24                                                       1
25                                                       1
26                                                       1
27                                                       1
28                                                       1
29                                                       1
   &NA [&Type "ArrayOfDoubles", &Dim (30,1)] "Mulliken gross atomic population"
                                                         0

0                                      6.7246488980699484e+00
1                                      6.1103167527842066e+00
2                                      7.6489262570447991e+00
3                                      5.6416047068745812e+00
4                                      7.4333750229839044e+00
5                                      5.8370680880430950e+00
6                                      7.2971100026689530e+00
7                                      6.3876782481128265e+00
8                                      7.0924894403492482e+00
9                                      7.4831412466201837e+00
10                                     5.4320799281939234e+00
11                                     7.5425827159499974e+00
12                                     7.5818905204278089e+00
13                                     5.9652145465033950e+00
14                                     6.6764065090978901e+00
15                                     6.7055527681777658e+00
16                                     8.1000804614190747e-01
17                                     7.8884379257096604e-01
18                                     7.9664655705791887e-01
19                                     8.2247425129406360e-01
20                                     8.1755042937085731e-01
21                                     4.1144008774890695e-01
22                                     5.2941768918451348e-01
23                                     7.8282449888363370e-01
24                                     7.7590435305200423e-01
25                                     7.7441230934698635e-01
26                                     7.8016522282873668e-01
27                                     7.8347129530763793e-01
28                                     7.8884015342924529e-01
29                                     7.7791566188008632e-01
   &ZA [&Type "ArrayOfDoubles", &Dim (30,1)] "Total nuclear charge"
                                                         0

0                                      6.0000000000000000e+00
1                                      6.0000000000000000e+00
2                                      7.0000000000000000e+00
3                                      6.0000000000000000e+00
4                                      7.0000000000000000e+00
5                                      6.0000000000000000e+00
6                                      7.0000000000000000e+00
7                                      7.0000000000000000e+00
8                                      7.0000000000000000e+00
9                                      7.0000000000000000e+00
10                                     6.0000000000000000e+00
11                                     7.0000000000000000e+00
12                                     7.0000000000000000e+00
13                                     6.0000000000000000e+00
14                                     6.0000000000000000e+00
15                                     6.0000000000000000e+00
16                                     1.0000000000000000e+00
17                                     1.0000000000000000e+00
18                                     1.0000000000000000e+00
19                                     1.0000000000000000e+00
20                                     1.0000000000000000e+00
21                                     1.0000000000000000e+00
22                                     1.0000000000000000e+00
23                                     1.0000000000000000e+00
24                                     1.0000000000000000e+00
25                                     1.0000000000000000e+00
26                                     1.0000000000000000e+00
27                                     1.0000000000000000e+00
28                                     1.0000000000000000e+00
29                                     1.0000000000000000e+00
   &QA [&Type "ArrayOfDoubles", &Dim (30,1)] "Mulliken gross atomic charge"
                                                         0

0                                     -7.2464889806994837e-01
1                                     -1.1031675278420661e-01
2                                     -6.4892625704479912e-01
3                                      3.5839529312541885e-01
4                                     -4.3337502298390440e-01
5                                      1.6293191195690504e-01
6                                     -2.9711000266895304e-01
7                                      6.1232175188717353e-01
8                                     -9.2489440349248220e-02
9                                     -4.8314124662018365e-01
10                                     5.6792007180607662e-01
11                                    -5.4258271594999741e-01
12                                    -5.8189052042780887e-01
13                                     3.4785453496605001e-02
14                                    -6.7640650909789013e-01
15                                    -7.0555276817776580e-01
16                                     1.8999195385809253e-01
17                                     2.1115620742903396e-01
18                                     2.0335344294208113e-01
19                                     1.7752574870593640e-01
20                                     1.8244957062914269e-01
21                                     5.8855991225109305e-01
22                                     4.7058231081548652e-01
23                                     2.1717550111636630e-01
24                                     2.2409564694799577e-01
25                                     2.2558769065301365e-01
26                                     2.1983477717126332e-01
27                                     2.1652870469236207e-01
28                                     2.1115984657075471e-01
29                                     2.2208433811991368e-01
   &VA [&Type "ArrayOfDoubles", &Dim (30,1)] "Mayer's total valence"
                                                         0

0                                      3.5040711105511337e+00
1                                      3.2141540942100040e+00
2                                      2.1843339803737263e+00
3                                      3.8464447577432019e+00
4                                      2.5397482475031401e+00
5                                      4.0051676594233765e+00
6                                      3.4037270464638105e+00
7                                      3.9416430697288729e+00
8                                      1.3662714022464861e-01
9                                      2.7387709616944056e+00
10                                     3.4930677279339131e+00
11                                     2.5464273765167449e+00
12                                     2.4141956121532382e+00
13                                     3.2209687387829922e+00
14                                     3.2046523966906411e+00
15                                     3.3834134235164104e+00
16                                     9.1837269148458645e-01
17                                     9.1047069922491153e-01
18                                     9.1350532555487729e-01
19                                     9.1569368750491142e-01
20                                     9.0858435650816127e-01
21                                     6.3701348820908987e-01
22                                     7.4827244801431958e-01
23                                     9.0370447063231141e-01
24                                     9.0574397551720054e-01
25                                     9.0819940930416709e-01
26                                     9.0811966100687669e-01
27                                     9.1012032412564059e-01
28                                     9.1218409672240730e-01
29                                     9.0751450772920772e-01
   &BVA [&Type "ArrayOfDoubles", &Dim (30,1)] "Mayer's bonded valence"
                                                         0

0                                      3.5040711105512119e+00
1                                      3.2141540942100688e+00
2                                      2.1843339803736264e+00
3                                      3.8464447577431744e+00
4                                      2.5397482475030912e+00
5                                      4.0051676594233561e+00
6                                      3.4037270464638603e+00
7                                      3.9416430697287650e+00
8                                      1.3662714022475519e-01
9                                      2.7387709616943301e+00
10                                     3.4930677279339162e+00
11                                     2.5464273765167595e+00
12                                     2.4141956121532768e+00
13                                     3.2209687387829744e+00
14                                     3.2046523966906726e+00
15                                     3.3834134235163464e+00
16                                     9.1837269148458811e-01
17                                     9.1047069922492019e-01
18                                     9.1350532555487840e-01
19                                     9.1569368750492641e-01
20                                     9.0858435650817726e-01
21                                     6.3701348820909842e-01
22                                     7.4827244801431914e-01
23                                     9.0370447063231629e-01
24                                     9.0574397551721275e-01
25                                     9.0819940930417475e-01
26                                     9.0811966100687069e-01
27                                     9.1012032412563404e-01
28                                     9.1218409672240774e-01
29                                     9.0751450772921027e-01
   &FA [&Type "ArrayOfDoubles", &Dim (30,1)] "Mayer's free valence"
                                                         0

0                                      0.0000000000000000e+00
1                                      0.0000000000000000e+00
2                                      0.0000000000000000e+00
3                                      0.0000000000000000e+00
4                                      0.0000000000000000e+00
5                                      0.0000000000000000e+00
6                                      0.0000000000000000e+00
7                                      0.0000000000000000e+00
8                                      0.0000000000000000e+00
9                                      0.0000000000000000e+00
10                                     0.0000000000000000e+00
11                                     0.0000000000000000e+00
12                                     0.0000000000000000e+00
13                                     0.0000000000000000e+00
14                                     0.0000000000000000e+00
15                                     0.0000000000000000e+00
16                                     0.0000000000000000e+00
17                                     0.0000000000000000e+00
18                                     0.0000000000000000e+00
19                                     0.0000000000000000e+00
20                                     0.0000000000000000e+00
21                                     0.0000000000000000e+00
22                                     0.0000000000000000e+00
23                                     0.0000000000000000e+00
24                                     0.0000000000000000e+00
25                                     0.0000000000000000e+00
26                                     0.0000000000000000e+00
27                                     0.0000000000000000e+00
28                                     0.0000000000000000e+00
29                                     0.0000000000000000e+00
   &Method [&Type "String"] "SCF"
   &Level [&Type "String"] "Relaxed density"
   &Mult [&Type "Integer"] 1
   &State [&Type "Integer"] -1
   &Irrep [&Type "Integer"] 0
$End
$SCF_Energy
   &GeometryIndex 1
   &Method [&Type "String"] "SCF"
   &totalEnergy [&Type "ArrayOfDoubles", &Dim (1,1)] "Total energy of each state"
                                                         0

0                                     -7.5079146934742005e+02
   &Mult [&Type "ArrayOfIntegers", &Dim (1,1)] "Multiplicity of each state"
                                                         0

0                                                        1
$End
$DFT_Energy
   &GeometryIndex 1
   &nAlphaEl [&Type "Integer"] 59
   &nBetaEl [&Type "Integer"] 59
   &nTotalEl [&Type "Integer"] 118
   &finalEn [&Type "Double"]      -7.5079146934742005e+02  "No Van der Waals correction"
   &eExchange [&Type "Double"]       0.0000000000000000e+00
   &eCorr [&Type "Double"]       0.0000000000000000e+00
   &eXC [&Type "Double"]      -7.5132391953845982e+01
   &eCNL [&Type "Double"]       0.0000000000000000e+00
$End
$Solvation_Details
   &GeometryIndex 1
   &Solvent [&Type "String"] "WATER"
   &Epsilon [&Type "Double"]       8.0150999999999996e+01
   &Refrac [&Type "Double"]       1.3328000000000000e+00
   &RSolv [&Type "Double"]       1.3000000000000000e+00
   &SurfaceType [&Type "String"] "GAUSSIAN VDW"
   &CPCMDielEnergy [&Type "Double"]      -9.5002116999999997e-02
   &NPoints [&Type "Integer"] 2651
   &SurfaceArea [&Type "Double"]       1.0251082832210000e+03
$End
$SCF_Timings
   &GeometryIndex 1
   &TOTAL [&Type "Double"]       6.0991785000000000e+01
   &PREP [&Type "Double"]       8.0657800000000002e-01
   &FOCK [&Type "Double"]       5.7768957999999998e+01
   &DENS [&Type "Double"]       6.6505999999989740e-02
   &ETOT [&Type "Double"]       4.2140000000002509e-02
   &POP [&Type "Double"]       2.5075999999998544e-02
   &TRAFO [&Type "Double"]       5.6419000000001773e-02
   &DIIS [&Type "Double"]       2.3525499999999955e-01
   &SOSCF [&Type "Double"]       1.9953200000000493e-01
   &XC [&Type "Double"]       4.2081709999999877e+00
   &FOCKSTART [&Type "Double"]       7.5460000000140415e-03
   &SOLV [&Type "Double"]       4.7866029999999968e+00
   &SOLV_INIT [&Type "Double"]       2.0821700000000010e-01
   &INT_PREP [&Type "Double"]       7.9999999984536885e-06
   &INT_BF [&Type "Double"]       9.5395599999970848e-01
   &INT_DENS [&Type "Double"]       1.1056989999998885e+00
   &INT_DENSIO [&Type "Double"]       1.2299047220800015e+05
   &INT_FUNC [&Type "Double"]       2.7626999999992830e-01
   &INT_POT [&Type "Double"]       1.2255200000002144e+00
   &INT_POTIO [&Type "Double"]       2.7504999999963253e-02
   &INT_SUM [&Type "Double"]       8.5200000000362763e-04
   &SPLITRIJ [&Type "Double"]       2.8815319999999893e+00
   &COSX [&Type "Double"]       4.8292548000000011e+01
   &FROZCORE [&Type "Double"]       3.5060000000015634e-03
$End
$CIS_Absorption_Spectrum
   &GeometryIndex 1
   &Method [&Type "Integer"] 20
   &RelCorrection [&Type "Integer"] 1 "Type of relativistic treatment in QDPT. 0->Unknow, 1->None, 2->SOC, 3->SSC, 4->SOC/SSC"
   &DensType [&Type "Integer"] 3 "Type of density (electron/spin ...). 0->Unknow, 1->Electronic, 2->Spin, 3->Trans/Electronic, 4->Tran/Spin"
   &DeriType [&Type "Integer"] 0 "Type of derivative (w.r.t. to what perturbation). 0->Unknown, 1->No Derivative, 2->Electric/Dipole, 3->Electric/Quad, 4->Magnetic/Dipole, 5->Magnetic/Quad"
   &DensLevel [&Type "Integer"] 0 "// Source of density: relaxed, unrelaxed, ... 0->Unknown, 1->Linearized, 2->Unrelaxed, 3->Relaxed"
   &Density_name [&Type "String"] "Tdens-CIS"
   &Representation [&Type "String"] "Length" "Possible values: Unknown,  Length, Velocity"
   &PointGroup [&Type "String"] "C1"
   &DoHigherMoments [&Type "Boolean"] false
   &NTrans [&Type "Integer"] 8
   &ExcitationEnergies [&Type "ArrayOfDoubles", &Dim (8,11)] 
                                                         0                           1                           2                           3                           4                           5                           6                           7

0                                      2.5750094517782087e+00         2.0768854044217580e+04         4.8149021504555179e+02         2.3088879039774964e-05         3.6598720408210887e-04         5.3861126430171811e-05         0.0000000000000000e+00         1.3055648611373566e-02
1                                      3.0065622709671067e+00         2.4249562632652236e+04         4.1237857158441761e+02         4.8646670446455098e-02         6.6042696675602364e-01         5.2515935633622401e-01         0.0000000000000000e+00        -4.7874960616996820e-01
2                                      3.8754028184220091e+00         3.1257234975496594e+04         3.1992593099931179e+02         9.2245867964363640e-05         9.7156520154961237e-04        -3.9300091007611372e-03         0.0000000000000000e+00        -3.0751198050414132e-02
3                                      3.9446670090489135e+00         3.1815888406701531e+04         3.1430836920755769e+02         3.3718012762749090e-04         3.4889400195321344e-03        -3.0633289334167889e-02         0.0000000000000000e+00        -5.0493748648107767e-02
4                                      4.1262948540968427e+00         3.3280815924369970e+04         3.0047340253690930e+02         3.1959987070160684e-04         3.1614638278759351e-03         1.6955628766711285e-02         0.0000000000000000e+00         2.6971958775518608e-02
5                                      4.2174198888723238e+00         3.4015788973000643e+04         2.9398112764449775e+02         3.9619016132394795e-03         3.8344115584290739e-02         6.0618500578666183e-02         0.0000000000000000e+00         1.8496542978082686e-01
6                                      4.3548001186225038e+00         3.5123835368042892e+04         2.8470694886294825e+02         1.8960780848117632e-02         1.7771736813423805e-01        -2.6194023339953071e-01         0.0000000000000000e+00         1.8126904144952494e-01
7                                      4.3760707102855392e+00         3.5295394277614527e+04         2.8332308519761517e+02         1.4470419710197667e-04         1.3497044429639006e-03         9.6363902564482740e-03         0.0000000000000000e+00        -2.6142700344635957e-02
                                                         8                           9                          10

0                                      0.0000000000000000e+00         1.3983359481809369e-02         0.0000000000000000e+00
1                                      0.0000000000000000e+00         3.9425046835818328e-01         0.0000000000000000e+00
2                                      0.0000000000000000e+00         3.2379080409661158e-03         0.0000000000000000e+00
3                                      0.0000000000000000e+00        -9.6070368116564411e-04         0.0000000000000000e+00
4                                      0.0000000000000000e+00        -4.6330162106484503e-02         0.0000000000000000e+00
5                                      0.0000000000000000e+00        -2.1384638362128016e-02         0.0000000000000000e+00
6                                      0.0000000000000000e+00        -2.7612717517985769e-01         0.0000000000000000e+00
7                                      0.0000000000000000e+00         2.3945848167895419e-02         0.0000000000000000e+00
   &States [&Type "ArrayOfIntegers", &Dim (8,4)] "The initial and Final states. Col1: Initial State  Col2: Initial Irrep Col3: Final State Col4: Final Irrep"
                                                         0                           1                           2                           3

0                                                        0                           0                           1                           0
1                                                        0                           0                           2                           0
2                                                        0                           0                           3                           0
3                                                        0                           0                           4                           0
4                                                        0                           0                           5                           0
5                                                        0                           0                           6                           0
6                                                        0                           0                           7                           0
7                                                        0                           0                           8                           0
   &Multiplicities [&Type "ArrayOfDoubles", &Dim (8,2)] "Col1: Multiplicity of the initial state  Col2: Multiplicity of the final state"
                                                         0                           1

0                                      1.0000000000000000e+00         1.0000000000000000e+00
1                                      1.0000000000000000e+00         1.0000000000000000e+00
2                                      1.0000000000000000e+00         1.0000000000000000e+00
3                                      1.0000000000000000e+00         1.0000000000000000e+00
4                                      1.0000000000000000e+00         1.0000000000000000e+00
5                                      1.0000000000000000e+00         1.0000000000000000e+00
6                                      1.0000000000000000e+00         1.0000000000000000e+00
7                                      1.0000000000000000e+00         1.0000000000000000e+00
   &Temperature [&Type "Double"]       2.9814999999999998e+02
$End
$CIS_Absorption_Spectrum
   &GeometryIndex 1
   &Method [&Type "Integer"] 20
   &RelCorrection [&Type "Integer"] 1 "Type of relativistic treatment in QDPT. 0->Unknow, 1->None, 2->SOC, 3->SSC, 4->SOC/SSC"
   &DensType [&Type "Integer"] 3 "Type of density (electron/spin ...). 0->Unknow, 1->Electronic, 2->Spin, 3->Trans/Electronic, 4->Tran/Spin"
   &DeriType [&Type "Integer"] 0 "Type of derivative (w.r.t. to what perturbation). 0->Unknown, 1->No Derivative, 2->Electric/Dipole, 3->Electric/Quad, 4->Magnetic/Dipole, 5->Magnetic/Quad"
   &DensLevel [&Type "Integer"] 0 "// Source of density: relaxed, unrelaxed, ... 0->Unknown, 1->Linearized, 2->Unrelaxed, 3->Relaxed"
   &Density_name [&Type "String"] "Tdens-CIS"
   &Representation [&Type "String"] "Velocity" "Possible values: Unknown,  Length, Velocity"
   &PointGroup [&Type "String"] "C1"
   &DoHigherMoments [&Type "Boolean"] false
   &NTrans [&Type "Integer"] 8
   &ExcitationEnergies [&Type "ArrayOfDoubles", &Dim (8,11)] 
                                                         0                           1                           2                           3                           4                           5                           6                           7

0                                      2.5750094517782087e+00         2.0768854044217580e+04         4.8149021504555179e+02         2.4737523353947355e-05         3.5113626260911794e-06        -1.3332462982099643e-03         0.0000000000000000e+00         3.1417428509399357e-04
1                                      3.0065622709671067e+00         2.4249562632652236e+04         4.1237857158441761e+02         1.2070011875791441e-03         2.0004077952839104e-04        -1.4677381044191011e-03         0.0000000000000000e+00         1.3846026442334071e-02
2                                      3.8754028184220091e+00         3.1257234975496594e+04         3.1992593099931179e+02         7.5896738311094261e-05         1.6213642792588731e-05        -2.3739348345082627e-03         0.0000000000000000e+00         2.7167987264064102e-03
3                                      3.9446670090489135e+00         3.1815888406701531e+04         3.1430836920755769e+02         1.7272450615061333e-04         3.7558215125508318e-05        -2.8334945411868512e-03         0.0000000000000000e+00         3.7484662740237830e-03
4                                      4.1262948540968427e+00         3.3280815924369970e+04         3.0047340253690930e+02         4.9872624842145553e-05         1.1343919136050663e-05        -2.4955389624969106e-03         0.0000000000000000e+00        -2.1825969520248988e-03
5                                      4.2174198888723238e+00         3.4015788973000643e+04         2.9398112764449775e+02         1.5960870118301386e-03         3.7105991686166295e-04        -1.0705133227577763e-02         0.0000000000000000e+00        -1.6005443777383891e-02
6                                      4.3548001186225038e+00         3.5123835368042892e+04         2.8470694886294825e+02         1.8292316910957004e-03         4.3911430015930024e-04         1.4752725506558732e-02         0.0000000000000000e+00         1.0372662735968466e-02
7                                      4.3760707102855392e+00         3.5295394277614527e+04         2.8332308519761517e+02         2.8664772741103573e-05         6.9147020512746894e-06        -8.8851471779713973e-04         0.0000000000000000e+00         1.5563722544337259e-03
                                                         8                           9                          10

0                                      0.0000000000000000e+00         1.2787147660781447e-03         0.0000000000000000e+00
1                                      0.0000000000000000e+00         2.4847688309806554e-03         0.0000000000000000e+00
2                                      0.0000000000000000e+00         1.7880382753994570e-03         0.0000000000000000e+00
3                                      0.0000000000000000e+00        -3.9342755880948264e-03         0.0000000000000000e+00
4                                      0.0000000000000000e+00        -5.9369602299672421e-04         0.0000000000000000e+00
5                                      0.0000000000000000e+00        -5.3461100856304713e-04         0.0000000000000000e+00
6                                      0.0000000000000000e+00        -1.0671422494367040e-02         0.0000000000000000e+00
7                                      0.0000000000000000e+00         1.9243048233482760e-03         0.0000000000000000e+00
   &States [&Type "ArrayOfIntegers", &Dim (8,4)] "The initial and Final states. Col1: Initial State  Col2: Initial Irrep Col3: Final State Col4: Final Irrep"
                                                         0                           1                           2                           3

0                                                        0                           0                           1                           0
1                                                        0                           0                           2                           0
2                                                        0                           0                           3                           0
3                                                        0                           0                           4                           0
4                                                        0                           0                           5                           0
5                                                        0                           0                           6                           0
6                                                        0                           0                           7                           0
7                                                        0                           0                           8                           0
   &Multiplicities [&Type "ArrayOfDoubles", &Dim (8,2)] "Col1: Multiplicity of the initial state  Col2: Multiplicity of the final state"
                                                         0                           1

0                                      1.0000000000000000e+00         1.0000000000000000e+00
1                                      1.0000000000000000e+00         1.0000000000000000e+00
2                                      1.0000000000000000e+00         1.0000000000000000e+00
3                                      1.0000000000000000e+00         1.0000000000000000e+00
4                                      1.0000000000000000e+00         1.0000000000000000e+00
5                                      1.0000000000000000e+00         1.0000000000000000e+00
6                                      1.0000000000000000e+00         1.0000000000000000e+00
7                                      1.0000000000000000e+00         1.0000000000000000e+00
   &Temperature [&Type "Double"]       2.9814999999999998e+02
$End
$CIS_ECD_Spectrum
   &GeometryIndex 1
   &Method [&Type "Integer"] 20
   &RelCorrection [&Type "Integer"] 1 "Type of relativistic treatment in QDPT. 0->Unknow, 1->None, 2->SOC, 3->SSC, 4->SOC/SSC"
   &DensType [&Type "Integer"] 3 "Type of density (electron/spin ...). 0->Unknow, 1->Electronic, 2->Spin, 3->Trans/Electronic, 4->Tran/Spin"
   &DeriType [&Type "Integer"] 0 "Type of derivative (w.r.t. to what perturbation). 0->Unknown, 1->No Derivative, 2->Electric/Dipole, 3->Electric/Quad, 4->Magnetic/Dipole, 5->Magnetic/Quad"
   &DensLevel [&Type "Integer"] 0 "// Source of density: relaxed, unrelaxed, ... 0->Unknown, 1->Linearized, 2->Unrelaxed, 3->Relaxed"
   &Density_name [&Type "String"] "Tdens-CIS"
   &Representation [&Type "String"] "Length" "Possible values: Unknown,  Length, Velocity"
   &PointGroup [&Type "String"] "C1"
   &DoHigherMoments [&Type "Boolean"] false
   &NTrans [&Type "Integer"] 8
   &ExcitationEnergies [&Type "ArrayOfDoubles", &Dim (8,10)] 
                                                         0                           1                           2                           3                           4                           5                           6                           7

0                                      2.5750094517782087e+00         2.0768854044217580e+04         4.8149021504555179e+02         8.3753255652606315e-02         1.6343498193026520e-03         0.0000000000000000e+00        -1.5534844277514696e-02         0.0000000000000000e+00
1                                      3.0065622709671067e+00         2.4249562632652236e+04         4.1237857158441761e+02         4.5622748305382110e+00        -1.2744450702630805e-01         0.0000000000000000e+00         4.2790383443203385e-02         0.0000000000000000e+00
2                                      3.8754028184220091e+00         3.1257234975496594e+04         3.1992593099931179e+02        -2.8312705256591725e-01        -7.7901459727556530e-03         0.0000000000000000e+00        -1.1617755609277873e-02         0.0000000000000000e+00
3                                      3.9446670090489135e+00         3.1815888406701531e+04         3.1430836920755769e+02        -1.4169129598043864e-01        -9.1672942653953218e-02         0.0000000000000000e+00         4.6736611085126445e-02         0.0000000000000000e+00
4                                      4.1262948540968427e+00         3.3280815924369970e+04         3.0047340253690930e+02        -4.2235688913412339e+00         4.3130416054944533e-03         0.0000000000000000e+00         1.9553637899197651e-01         0.0000000000000000e+00
5                                      4.2174198888723238e+00         3.4015788973000643e+04         2.9398112764449775e+02        -6.7343284729971598e-01        -1.8650313058338110e-02         0.0000000000000000e+00         1.7524178862370277e-02         0.0000000000000000e+00
6                                      4.3548001186225038e+00         3.5123835368042892e+04         2.8470694886294825e+02        -1.3415428912870905e+01         3.0733415371494714e-02         0.0000000000000000e+00        -9.2723547334499890e-02         0.0000000000000000e+00
7                                      4.3760707102855392e+00         3.5295394277614527e+04         2.8332308519761517e+02         2.8533649352874462e+00        -7.4356401334644245e-02         0.0000000000000000e+00         1.5437389899742263e-01         0.0000000000000000e+00
                                                         8                           9

0                                      1.7935118529969734e-03         0.0000000000000000e+00
1                                      1.9717783564919067e-01         0.0000000000000000e+00
2                                      6.5681057179735228e-02         0.0000000000000000e+00
3                                      1.5383914610853855e-01         0.0000000000000000e+00
4                                     -7.7952185470580471e-02         0.0000000000000000e+00
5                                      3.1910106891259102e-02         0.0000000000000000e+00
6                                     -1.9307721940809119e-01         0.0000000000000000e+00
7                                     -5.4290479101800272e-02         0.0000000000000000e+00
   &States [&Type "ArrayOfIntegers", &Dim (8,4)] "The initial and Final states. Col1: Initial State  Col2: Initial Irrep Col3: Final State Col4: Final Irrep"
                                                         0                           1                           2                           3

0                                                        0                           0                           1                           0
1                                                        0                           0                           2                           0
2                                                        0                           0                           3                           0
3                                                        0                           0                           4                           0
4                                                        0                           0                           5                           0
5                                                        0                           0                           6                           0
6                                                        0                           0                           7                           0
7                                                        0                           0                           8                           0
   &Multiplicities [&Type "ArrayOfDoubles", &Dim (8,2)] "Col1: Multiplicity of the initial state  Col2: Multiplicity of the final state"
                                                         0                           1

0                                      1.0000000000000000e+00         1.0000000000000000e+00
1                                      1.0000000000000000e+00         1.0000000000000000e+00
2                                      1.0000000000000000e+00         1.0000000000000000e+00
3                                      1.0000000000000000e+00         1.0000000000000000e+00
4                                      1.0000000000000000e+00         1.0000000000000000e+00
5                                      1.0000000000000000e+00         1.0000000000000000e+00
6                                      1.0000000000000000e+00         1.0000000000000000e+00
7                                      1.0000000000000000e+00         1.0000000000000000e+00
   &Temperature [&Type "Double"]       2.9814999999999998e+02
$End
$CIS_ECD_Spectrum
   &GeometryIndex 1
   &Method [&Type "Integer"] 20
   &RelCorrection [&Type "Integer"] 1 "Type of relativistic treatment in QDPT. 0->Unknow, 1->None, 2->SOC, 3->SSC, 4->SOC/SSC"
   &DensType [&Type "Integer"] 3 "Type of density (electron/spin ...). 0->Unknow, 1->Electronic, 2->Spin, 3->Trans/Electronic, 4->Tran/Spin"
   &DeriType [&Type "Integer"] 0 "Type of derivative (w.r.t. to what perturbation). 0->Unknown, 1->No Derivative, 2->Electric/Dipole, 3->Electric/Quad, 4->Magnetic/Dipole, 5->Magnetic/Quad"
   &DensLevel [&Type "Integer"] 0 "// Source of density: relaxed, unrelaxed, ... 0->Unknown, 1->Linearized, 2->Unrelaxed, 3->Relaxed"
   &Density_name [&Type "String"] "Tdens-CIS"
   &Representation [&Type "String"] "Velocity" "Possible values: Unknown,  Length, Velocity"
   &PointGroup [&Type "String"] "C1"
   &DoHigherMoments [&Type "Boolean"] false
   &NTrans [&Type "Integer"] 8
   &ExcitationEnergies [&Type "ArrayOfDoubles", &Dim (8,10)] 
                                                         0                           1                           2                           3                           4                           5                           6                           7

0                                      2.5750094517782087e+00         2.0768854044217580e+04         4.8149021504555179e+02        -2.3745687486171379e-02         1.6343498193026520e-03         0.0000000000000000e+00        -1.5534844277514696e-02         0.0000000000000000e+00
1                                      3.0065622709671067e+00         2.4249562632652236e+04         4.1237857158441761e+02         5.4167672751800202e+00        -1.2744450702630805e-01         0.0000000000000000e+00         4.2790383443203385e-02         0.0000000000000000e+00
2                                      3.8754028184220091e+00         3.1257234975496594e+04         3.1992593099931179e+02         3.4549954309513770e-01        -7.7901459727556530e-03         0.0000000000000000e+00        -1.1617755609277873e-02         0.0000000000000000e+00
3                                      3.9446670090489135e+00         3.1815888406701531e+04         3.1430836920755769e+02        -5.5384933223655819e-01        -9.1672942653953218e-02         0.0000000000000000e+00         4.6736611085126445e-02         0.0000000000000000e+00
4                                      4.1262948540968427e+00         3.3280815924369970e+04         3.0047340253690930e+02        -1.2164454443312234e+00         4.3130416054944533e-03         0.0000000000000000e+00         1.9553637899197651e-01         0.0000000000000000e+00
5                                      4.2174198888723238e+00         3.4015788973000643e+04         2.9398112764449775e+02        -2.9776109734798473e-01        -1.8650313058338110e-02         0.0000000000000000e+00         1.7524178862370277e-02         0.0000000000000000e+00
6                                      4.3548001186225038e+00         3.5123835368042892e+04         2.8470694886294825e+02         4.5721023343621576e+00         3.0733415371494714e-02         0.0000000000000000e+00        -9.2723547334499890e-02         0.0000000000000000e+00
7                                      4.3760707102855392e+00         3.5295394277614527e+04         2.8332308519761517e+02         5.9176557561967269e-01        -7.4356401334644245e-02         0.0000000000000000e+00         1.5437389899742263e-01         0.0000000000000000e+00
                                                         8                           9

0                                      1.7935118529969734e-03         0.0000000000000000e+00
1                                      1.9717783564919067e-01         0.0000000000000000e+00
2                                      6.5681057179735228e-02         0.0000000000000000e+00
3                                      1.5383914610853855e-01         0.0000000000000000e+00
4                                     -7.7952185470580471e-02         0.0000000000000000e+00
5                                      3.1910106891259102e-02         0.0000000000000000e+00
6                                     -1.9307721940809119e-01         0.0000000000000000e+00
7                                     -5.4290479101800272e-02         0.0000000000000000e+00
   &States [&Type "ArrayOfIntegers", &Dim (8,4)] "The initial and Final states. Col1: Initial State  Col2: Initial Irrep Col3: Final State Col4: Final Irrep"
                                                         0                           1                           2                           3

0                                                        0                           0                           1                           0
1                                                        0                           0                           2                           0
2                                                        0                           0                           3                           0
3                                                        0                           0                           4                           0
4                                                        0                           0                           5                           0
5                                                        0                           0                           6                           0
6                                                        0                           0                           7                           0
7                                                        0                           0                           8                           0
   &Multiplicities [&Type "ArrayOfDoubles", &Dim (8,2)] "Col1: Multiplicity of the initial state  Col2: Multiplicity of the final state"
                                                         0                           1

0                                      1.0000000000000000e+00         1.0000000000000000e+00
1                                      1.0000000000000000e+00         1.0000000000000000e+00
2                                      1.0000000000000000e+00         1.0000000000000000e+00
3                                      1.0000000000000000e+00         1.0000000000000000e+00
4                                      1.0000000000000000e+00         1.0000000000000000e+00
5                                      1.0000000000000000e+00         1.0000000000000000e+00
6                                      1.0000000000000000e+00         1.0000000000000000e+00
7                                      1.0000000000000000e+00         1.0000000000000000e+00
   &Temperature [&Type "Double"]       2.9814999999999998e+02
$End
$CIS_Energies
   &GeometryIndex 1
   &e0 [&Type "Double"]      -7.5079146934742005e+02  "Ground state energy"
   &multP1 [&Type "Boolean"] false "Do the higher multiplicity too?"
   &mode [&Type "String"] "TDA" "CIS mode: CIS, RPA, TDA, TD-DFT, sTDA, sTD-DFT"
   &dCorr [&Type "Integer"] 0 "(D) Correction algorithm"
   &Method [&Type "String"] "TDA/CIS"
   &totalEnergy [&Type "ArrayOfDoubles", &Dim (8,1)] "Total energy of each state"
                                                         0

0                                     -7.5069683948557417e+02
1                                     -7.5068098021032722e+02
2                                     -7.5064905090579009e+02
3                                     -7.5064650549346732e+02
4                                     -7.5063983079257548e+02
5                                     -7.5063648200896398e+02
6                                     -7.5063143337811232e+02
7                                     -7.5063065169820470e+02
   &Mult [&Type "ArrayOfIntegers", &Dim (8,1)] "Multiplicity of each state"
                                                         0

0                                                        1
1                                                        1
2                                                        1
3                                                        1
4                                                        1
5                                                        1
6                                                        1
7                                                        1
   &RelCorr [&Type "String"] "None" "Relativistic correction (SOC and/or SSC)"
   &NBlocks [&Type "Integer"] 1 "Number of multiplicity blocks"
   &NRoots [&Type "ArrayOfIntegers", &Dim (1,1)] "Number of roots in each block"
                                                         0

0                                                        8
   &NTotalRoots [&Type "Integer"] 8 "Total number of roots"
   &Block [&Type "ArrayOfIntegers", &Dim (8,1)] "Block index of each state"
                                                         0

0                                                        0
1                                                        0
2                                                        0
3                                                        0
4                                                        0
5                                                        0
6                                                        0
7                                                        0
   &Root [&Type "ArrayOfIntegers", &Dim (8,1)] "Root index within the block"
                                                         0

0                                                        0
1                                                        1
2                                                        2
3                                                        3
4                                                        4
5                                                        5
6                                                        6
7                                                        7
$End
$Single_Point_Data
   &GeometryIndex 1
   &FinalEnergy [&Type "Double"]      -7.5069683948557417e+02  "Final single point energy"
   &Converged [&Type "Boolean"] true
$End
$Calculation_Info
   &GeometryIndex 1
   &Mult [&Type "Integer"] 1
   &Charge [&Type "Integer"] 0
   &NumOfAtoms [&Type "Integer"] 30
   &NumOfElectrons [&Type "Integer"] 118
   &NumOfBasisFuncts [&Type "Integer"] 316
   &NumOfAuxCBasisFuncts [&Type "Integer"] 0
   &NumOfAuxJBasisFuncts [&Type "Integer"] 938
   &NumOfAuxJKBasisFuncts [&Type "Integer"] 0
   &NumOfCABSBasisFuncts [&Type "Integer"] 0
$End
$SCF_Dipole_Moment
   &GeometryIndex 1
   &dipoleMagnitude [&Type "Double", &Units "a.u."]       7.8967006374624447e+00
   &dipoleElecContrib [&Type "ArrayOfDoubles", &Dim (3,1)] "Electronic contribution"
                                                         0

0                                      7.5406667469626392e+00
1                                      2.5475737681194104e+01
2                                     -2.1927189818134480e+00
   &dipoleNucContrib [&Type "ArrayOfDoubles", &Dim (3,1)] "Nuclear contribution"
                                                         0

0                                     -7.4375882078666944e+00
1                                     -1.7886774288131505e+01
2                                      1.2147865973969996e-02
   &dipoleTotal [&Type "ArrayOfDoubles", &Dim (3,1)] "Total"
                                                         0

0                                      1.0307853909594478e-01
1                                      7.5889633930625990e+00
2                                     -2.1805711158394780e+00
   &doAtomicDipole [&Type "Boolean"] false
   &Method [&Type "String"] "SCF"
   &Level [&Type "String"] "Relaxed density"
   &Mult [&Type "Integer"] 1
   &State [&Type "Integer"] -1
   &Irrep [&Type "Integer"] 0
$End
$Calculation_Timings
   &GeometryIndex 1
   &GTOINT [&Type "Double"]       3.1970000000000001e+00
   &SCF [&Type "Double"]       6.4858286000000007e+01
   &CIS [&Type "Double"]       4.9185017000000002e+01
   &PROPINT [&Type "Double"]       1.7514529999999979e+00
   &PROP [&Type "Double"]       1.5345130000000040e+00
   &SUM [&Type "Double"]       1.2052626900000001e+02
$End
