*************************************************
******************* ORCA 6.1.1 ******************
*************************************************
$Calculation_Status
   &GeometryIndex 1
   &version [&Type "String"] "6.1.1"
   &progName [&Type "String"] "ProgCIS"
   &Status [&Type "String"] "NORMAL TERMINATION"
$End
$Geometry
   &GeometryIndex 1
   &NAtoms [&Type "Integer"] 46
   &NCorelessECP [&Type "Integer"] 0
   &NGhostAtoms [&Type "Integer"] 0
   &CartesianCoordinates [&Type "Coordinates", &Dim(46,4), &Units "Bohr"] 
              O      4.331526309237   -5.041167605404   -6.442044265193
              C      6.043332837923   -3.962515707614   -5.190796120688
              N      8.534505887940   -3.533175599165   -6.113390654886
              C      9.627394982423   -2.369136426014   -4.257165585867
              C      8.061069020156   -1.989446982008   -2.173927716380
              C      5.794357640327   -2.966331458308   -2.639032781639
              C      3.464151462398   -2.924521267595   -1.021088950025
              N      2.385484446799   -0.378578285039   -0.916407570836
              C      0.234429975544    0.266404141730    0.619312386965
              C     -0.602401227793    2.783186760313    0.688706910055
              C     -2.686461128148    3.465623559056    2.160238540266
              C     -3.962243587051    1.643489149493    3.589961869490
              C     -3.144453264239   -0.873595825272    3.528345459167
              C     -1.061750187248   -1.561441020210    2.055797156296
              S     -6.619952532071    2.526172667743    5.386450805689
              O     -5.896478440604    4.653849336995    7.122527087114
              O     -7.548907884437    0.347601894252    6.955165381789
              N     -9.013659177279    3.516797342763    3.384495726401
              C    -10.006727268189    1.913755891440    1.440919956567
              C    -11.883119494510    2.815588004605   -0.196826315205
              C    -12.823708000955    1.232549304410   -2.087835573171
              C    -11.891791447738   -1.223431375814   -2.328605579894
              C    -10.024090071908   -2.062509463524   -0.664000630580
              N     -9.133004831266   -0.493379147675    1.165114427321
              C      9.004042360983   -0.712819815524   -0.065828609875
              S      7.631141206880    0.067827940125    2.688509591277
              C     10.277662973188    1.482408893837    3.793611985764
              N     12.196218769009    1.374065225401    2.099687935483
              C     11.487017779031    0.154872505306   -0.044111877144
              C     13.082248992242   -0.234445093353   -2.132903651739
              C     12.140237522017   -1.513880392872   -4.273630769672
              H      3.959658441699   -3.575291925512    0.911050197246
              H      2.043553620675   -4.248843231973   -1.817198444901
              H      3.231259723927    1.057779872641   -1.980928096597
              H      0.361376108042    4.220752452993   -0.402895280930
              H     -3.311285846246    5.414072932589    2.179406032442
              H     -4.122067174827   -2.310641843265    4.606156428827
              H     -0.484744988969   -3.521470635492    2.043039615166
              H     -9.706000030690    5.353350362728    3.595840807492
              H    -12.603513332379    4.721698064108   -0.011721971209
              H    -14.271204204469    1.909148739126   -3.364672499256
              H    -12.608653387463   -2.463163529260   -3.788774286861
              H     -9.281654468413   -3.960590076683   -0.825298204741
              H     10.448352486235    2.373919322859    5.624363546498
              H     15.011428828387    0.445364986064   -2.106695039987
              H     13.337428160736   -1.819904532725   -5.904158287612
$End
$SCF_Mulliken_Population_Analysis
   &GeometryIndex 1
   &NAtoms [&Type "Integer"] 46
   &ATNO [&Type "ArrayOfIntegers", &Dim (46,1)] 
                                                         0

0                                                        8
1                                                        6
2                                                        7
3                                                        6
4                                                        6
5                                                        6
6                                                        6
7                                                        7
8                                                        6
9                                                        6
10                                                       6
11                                                       6
12                                                       6
13                                                       6
14                                                      16
15                                                       8
16                                                       8
17                                                       7
18                                                       6
19                                                       6
20                                                       6
21                                                       6
22                                                       6
23                                                       7
24                                                       6
25                                                      16
26                                                       6
27                                                       7
28                                                       6
29                                                       6
30                                                       6
31                                                       1
32                                                       1
33                                                       1
34                                                       1
35                                                       1
36                                                       1
37                                                       1
38                                                       1
39                                                       1
40                                                       1
41                                                       1
42                                                       1
43                                                       1
44                                                       1
45                                                       1
   &AtomicCharges [&Type "ArrayOfDoubles", &Dim (46,1)] 
                                                         0

0                                     -4.1664439462599567e-01
1                                      4.4244032519222465e-01
2                                     -4.8150420254683723e-01
3                                      2.7467661129086185e-01
4                                      1.4219521435149396e-01
5                                     -1.7216913413546919e-02
6                                     -1.8119279223436369e-01
7                                     -6.7251230126836070e-01
8                                      3.6557314194216772e-01
9                                     -1.8982972653563390e-01
10                                    -1.4941424384282165e-01
11                                    -1.4426608127575680e-01
12                                    -1.3191511387481558e-01
13                                    -1.9632180288212631e-01
14                                     1.2048985919818698e+00
15                                    -5.6914693720563747e-01
16                                    -5.6645536800019514e-01
17                                    -7.8939701720646749e-01
18                                     4.7922325603198601e-01
19                                    -1.8773466631862856e-01
20                                    -1.0331693745631476e-01
21                                    -1.5864347269160461e-01
22                                     1.4708024191888214e-02
23                                    -4.4712959424810617e-01
24                                    -2.4215088442681676e-01
25                                     3.2783016384782648e-01
26                                    -1.5636955145947962e-01
27                                    -3.9340426878996926e-01
28                                     2.4902207674673082e-01
29                                    -1.2618434718382865e-01
30                                    -1.9693507874548111e-01
31                                     1.7856528271344418e-01
32                                     1.8543104374544073e-01
33                                     3.5112417167337173e-01
34                                     1.5394719434241222e-01
35                                     1.7474929753681601e-01
36                                     1.8709560279440329e-01
37                                     1.6400131840021359e-01
38                                     3.9809928961888941e-01
39                                     1.5281934299775279e-01
40                                     1.6277134588525377e-01
41                                     1.4966508418189861e-01
42                                     1.6896879348774074e-01
43                                     2.2758673451635136e-01
44                                     1.8678962149526868e-01
45                                     1.7550416726651075e-01
   &Method [&Type "String"] "SCF"
   &Level [&Type "String"] "Relaxed density"
   &Mult [&Type "Integer"] 1
   &State [&Type "Integer"] -1
   &Irrep [&Type "Integer"] 0
$End
$SCF_Loewdin_Population_Analysis
   &GeometryIndex 1
   &NAtoms [&Type "Integer"] 46
   &ATNO [&Type "ArrayOfIntegers", &Dim (46,1)] 
                                                         0

0                                                        8
1                                                        6
2                                                        7
3                                                        6
4                                                        6
5                                                        6
6                                                        6
7                                                        7
8                                                        6
9                                                        6
10                                                       6
11                                                       6
12                                                       6
13                                                       6
14                                                      16
15                                                       8
16                                                       8
17                                                       7
18                                                       6
19                                                       6
20                                                       6
21                                                       6
22                                                       6
23                                                       7
24                                                       6
25                                                      16
26                                                       6
27                                                       7
28                                                       6
29                                                       6
30                                                       6
31                                                       1
32                                                       1
33                                                       1
34                                                       1
35                                                       1
36                                                       1
37                                                       1
38                                                       1
39                                                       1
40                                                       1
41                                                       1
42                                                       1
43                                                       1
44                                                       1
45                                                       1
   &AtomicCharges [&Type "ArrayOfDoubles", &Dim (46,1)] 
                                                         0

0                                     -1.8371248967541298e-01
1                                      1.4692265458126563e-01
2                                     -1.9862685545852976e-01
3                                      5.3741018059120016e-02
4                                     -1.6567548260183251e-02
5                                     -3.2848770550409689e-02
6                                     -1.5062991707989859e-01
7                                     -2.4645242795782352e-01
8                                      6.1624473562187809e-02
9                                     -1.5949001570513932e-01
10                                    -9.8515679105049436e-02
11                                    -2.2052225696212346e-01
12                                    -8.2117087237901565e-02
13                                    -1.7191509482762601e-01
14                                     1.2701402099585568e+00
15                                    -6.0107223110920849e-01
16                                    -5.9624185464045709e-01
17                                    -4.1050489890353070e-01
18                                     7.2465080458097297e-02
19                                    -1.6397364479336307e-01
20                                    -9.6036296702269652e-02
21                                    -1.6359271883696636e-01
22                                    -6.0084362993741536e-02
23                                    -1.6929236426548755e-01
24                                    -1.9340875524915901e-01
25                                     4.5083925341462461e-01
26                                    -2.1652994087003830e-01
27                                    -1.4973676060985941e-01
28                                    -2.3930712048132463e-02
29                                    -5.8025091221002079e-02
30                                    -1.3389157975146748e-01
31                                     1.3961215951120765e-01
32                                     1.4356058351597634e-01
33                                     2.6606463230634914e-01
34                                     1.4494110246745096e-01
35                                     1.5457544933952427e-01
36                                     1.6289005399128687e-01
37                                     1.4878995279705065e-01
38                                     2.9964136591642077e-01
39                                     1.4367296079389469e-01
40                                     1.4798660554488841e-01
41                                     1.4280690481379488e-01
42                                     1.4454894981531030e-01
43                                     1.7831887519882705e-01
44                                     1.6482533112523234e-01
45                                     1.5975173764375272e-01
   &Method [&Type "String"] "SCF"
   &Level [&Type "String"] "Relaxed density"
   &Mult [&Type "Integer"] 1
   &State [&Type "Integer"] -1
   &Irrep [&Type "Integer"] 0
$End
$SCF_Mayer_Population_Analysis
   &GeometryIndex 1
   &NAtoms [&Type "Integer"] 46 "Total number of atoms"
   &NBondOrdersPrint [&Type "Integer"] 52 "The number of bond orders larger than threshold"
   &bondThresh [&Type "Double"]       1.0000000000000001e-01  "The threshold for printing"
   &components [&Type "ArrayOfIntegers", &Dim (52,4)] "The indices and atomic numbers of the bonding atoms"
                                                         0                           1                           2                           3

0                                                        0                           8                           1                           6
1                                                        1                           6                           2                           7
2                                                        1                           6                           5                           6
3                                                        2                           7                           3                           6
4                                                        3                           6                           4                           6
5                                                        3                           6                          30                           6
6                                                        4                           6                           5                           6
7                                                        4                           6                          24                           6
8                                                        5                           6                           6                           6
9                                                        6                           6                           7                           7
10                                                       6                           6                          31                           1
11                                                       6                           6                          32                           1
12                                                       7                           7                           8                           6
13                                                       7                           7                          33                           1
14                                                       8                           6                           9                           6
15                                                       8                           6                          13                           6
16                                                       9                           6                          10                           6
17                                                       9                           6                          34                           1
18                                                      10                           6                          11                           6
19                                                      10                           6                          35                           1
20                                                      11                           6                          12                           6
21                                                      11                           6                          14                          16
22                                                      12                           6                          13                           6
23                                                      12                           6                          36                           1
24                                                      13                           6                          37                           1
25                                                      14                          16                          15                           8
26                                                      14                          16                          16                           8
27                                                      14                          16                          17                           7
28                                                      17                           7                          18                           6
29                                                      17                           7                          38                           1
30                                                      18                           6                          19                           6
31                                                      18                           6                          23                           7
32                                                      19                           6                          20                           6
33                                                      19                           6                          22                           6
34                                                      19                           6                          39                           1
35                                                      20                           6                          21                           6
36                                                      20                           6                          40                           1
37                                                      21                           6                          22                           6
38                                                      21                           6                          41                           1
39                                                      22                           6                          23                           7
40                                                      22                           6                          42                           1
41                                                      24                           6                          25                          16
42                                                      24                           6                          26                           6
43                                                      24                           6                          28                           6
44                                                      25                          16                          26                           6
45                                                      26                           6                          27                           7
46                                                      26                           6                          43                           1
47                                                      27                           7                          28                           6
48                                                      28                           6                          29                           6
49                                                      29                           6                          30                           6
50                                                      29                           6                          44                           1
51                                                      30                           6                          45                           1
   &BondOrders [&Type "ArrayOfDoubles", &Dim (52,1)] "The bond orders"
                                                         0

0                                      1.8324581032860103e+00
1                                      1.0920581124006550e+00
2                                      9.2968482045057010e-01
3                                      1.5623721625631279e+00
4                                      1.0713257056793271e+00
5                                      1.1975888748095234e+00
6                                      1.6200012761442797e+00
7                                      1.0881533853336796e+00
8                                      1.0073211139272531e+00
9                                      9.2624501034321516e-01
10                                     8.9550751741275181e-01
11                                     9.0275050604992035e-01
12                                     1.0023619802872117e+00
13                                     8.1624386880917188e-01
14                                     1.3477841332545146e+00
15                                     1.3604285876298536e+00
16                                     1.4894959873351370e+00
17                                     9.1959257184878340e-01
18                                     1.3538712689076802e+00
19                                     9.1337138907766757e-01
20                                     1.3851205387050765e+00
21                                     8.3946751272182296e-01
22                                     1.4544267020551271e+00
23                                     9.0709905321113615e-01
24                                     9.1276060376630852e-01
25                                     1.6507164563372174e+00
26                                     1.6396842839224133e+00
27                                     8.0660783120395951e-01
28                                     9.2651659736318492e-01
29                                     7.8659412232559722e-01
30                                     1.3719151379534629e+00
31                                     1.3843788189797328e+00
32                                     1.4729067642735576e+00
33                                     1.0076003512080872e-01
34                                     9.1632579155307337e-01
35                                     1.4330083801278368e+00
36                                     9.2399961282481446e-01
37                                     1.4342643673660764e+00
38                                     9.2401288781929114e-01
39                                     1.4111611525550196e+00
40                                     9.2482124994329284e-01
41                                     1.1236884272902692e+00
42                                     1.0774652717659003e-01
43                                     1.3483527473637831e+00
44                                     1.1740427648737395e+00
45                                     1.5419053161334328e+00
46                                     9.0138036990577286e-01
47                                     1.2656741111364405e+00
48                                     1.1570816634481060e+00
49                                     1.6159155231248066e+00
50                                     9.1152761349127043e-01
51                                     9.1240765365417320e-01
   &ATNO [&Type "ArrayOfIntegers", &Dim (46,1)] "Atomic number of the elements"
                                                         0

0                                                        8
1                                                        6
2                                                        7
3                                                        6
4                                                        6
5                                                        6
6                                                        6
7                                                        7
8                                                        6
9                                                        6
10                                                       6
11                                                       6
12                                                       6
13                                                       6
14                                                      16
15                                                       8
16                                                       8
17                                                       7
18                                                       6
19                                                       6
20                                                       6
21                                                       6
22                                                       6
23                                                       7
24                                                       6
25                                                      16
26                                                       6
27                                                       7
28                                                       6
29                                                       6
30                                                       6
31                                                       1
32                                                       1
33                                                       1
34                                                       1
35                                                       1
36                                                       1
37                                                       1
38                                                       1
39                                                       1
40                                                       1
41                                                       1
42                                                       1
43                                                       1
44                                                       1
45                                                       1
   &NA [&Type "ArrayOfDoubles", &Dim (46,1)] "Mulliken gross atomic population"
                                                         0

0                                      8.4166443946259974e+00
1                                      5.5575596748077718e+00
2                                      7.4815042025468363e+00
3                                      5.7253233887091355e+00
4                                      5.8578047856485078e+00
5                                      6.0172169134135451e+00
6                                      6.1811927922343637e+00
7                                      7.6725123012683607e+00
8                                      5.6344268580578323e+00
9                                      6.1898297265356321e+00
10                                     6.1494142438428208e+00
11                                     6.1442660812757568e+00
12                                     6.1319151138748174e+00
13                                     6.1963218028821210e+00
14                                     1.4795101408018134e+01
15                                     8.5691469372056357e+00
16                                     8.5664553680002022e+00
17                                     7.7893970172064684e+00
18                                     5.5207767439680140e+00
19                                     6.1877346663186295e+00
20                                     6.1033169374563130e+00
21                                     6.1586434726916037e+00
22                                     5.9852919758081127e+00
23                                     7.4471295942481008e+00
24                                     6.2421508844268203e+00
25                                     1.5672169836152165e+01
26                                     6.1563695514594814e+00
27                                     7.3934042687899693e+00
28                                     5.7509779232532710e+00
29                                     6.1261843471838295e+00
30                                     6.1969350787454802e+00
31                                     8.2143471728655570e-01
32                                     8.1456895625455938e-01
33                                     6.4887582832662816e-01
34                                     8.4605280565758778e-01
35                                     8.2525070246318410e-01
36                                     8.1290439720559671e-01
37                                     8.3599868159978641e-01
38                                     6.0190071038111059e-01
39                                     8.4718065700224732e-01
40                                     8.3722865411474634e-01
41                                     8.5033491581810172e-01
42                                     8.3103120651225926e-01
43                                     7.7241326548364886e-01
44                                     8.1321037850473143e-01
45                                     8.2449583273348925e-01
   &ZA [&Type "ArrayOfDoubles", &Dim (46,1)] "Total nuclear charge"
                                                         0

0                                      8.0000000000000000e+00
1                                      6.0000000000000000e+00
2                                      7.0000000000000000e+00
3                                      6.0000000000000000e+00
4                                      6.0000000000000000e+00
5                                      6.0000000000000000e+00
6                                      6.0000000000000000e+00
7                                      7.0000000000000000e+00
8                                      6.0000000000000000e+00
9                                      6.0000000000000000e+00
10                                     6.0000000000000000e+00
11                                     6.0000000000000000e+00
12                                     6.0000000000000000e+00
13                                     6.0000000000000000e+00
14                                     1.6000000000000000e+01
15                                     8.0000000000000000e+00
16                                     8.0000000000000000e+00
17                                     7.0000000000000000e+00
18                                     6.0000000000000000e+00
19                                     6.0000000000000000e+00
20                                     6.0000000000000000e+00
21                                     6.0000000000000000e+00
22                                     6.0000000000000000e+00
23                                     7.0000000000000000e+00
24                                     6.0000000000000000e+00
25                                     1.6000000000000000e+01
26                                     6.0000000000000000e+00
27                                     7.0000000000000000e+00
28                                     6.0000000000000000e+00
29                                     6.0000000000000000e+00
30                                     6.0000000000000000e+00
31                                     1.0000000000000000e+00
32                                     1.0000000000000000e+00
33                                     1.0000000000000000e+00
34                                     1.0000000000000000e+00
35                                     1.0000000000000000e+00
36                                     1.0000000000000000e+00
37                                     1.0000000000000000e+00
38                                     1.0000000000000000e+00
39                                     1.0000000000000000e+00
40                                     1.0000000000000000e+00
41                                     1.0000000000000000e+00
42                                     1.0000000000000000e+00
43                                     1.0000000000000000e+00
44                                     1.0000000000000000e+00
45                                     1.0000000000000000e+00
   &QA [&Type "ArrayOfDoubles", &Dim (46,1)] "Mulliken gross atomic charge"
                                                         0

0                                     -4.1664439462599745e-01
1                                      4.4244032519222820e-01
2                                     -4.8150420254683635e-01
3                                      2.7467661129086451e-01
4                                      1.4219521435149218e-01
5                                     -1.7216913413545143e-02
6                                     -1.8119279223436369e-01
7                                     -6.7251230126836070e-01
8                                      3.6557314194216772e-01
9                                     -1.8982972653563213e-01
10                                    -1.4941424384282076e-01
11                                    -1.4426608127575680e-01
12                                    -1.3191511387481736e-01
13                                    -1.9632180288212098e-01
14                                     1.2048985919818662e+00
15                                    -5.6914693720563569e-01
16                                    -5.6645536800020224e-01
17                                    -7.8939701720646838e-01
18                                     4.7922325603198601e-01
19                                    -1.8773466631862945e-01
20                                    -1.0331693745631298e-01
21                                    -1.5864347269160373e-01
22                                     1.4708024191887326e-02
23                                    -4.4712959424810084e-01
24                                    -2.4215088442682031e-01
25                                     3.2783016384783537e-01
26                                    -1.5636955145948139e-01
27                                    -3.9340426878996926e-01
28                                     2.4902207674672905e-01
29                                    -1.2618434718382954e-01
30                                    -1.9693507874548022e-01
31                                     1.7856528271344430e-01
32                                     1.8543104374544062e-01
33                                     3.5112417167337184e-01
34                                     1.5394719434241222e-01
35                                     1.7474929753681590e-01
36                                     1.8709560279440329e-01
37                                     1.6400131840021359e-01
38                                     3.9809928961888941e-01
39                                     1.5281934299775268e-01
40                                     1.6277134588525366e-01
41                                     1.4966508418189828e-01
42                                     1.6896879348774074e-01
43                                     2.2758673451635114e-01
44                                     1.8678962149526857e-01
45                                     1.7550416726651075e-01
   &VA [&Type "ArrayOfDoubles", &Dim (46,1)] "Mayer's total valence"
                                                         0

0                                      2.0703008358046318e+00
1                                      3.9581536908778547e+00
2                                      2.9111168094932500e+00
3                                      3.9683898920593981e+00
4                                      4.0067969524173463e+00
5                                      3.7725018766333327e+00
6                                      3.7829068702600015e+00
7                                      2.9160282003405804e+00
8                                      3.8723962631026798e+00
9                                      3.8933505243719386e+00
10                                     3.9624013598326764e+00
11                                     3.7982105986914796e+00
12                                     3.9626709988320208e+00
13                                     3.8768665764008841e+00
14                                     5.1284977663801481e+00
15                                     1.8611579982049649e+00
16                                     1.8698887495577932e+00
17                                     2.7433758354620368e+00
18                                     3.8551441314369415e+00
19                                     3.9096627631741683e+00
20                                     3.9451852380020824e+00
21                                     3.9133867040469581e+00
22                                     3.9168095677591532e+00
23                                     3.0008687988231686e+00
24                                     3.7208529085100950e+00
25                                     2.5347348803475445e+00
26                                     3.8207244794121324e+00
27                                     2.9850671380839993e+00
28                                     3.9848090157702858e+00
29                                     3.8383276836295339e+00
30                                     3.8598277584176732e+00
31                                     9.1678980644332808e-01
32                                     9.2650145202454048e-01
33                                     8.5200475519215069e-01
34                                     9.3366242494201512e-01
35                                     9.3255217463865558e-01
36                                     9.3751386125670511e-01
37                                     9.3288211908187513e-01
38                                     8.2472649334003623e-01
39                                     9.3255054556110184e-01
40                                     9.2962262742274082e-01
41                                     9.3560149390870351e-01
42                                     9.2734344927777668e-01
43                                     9.1509579111003747e-01
44                                     9.2944438389412842e-01
45                                     9.3535478257782412e-01
   &BVA [&Type "ArrayOfDoubles", &Dim (46,1)] "Mayer's bonded valence"
                                                         0

0                                      2.0703008358045967e+00
1                                      3.9581536908778929e+00
2                                      2.9111168094931354e+00
3                                      3.9683898920593474e+00
4                                      4.0067969524172904e+00
5                                      3.7725018766333522e+00
6                                      3.7829068702599877e+00
7                                      2.9160282003405937e+00
8                                      3.8723962631027127e+00
9                                      3.8933505243719897e+00
10                                     3.9624013598327115e+00
11                                     3.7982105986915009e+00
12                                     3.9626709988320594e+00
13                                     3.8768665764009711e+00
14                                     5.1284977663801463e+00
15                                     1.8611579982049715e+00
16                                     1.8698887495577310e+00
17                                     2.7433758354620803e+00
18                                     3.8551441314369366e+00
19                                     3.9096627631741652e+00
20                                     3.9451852380020664e+00
21                                     3.9133867040469337e+00
22                                     3.9168095677591515e+00
23                                     3.0008687988231557e+00
24                                     3.7208529085100794e+00
25                                     2.5347348803475924e+00
26                                     3.8207244794121666e+00
27                                     2.9850671380840108e+00
28                                     3.9848090157702711e+00
29                                     3.8383276836295055e+00
30                                     3.8598277584175866e+00
31                                     9.1678980644332020e-01
32                                     9.2650145202453871e-01
33                                     8.5200475519215679e-01
34                                     9.3366242494201668e-01
35                                     9.3255217463865270e-01
36                                     9.3751386125671232e-01
37                                     9.3288211908189356e-01
38                                     8.2472649334003634e-01
39                                     9.3255054556110017e-01
40                                     9.2962262742274016e-01
41                                     9.3560149390869962e-01
42                                     9.2734344927776879e-01
43                                     9.1509579111004247e-01
44                                     9.2944438389411488e-01
45                                     9.3535478257780735e-01
   &FA [&Type "ArrayOfDoubles", &Dim (46,1)] "Mayer's free valence"
                                                         0

0                                      0.0000000000000000e+00
1                                      0.0000000000000000e+00
2                                      0.0000000000000000e+00
3                                      0.0000000000000000e+00
4                                      0.0000000000000000e+00
5                                      0.0000000000000000e+00
6                                      0.0000000000000000e+00
7                                      0.0000000000000000e+00
8                                      0.0000000000000000e+00
9                                      0.0000000000000000e+00
10                                     0.0000000000000000e+00
11                                     0.0000000000000000e+00
12                                     0.0000000000000000e+00
13                                     0.0000000000000000e+00
14                                     0.0000000000000000e+00
15                                     0.0000000000000000e+00
16                                     0.0000000000000000e+00
17                                     0.0000000000000000e+00
18                                     0.0000000000000000e+00
19                                     0.0000000000000000e+00
20                                     0.0000000000000000e+00
21                                     0.0000000000000000e+00
22                                     0.0000000000000000e+00
23                                     0.0000000000000000e+00
24                                     0.0000000000000000e+00
25                                     0.0000000000000000e+00
26                                     0.0000000000000000e+00
27                                     0.0000000000000000e+00
28                                     0.0000000000000000e+00
29                                     0.0000000000000000e+00
30                                     0.0000000000000000e+00
31                                     0.0000000000000000e+00
32                                     0.0000000000000000e+00
33                                     0.0000000000000000e+00
34                                     0.0000000000000000e+00
35                                     0.0000000000000000e+00
36                                     0.0000000000000000e+00
37                                     0.0000000000000000e+00
38                                     0.0000000000000000e+00
39                                     0.0000000000000000e+00
40                                     0.0000000000000000e+00
41                                     0.0000000000000000e+00
42                                     0.0000000000000000e+00
43                                     0.0000000000000000e+00
44                                     0.0000000000000000e+00
45                                     0.0000000000000000e+00
   &Method [&Type "String"] "SCF"
   &Level [&Type "String"] "Relaxed density"
   &Mult [&Type "Integer"] 1
   &State [&Type "Integer"] -1
   &Irrep [&Type "Integer"] 0
$End
$SCF_Energy
   &GeometryIndex 1
   &Method [&Type "String"] "SCF"
   &totalEnergy [&Type "ArrayOfDoubles", &Dim (1,1)] "Total energy of each state"
                                                         0

0                                     -2.1040362643408689e+03
   &Mult [&Type "ArrayOfIntegers", &Dim (1,1)] "Multiplicity of each state"
                                                         0

0                                                        1
$End
$DFT_Energy
   &GeometryIndex 1
   &nAlphaEl [&Type "Integer"] 116
   &nBetaEl [&Type "Integer"] 116
   &nTotalEl [&Type "Integer"] 231
   &finalEn [&Type "Double"]      -2.1040362643408689e+03  "No Van der Waals correction"
   &eExchange [&Type "Double"]      -1.7656892256271942e+02
   &eCorr [&Type "Double"]      -9.6899374221791543e+00
   &eXC [&Type "Double"]      -1.8625885998489858e+02
   &eCNL [&Type "Double"]       0.0000000000000000e+00
$End
$Solvation_Details
   &GeometryIndex 1
   &Solvent [&Type "String"] "TOLUENE"
   &Epsilon [&Type "Double"]       2.3870000000000000e+00
   &Refrac [&Type "Double"]       1.4961000000000000e+00
   &RSolv [&Type "Double"]       1.3000000000000000e+00
   &SurfaceType [&Type "String"] "GAUSSIAN VDW"
   &CPCMDielEnergy [&Type "Double"]      -2.9544358000000000e-02
   &NPoints [&Type "Integer"] 4271
   &SurfaceArea [&Type "Double"]       1.6200430224150000e+03
$End
$SCF_Timings
   &GeometryIndex 1
   &TOTAL [&Type "Double"]       2.2230875999999999e+01
   &PREP [&Type "Double"]       1.4013930000000001e+00
   &FOCK [&Type "Double"]       1.9709063999999998e+01
   &DENS [&Type "Double"]       2.1393999999999025e-02
   &ETOT [&Type "Double"]       1.6138000000001540e-02
   &POP [&Type "Double"]       6.1799999999998079e-02
   &TRAFO [&Type "Double"]       5.6430999999999898e-02
   &DIIS [&Type "Double"]       8.3660000000000068e-02
   &SOSCF [&Type "Double"]       1.0643600000000042e-01
   &XC [&Type "Double"]       1.1560780000000017e+00
   &FOCKSTART [&Type "Double"]       9.3170000000011299e-03
   &SOLV [&Type "Double"]       2.3007240000000007e+00
   &SOLV_INIT [&Type "Double"]       7.2042400000000018e-01
   &INT_PREP [&Type "Double"]       1.0000000010279564e-06
   &INT_BF [&Type "Double"]       2.9114399999996365e-01
   &INT_DENS [&Type "Double"]       3.2071700000000902e-01
   &INT_DENSIO [&Type "Double"]       1.5062076889000034e+04
   &INT_FUNC [&Type "Double"]       3.1430999999993325e-02
   &INT_POT [&Type "Double"]       3.3454299999997250e-01
   &INT_POTIO [&Type "Double"]       7.9430000000035861e-03
   &INT_SUM [&Type "Double"]       3.8200000000010448e-04
   &SPLITRIJ [&Type "Double"]       1.4652220000000011e+00
   &COSX [&Type "Double"]       1.6866568999999998e+01
   &FROZCORE [&Type "Double"]       1.4182999999999168e-02
$End
$CIS_Absorption_Spectrum
   &GeometryIndex 1
   &Method [&Type "Integer"] 20
   &RelCorrection [&Type "Integer"] 1 "Type of relativistic treatment in QDPT. 0->Unknow, 1->None, 2->SOC, 3->SSC, 4->SOC/SSC"
   &DensType [&Type "Integer"] 3 "Type of density (electron/spin ...). 0->Unknow, 1->Electronic, 2->Spin, 3->Trans/Electronic, 4->Tran/Spin"
   &DeriType [&Type "Integer"] 0 "Type of derivative (w.r.t. to what perturbation). 0->Unknown, 1->No Derivative, 2->Electric/Dipole, 3->Electric/Quad, 4->Magnetic/Dipole, 5->Magnetic/Quad"
   &DensLevel [&Type "Integer"] 0 "// Source of density: relaxed, unrelaxed, ... 0->Unknown, 1->Linearized, 2->Unrelaxed, 3->Relaxed"
   &Density_name [&Type "String"] "Tdens-CIS"
   &Representation [&Type "String"] "Length" "Possible values: Unknown,  Length, Velocity"
   &PointGroup [&Type "String"] "C1"
   &DoHigherMoments [&Type "Boolean"] false
   &NTrans [&Type "Integer"] 8
   &ExcitationEnergies [&Type "ArrayOfDoubles", &Dim (8,11)] 
                                                         0                           1                           2                           3                           4                           5                           6                           7

0                                      1.1382937213814870e+00         9.1809589834692506e+03         1.0892108349471414e+03         2.5143673160785366e-03         9.0160489899573121e-02         2.5455075079980805e-01         0.0000000000000000e+00        -5.2376828004621005e-02
1                                      1.4691255705348518e+00         1.1849298077719943e+04         8.4393184595489663e+02         2.1323452946023971e-02         5.9243470928922159e-01         5.1274915172253011e-01         0.0000000000000000e+00        -1.3496488266951437e-01
2                                      1.9714192521608229e+00         1.5900570259970957e+04         6.2890826155930995e+02         6.5310845429772432e-06         1.3522226080675632e-04        -8.2732682685316544e-04         0.0000000000000000e+00         5.5246175313289122e-03
3                                      2.0422812918396045e+00         1.6472111214256714e+04         6.0708672190999641e+02         2.7666467768483049e-04         5.5294258296843457e-03         1.5170794200754815e-02         0.0000000000000000e+00        -2.7513032074651347e-02
4                                      2.4589972630993073e+00         1.9833152541313011e+04         5.0420627679687942e+02         4.1996137686136041e-05         6.9709695556327599e-04         1.2582180839347760e-02         0.0000000000000000e+00         5.5782374118408693e-03
5                                      2.6846425533157943e+00         2.1653104734123441e+04         4.6182753571781575e+02         1.1310816513400122e-04         1.7196868406170501e-03         4.0742407706728635e-02         0.0000000000000000e+00        -4.2017911463071754e-03
6                                      2.9126435499745282e+00         2.3492056982734157e+04         4.2567579362461322e+02         2.9787482423571782e-04         4.1743450108527426e-03         3.0000487659654611e-02         0.0000000000000000e+00        -3.8903510676925178e-02
7                                      3.0245846534380556e+00         2.4394922965527803e+04         4.0992136003589309e+02         6.1919232495979200e-04         8.3560629061907137e-03         1.4509994673452681e-04         0.0000000000000000e+00         4.1512779409512070e-02
                                                         8                           9                          10

0                                      0.0000000000000000e+00        -1.5040303539158209e-01         0.0000000000000000e+00
1                                      0.0000000000000000e+00        -5.5794936790272609e-01         0.0000000000000000e+00
2                                      0.0000000000000000e+00         1.0198842692230262e-02         0.0000000000000000e+00
3                                      0.0000000000000000e+00         6.7396631214489466e-02         0.0000000000000000e+00
4                                      0.0000000000000000e+00         2.2531510119527386e-02         0.0000000000000000e+00
5                                      0.0000000000000000e+00         6.4875269586001658e-03         0.0000000000000000e+00
6                                      0.0000000000000000e+00         4.1962276011270207e-02         0.0000000000000000e+00
7                                      0.0000000000000000e+00         8.1441580276253006e-02         0.0000000000000000e+00
   &States [&Type "ArrayOfIntegers", &Dim (8,4)] "The initial and Final states. Col1: Initial State  Col2: Initial Irrep Col3: Final State Col4: Final Irrep"
                                                         0                           1                           2                           3

0                                                        0                           0                           1                           0
1                                                        0                           0                           2                           0
2                                                        0                           0                           3                           0
3                                                        0                           0                           4                           0
4                                                        0                           0                           5                           0
5                                                        0                           0                           6                           0
6                                                        0                           0                           7                           0
7                                                        0                           0                           8                           0
   &Multiplicities [&Type "ArrayOfDoubles", &Dim (8,2)] "Col1: Multiplicity of the initial state  Col2: Multiplicity of the final state"
                                                         0                           1

0                                      1.0000000000000000e+00         1.0000000000000000e+00
1                                      1.0000000000000000e+00         1.0000000000000000e+00
2                                      1.0000000000000000e+00         1.0000000000000000e+00
3                                      1.0000000000000000e+00         1.0000000000000000e+00
4                                      1.0000000000000000e+00         1.0000000000000000e+00
5                                      1.0000000000000000e+00         1.0000000000000000e+00
6                                      1.0000000000000000e+00         1.0000000000000000e+00
7                                      1.0000000000000000e+00         1.0000000000000000e+00
   &Temperature [&Type "Double"]       2.9814999999999998e+02
$End
$CIS_Absorption_Spectrum
   &GeometryIndex 1
   &Method [&Type "Integer"] 20
   &RelCorrection [&Type "Integer"] 1 "Type of relativistic treatment in QDPT. 0->Unknow, 1->None, 2->SOC, 3->SSC, 4->SOC/SSC"
   &DensType [&Type "Integer"] 3 "Type of density (electron/spin ...). 0->Unknow, 1->Electronic, 2->Spin, 3->Trans/Electronic, 4->Tran/Spin"
   &DeriType [&Type "Integer"] 0 "Type of derivative (w.r.t. to what perturbation). 0->Unknown, 1->No Derivative, 2->Electric/Dipole, 3->Electric/Quad, 4->Magnetic/Dipole, 5->Magnetic/Quad"
   &DensLevel [&Type "Integer"] 0 "// Source of density: relaxed, unrelaxed, ... 0->Unknown, 1->Linearized, 2->Unrelaxed, 3->Relaxed"
   &Density_name [&Type "String"] "Tdens-CIS"
   &Representation [&Type "String"] "Velocity" "Possible values: Unknown,  Length, Velocity"
   &PointGroup [&Type "String"] "C1"
   &DoHigherMoments [&Type "Boolean"] false
   &NTrans [&Type "Integer"] 8
   &ExcitationEnergies [&Type "ArrayOfDoubles", &Dim (8,11)] 
                                                         0                           1                           2                           3                           4                           5                           6                           7

0                                      1.1382937213814870e+00         9.1809589834692506e+03         1.0892108349471414e+03         5.3394266063996549e-03         3.3503455295709006e-04        -8.5097002983698551e-03         0.0000000000000000e+00        -1.4414348644410542e-03
1                                      1.4691255705348518e+00         1.1849298077719943e+04         8.4393184595489663e+02         3.6626557693751394e-02         2.9661674129673344e-03         1.7980273289545441e-02         0.0000000000000000e+00         5.2840874561838509e-03
2                                      1.9714192521608229e+00         1.5900570259970957e+04         6.2890826155930995e+02         2.9283428677072386e-05         3.1823032045804871e-06         7.7589086141636077e-04         0.0000000000000000e+00         8.9887931673485709e-04
3                                      2.0422812918396045e+00         1.6472111214256714e+04         6.0708672190999641e+02         1.0170171956544595e-03         1.1449446514528998e-04         2.9591990365948249e-03         0.0000000000000000e+00        -7.7411340685215472e-03
4                                      2.4589972630993073e+00         1.9833152541313011e+04         5.0420627679687942e+02         2.3444113112878609e-05         3.1778433936783468e-06        -9.8955416530350566e-05         0.0000000000000000e+00         3.4864376257768019e-04
5                                      2.6846425533157943e+00         2.1653104734123441e+04         4.6182753571781575e+02         4.4175858113546200e-05         6.5375060196792641e-06        -2.3791196969270099e-03         0.0000000000000000e+00        -9.0782176327666958e-05
6                                      2.9126435499745282e+00         2.3492056982734157e+04         4.2567579362461322e+02         2.5391775308643649e-05         4.0768153618637828e-06        -7.9139715909506655e-04         0.0000000000000000e+00         1.7893878350730261e-03
7                                      3.0245846534380556e+00         2.4394922965527803e+04         4.0992136003589309e+02         1.3777216496563906e-04         2.2970363342093522e-05         3.5627466895571144e-03         0.0000000000000000e+00         2.2795272083263847e-03
                                                         8                           9                          10

0                                      0.0000000000000000e+00        -1.6141307856570603e-02         0.0000000000000000e+00
1                                      0.0000000000000000e+00        -5.1136636623422875e-02         0.0000000000000000e+00
2                                      0.0000000000000000e+00         1.3312822952692420e-03         0.0000000000000000e+00
3                                      0.0000000000000000e+00         6.7684894577949425e-03         0.0000000000000000e+00
4                                      0.0000000000000000e+00         1.7454222257188459e-03         0.0000000000000000e+00
5                                      0.0000000000000000e+00         9.3223070311721108e-04         0.0000000000000000e+00
6                                      0.0000000000000000e+00        -4.9859510038979501e-04         0.0000000000000000e+00
7                                      0.0000000000000000e+00         2.2540973968848510e-03         0.0000000000000000e+00
   &States [&Type "ArrayOfIntegers", &Dim (8,4)] "The initial and Final states. Col1: Initial State  Col2: Initial Irrep Col3: Final State Col4: Final Irrep"
                                                         0                           1                           2                           3

0                                                        0                           0                           1                           0
1                                                        0                           0                           2                           0
2                                                        0                           0                           3                           0
3                                                        0                           0                           4                           0
4                                                        0                           0                           5                           0
5                                                        0                           0                           6                           0
6                                                        0                           0                           7                           0
7                                                        0                           0                           8                           0
   &Multiplicities [&Type "ArrayOfDoubles", &Dim (8,2)] "Col1: Multiplicity of the initial state  Col2: Multiplicity of the final state"
                                                         0                           1

0                                      1.0000000000000000e+00         1.0000000000000000e+00
1                                      1.0000000000000000e+00         1.0000000000000000e+00
2                                      1.0000000000000000e+00         1.0000000000000000e+00
3                                      1.0000000000000000e+00         1.0000000000000000e+00
4                                      1.0000000000000000e+00         1.0000000000000000e+00
5                                      1.0000000000000000e+00         1.0000000000000000e+00
6                                      1.0000000000000000e+00         1.0000000000000000e+00
7                                      1.0000000000000000e+00         1.0000000000000000e+00
   &Temperature [&Type "Double"]       2.9814999999999998e+02
$End
$CIS_ECD_Spectrum
   &GeometryIndex 1
   &Method [&Type "Integer"] 20
   &RelCorrection [&Type "Integer"] 1 "Type of relativistic treatment in QDPT. 0->Unknow, 1->None, 2->SOC, 3->SSC, 4->SOC/SSC"
   &DensType [&Type "Integer"] 3 "Type of density (electron/spin ...). 0->Unknow, 1->Electronic, 2->Spin, 3->Trans/Electronic, 4->Tran/Spin"
   &DeriType [&Type "Integer"] 0 "Type of derivative (w.r.t. to what perturbation). 0->Unknown, 1->No Derivative, 2->Electric/Dipole, 3->Electric/Quad, 4->Magnetic/Dipole, 5->Magnetic/Quad"
   &DensLevel [&Type "Integer"] 0 "// Source of density: relaxed, unrelaxed, ... 0->Unknown, 1->Linearized, 2->Unrelaxed, 3->Relaxed"
   &Density_name [&Type "String"] "Tdens-CIS"
   &Representation [&Type "String"] "Length" "Possible values: Unknown,  Length, Velocity"
   &PointGroup [&Type "String"] "C1"
   &DoHigherMoments [&Type "Boolean"] false
   &NTrans [&Type "Integer"] 8
   &ExcitationEnergies [&Type "ArrayOfDoubles", &Dim (8,10)] 
                                                         0                           1                           2                           3                           4                           5                           6                           7

0                                      1.1382937213814870e+00         9.1809589834692506e+03         1.0892108349471414e+03        -3.9166464322349159e+00         3.2681466836208740e-02         0.0000000000000000e+00        -3.6414044697911561e-02         0.0000000000000000e+00
1                                      1.4691255705348518e+00         1.1849298077719943e+04         8.4393184595489663e+02        -1.8066877076286360e+01         2.5558579350826000e-01         0.0000000000000000e+00        -4.4027104693585806e-01         0.0000000000000000e+00
2                                      1.9714192521608229e+00         1.5900570259970957e+04         6.2890826155930995e+02        -3.7860639912585599e-02         3.5482349538800377e-04         0.0000000000000000e+00         7.8594060808253013e-04         0.0000000000000000e+00
3                                      2.0422812918396045e+00         1.6472111214256714e+04         6.0708672190999641e+02         4.2989791939720439e+00        -1.1688228833729071e-01         0.0000000000000000e+00        -8.4933380483064355e-02         0.0000000000000000e+00
4                                      2.4589972630993073e+00         1.9833152541313011e+04         5.0420627679687942e+02         5.9234212730904290e-02        -4.5257215982527224e-03         0.0000000000000000e+00         4.2696224975679138e-03         0.0000000000000000e+00
5                                      2.6846425533157943e+00         2.1653104734123441e+04         4.6182753571781575e+02        -1.4442535462630385e-01         9.3060415323001997e-03         0.0000000000000000e+00         1.1155975839723779e-02         0.0000000000000000e+00
6                                      2.9126435499745282e+00         2.3492056982734157e+04         4.2567579362461322e+02        -3.5640829582009603e+00         2.8554464210141722e-01         0.0000000000000000e+00         1.3127169476156977e-01         0.0000000000000000e+00
7                                      3.0245846534380556e+00         2.4394922965527803e+04         4.0992136003589309e+02        -1.5455322953257797e+00         4.9669745028425132e-02         0.0000000000000000e+00         3.6720297296900781e-02         0.0000000000000000e+00
                                                         8                           9

0                                      1.2757019258238821e-02         0.0000000000000000e+00
1                                      2.7269614404494003e-01         0.0000000000000000e+00
2                                      7.4771453469422268e-03         0.0000000000000000e+00
3                                     -1.4365997458657062e-01         0.0000000000000000e+00
4                                     -4.1060709404127909e-03         0.0000000000000000e+00
5                                     -3.9973569133217052e-03         0.0000000000000000e+00
6                                      9.7713335567459092e-02         0.0000000000000000e+00
7                                      2.1447029345735971e-02         0.0000000000000000e+00
   &States [&Type "ArrayOfIntegers", &Dim (8,4)] "The initial and Final states. Col1: Initial State  Col2: Initial Irrep Col3: Final State Col4: Final Irrep"
                                                         0                           1                           2                           3

0                                                        0                           0                           1                           0
1                                                        0                           0                           2                           0
2                                                        0                           0                           3                           0
3                                                        0                           0                           4                           0
4                                                        0                           0                           5                           0
5                                                        0                           0                           6                           0
6                                                        0                           0                           7                           0
7                                                        0                           0                           8                           0
   &Multiplicities [&Type "ArrayOfDoubles", &Dim (8,2)] "Col1: Multiplicity of the initial state  Col2: Multiplicity of the final state"
                                                         0                           1

0                                      1.0000000000000000e+00         1.0000000000000000e+00
1                                      1.0000000000000000e+00         1.0000000000000000e+00
2                                      1.0000000000000000e+00         1.0000000000000000e+00
3                                      1.0000000000000000e+00         1.0000000000000000e+00
4                                      1.0000000000000000e+00         1.0000000000000000e+00
5                                      1.0000000000000000e+00         1.0000000000000000e+00
6                                      1.0000000000000000e+00         1.0000000000000000e+00
7                                      1.0000000000000000e+00         1.0000000000000000e+00
   &Temperature [&Type "Double"]       2.9814999999999998e+02
$End
$CIS_ECD_Spectrum
   &GeometryIndex 1
   &Method [&Type "Integer"] 20
   &RelCorrection [&Type "Integer"] 1 "Type of relativistic treatment in QDPT. 0->Unknow, 1->None, 2->SOC, 3->SSC, 4->SOC/SSC"
   &DensType [&Type "Integer"] 3 "Type of density (electron/spin ...). 0->Unknow, 1->Electronic, 2->Spin, 3->Trans/Electronic, 4->Tran/Spin"
   &DeriType [&Type "Integer"] 0 "Type of derivative (w.r.t. to what perturbation). 0->Unknown, 1->No Derivative, 2->Electric/Dipole, 3->Electric/Quad, 4->Magnetic/Dipole, 5->Magnetic/Quad"
   &DensLevel [&Type "Integer"] 0 "// Source of density: relaxed, unrelaxed, ... 0->Unknown, 1->Linearized, 2->Unrelaxed, 3->Relaxed"
   &Density_name [&Type "String"] "Tdens-CIS"
   &Representation [&Type "String"] "Velocity" "Possible values: Unknown,  Length, Velocity"
   &PointGroup [&Type "String"] "C1"
   &DoHigherMoments [&Type "Boolean"] false
   &NTrans [&Type "Integer"] 8
   &ExcitationEnergies [&Type "ArrayOfDoubles", &Dim (8,10)] 
                                                         0                           1                           2                           3                           4                           5                           6                           7

0                                      1.1382937213814870e+00         9.1809589834692506e+03         1.0892108349471414e+03        -4.8635064593204005e+00         3.2681466836208740e-02         0.0000000000000000e+00        -3.6414044697911561e-02         0.0000000000000000e+00
1                                      1.4691255705348518e+00         1.1849298077719943e+04         8.4393184595489663e+02        -1.0195546870259977e+02         2.5558579350826000e-01         0.0000000000000000e+00        -4.4027104693585806e-01         0.0000000000000000e+00
2                                      1.9714192521608229e+00         1.5900570259970957e+04         6.2890826155930995e+02         7.1164726844724080e-02         3.5482349538800377e-04         0.0000000000000000e+00         7.8594060808253013e-04         0.0000000000000000e+00
3                                      2.0422812918396045e+00         1.6472111214256714e+04         6.0708672190999641e+02        -4.1506286528835421e+00        -1.1688228833729071e-01         0.0000000000000000e+00        -8.4933380483064355e-02         0.0000000000000000e+00
4                                      2.4589972630993073e+00         1.9833152541313011e+04         5.0420627679687942e+02        -2.7287524317414193e-02        -4.5257215982527224e-03         0.0000000000000000e+00         4.2696224975679138e-03         0.0000000000000000e+00
5                                      2.6846425533157943e+00         2.1653104734123441e+04         4.6182753571781575e+02        -1.2844584706272960e-01         9.3060415323001997e-03         0.0000000000000000e+00         1.1155975839723779e-02         0.0000000000000000e+00
6                                      2.9126435499745282e+00         2.3492056982734157e+04         4.2567579362461322e+02        -1.7531186248280131e-01         2.8554464210141722e-01         0.0000000000000000e+00         1.3127169476156977e-01         0.0000000000000000e+00
7                                      3.0245846534380556e+00         2.4394922965527803e+04         4.0992136003589309e+02         1.3106679011340774e+00         4.9669745028425132e-02         0.0000000000000000e+00         3.6720297296900781e-02         0.0000000000000000e+00
                                                         8                           9

0                                      1.2757019258238821e-02         0.0000000000000000e+00
1                                      2.7269614404494003e-01         0.0000000000000000e+00
2                                      7.4771453469422268e-03         0.0000000000000000e+00
3                                     -1.4365997458657062e-01         0.0000000000000000e+00
4                                     -4.1060709404127909e-03         0.0000000000000000e+00
5                                     -3.9973569133217052e-03         0.0000000000000000e+00
6                                      9.7713335567459092e-02         0.0000000000000000e+00
7                                      2.1447029345735971e-02         0.0000000000000000e+00
   &States [&Type "ArrayOfIntegers", &Dim (8,4)] "The initial and Final states. Col1: Initial State  Col2: Initial Irrep Col3: Final State Col4: Final Irrep"
                                                         0                           1                           2                           3

0                                                        0                           0                           1                           0
1                                                        0                           0                           2                           0
2                                                        0                           0                           3                           0
3                                                        0                           0                           4                           0
4                                                        0                           0                           5                           0
5                                                        0                           0                           6                           0
6                                                        0                           0                           7                           0
7                                                        0                           0                           8                           0
   &Multiplicities [&Type "ArrayOfDoubles", &Dim (8,2)] "Col1: Multiplicity of the initial state  Col2: Multiplicity of the final state"
                                                         0                           1

0                                      1.0000000000000000e+00         1.0000000000000000e+00
1                                      1.0000000000000000e+00         1.0000000000000000e+00
2                                      1.0000000000000000e+00         1.0000000000000000e+00
3                                      1.0000000000000000e+00         1.0000000000000000e+00
4                                      1.0000000000000000e+00         1.0000000000000000e+00
5                                      1.0000000000000000e+00         1.0000000000000000e+00
6                                      1.0000000000000000e+00         1.0000000000000000e+00
7                                      1.0000000000000000e+00         1.0000000000000000e+00
   &Temperature [&Type "Double"]       2.9814999999999998e+02
$End
$CIS_Energies
   &GeometryIndex 1
   &e0 [&Type "Double"]      -2.1040362643408689e+03  "Ground state energy"
   &multP1 [&Type "Boolean"] false "Do the higher multiplicity too?"
   &mode [&Type "String"] "TDA" "CIS mode: CIS, RPA, TDA, TD-DFT, sTDA, sTD-DFT"
   &dCorr [&Type "Integer"] 0 "(D) Correction algorithm"
   &Method [&Type "String"] "TDA/CIS"
   &totalEnergy [&Type "ArrayOfDoubles", &Dim (8,1)] "Total energy of each state"
                                                         0

0                                     -2.1039944328137963e+03
1                                     -2.1039822749663140e+03
2                                     -2.1039638160120508e+03
3                                     -2.1039612118798523e+03
4                                     -2.1039458978487669e+03
5                                     -2.1039376055364319e+03
6                                     -2.1039292266534731e+03
7                                     -2.1039251128933670e+03
   &Mult [&Type "ArrayOfIntegers", &Dim (8,1)] "Multiplicity of each state"
                                                         0

0                                                        1
1                                                        1
2                                                        1
3                                                        1
4                                                        1
5                                                        1
6                                                        1
7                                                        1
   &RelCorr [&Type "String"] "None" "Relativistic correction (SOC and/or SSC)"
   &NBlocks [&Type "Integer"] 1 "Number of multiplicity blocks"
   &NRoots [&Type "ArrayOfIntegers", &Dim (1,1)] "Number of roots in each block"
                                                         0

0                                                        8
   &NTotalRoots [&Type "Integer"] 8 "Total number of roots"
   &Block [&Type "ArrayOfIntegers", &Dim (8,1)] "Block index of each state"
                                                         0

0                                                        0
1                                                        0
2                                                        0
3                                                        0
4                                                        0
5                                                        0
6                                                        0
7                                                        0
   &Root [&Type "ArrayOfIntegers", &Dim (8,1)] "Root index within the block"
                                                         0

0                                                        0
1                                                        1
2                                                        2
3                                                        3
4                                                        4
5                                                        5
6                                                        6
7                                                        7
$End
$Single_Point_Data
   &GeometryIndex 1
   &FinalEnergy [&Type "Double"]      -2.1039944328137963e+03  "Final single point energy"
   &Converged [&Type "Boolean"] true
$End
$Calculation_Info
   &GeometryIndex 1
   &Mult [&Type "Integer"] 1
   &Charge [&Type "Integer"] 0
   &NumOfAtoms [&Type "Integer"] 46
   &NumOfElectrons [&Type "Integer"] 232
   &NumOfBasisFuncts [&Type "Integer"] 472
   &NumOfAuxCBasisFuncts [&Type "Integer"] 0
   &NumOfAuxJBasisFuncts [&Type "Integer"] 1688
   &NumOfAuxJKBasisFuncts [&Type "Integer"] 0
   &NumOfCABSBasisFuncts [&Type "Integer"] 0
$End
$SCF_Dipole_Moment
   &GeometryIndex 1
   &dipoleMagnitude [&Type "Double", &Units "a.u."]       2.2334900025310542e+00
   &dipoleElecContrib [&Type "ArrayOfDoubles", &Dim (3,1)] "Electronic contribution"
                                                         0

0                                      1.3447846994926813e+01
1                                     -2.5528592302905856e-01
2                                      3.7235585137947451e+00
   &dipoleNucContrib [&Type "ArrayOfDoubles", &Dim (3,1)] "Nuclear contribution"
                                                         0

0                                     -1.2188356508425798e+01
1                                      1.5270098425471001e+00
2                                     -5.0595523679517447e+00
   &dipoleTotal [&Type "ArrayOfDoubles", &Dim (3,1)] "Total"
                                                         0

0                                      1.2594904865010150e+00
1                                      1.2717239195180416e+00
2                                     -1.3359938541569996e+00
   &doAtomicDipole [&Type "Boolean"] false
   &Method [&Type "String"] "SCF"
   &Level [&Type "String"] "Relaxed density"
   &Mult [&Type "Integer"] 1
   &State [&Type "Integer"] -1
   &Irrep [&Type "Integer"] 0
$End
$Calculation_Timings
   &GeometryIndex 1
   &GTOINT [&Type "Double"]       5.9692449999999999e+00
   &SCF [&Type "Double"]       2.9760527000000000e+01
   &CIS [&Type "Double"]       4.9527600000000000e+01
   &PROPINT [&Type "Double"]       3.2116139999999973e+00
   &PROP [&Type "Double"]       3.1028199999999941e+00
   &SUM [&Type "Double"]       9.1571805999999995e+01
$End
