*************************************************
******************* ORCA 6.1.1 ******************
*************************************************
$Calculation_Status
   &GeometryIndex 1
   &version [&Type "String"] "6.1.1"
   &progName [&Type "String"] "ProgCIS"
   &Status [&Type "String"] "NORMAL TERMINATION"
$End
$Geometry
   &GeometryIndex 1
   &NAtoms [&Type "Integer"] 44
   &NCorelessECP [&Type "Integer"] 0
   &NGhostAtoms [&Type "Integer"] 0
   &CartesianCoordinates [&Type "Coordinates", &Dim(44,4), &Units "Bohr"] 
              C    -11.329806841831   -0.417425204438    3.040559406905
              C     -9.496424043142    0.476896975372    0.983905050388
              C     -9.385386748115   -1.337845743967   -1.274603305150
              C     -7.630267399933   -0.481790888939   -3.421609354654
              N     -4.972127101639   -0.324112403515   -2.686551301419
              C     -3.681412687205    1.933303563337   -2.171690488398
              O     -4.602199641392    4.053248297659   -2.239316513173
              C     -1.046775096624    1.201476072125   -1.561581407106
              C     -0.852434948632   -1.392603662795   -1.744293986692
              C     -3.356693096162   -2.412271048037   -2.478504888937
              O     -3.959459760253   -4.613598465995   -2.854213553481
              C      1.412250520659   -2.723792530017   -1.286183252633
              N      1.451018513277   -5.267379302694   -1.511242506365
              C      3.544604430124   -1.196258368421   -0.594971505631
              C      3.342454605457    1.500738701356   -0.404443790102
              C      1.000227515123    2.776804065362   -0.898147762759
              N      0.659603039537    5.304145490735   -0.765514749289
              C      5.560547450551    3.034869438704    0.310618985985
              O      5.455804811892    5.372731768376    0.490020278904
              C      7.990355129696    1.732511202914    0.831335679654
              C      8.188226217744   -0.907095353222    0.644843123876
              C      5.973030991140   -2.469414799140   -0.078656925714
              O      6.217679132780   -4.798803149134   -0.229860988267
              C     10.503734139778   -2.093289445354    1.146019067987
              C     12.599136152672   -0.657633343433    1.826637320807
              C     12.401681647843    1.977505221557    2.012473357546
              C     10.109514371840    3.167274781513    1.517264994534
              H    -10.782726785780   -2.277340314371    3.776008596632
              H    -11.371422836815    0.903310840104    4.635448993510
              H    -13.262103922615   -0.579562637542    2.305785342965
              H    -10.047203417266    2.366527065851    0.323411673955
              H     -7.599682014541    0.686407233972    1.799659478565
              H     -8.799872891101   -3.226554600241   -0.646829531970
              H    -11.285968880560   -1.553223181840   -2.086008489487
              H     -8.153005855255    1.402508603710   -4.093814783852
              H     -7.754245862529   -1.804689341104   -5.007338701587
              H     -0.163728817356   -6.157837648356   -2.017571444347
              H      3.096507686839   -6.181908704683   -1.172672437317
              H     -1.075379600854    6.007305369212   -1.155495795146
              H      2.154160045514    6.396042159831   -0.283332004935
              H     10.607749619065   -4.134534296289    0.988382348768
              H     14.391359563125   -1.582518182907    2.214273079986
              H     14.040877104863    3.094737991375    2.543988878407
              H      9.907805522287    5.203137773372    1.647299835832
$End
$SCF_Mulliken_Population_Analysis
   &GeometryIndex 1
   &NAtoms [&Type "Integer"] 44
   &ATNO [&Type "ArrayOfIntegers", &Dim (44,1)] 
                                                         0

0                                                        6
1                                                        6
2                                                        6
3                                                        6
4                                                        7
5                                                        6
6                                                        8
7                                                        6
8                                                        6
9                                                        6
10                                                       8
11                                                       6
12                                                       7
13                                                       6
14                                                       6
15                                                       6
16                                                       7
17                                                       6
18                                                       8
19                                                       6
20                                                       6
21                                                       6
22                                                       8
23                                                       6
24                                                       6
25                                                       6
26                                                       6
27                                                       1
28                                                       1
29                                                       1
30                                                       1
31                                                       1
32                                                       1
33                                                       1
34                                                       1
35                                                       1
36                                                       1
37                                                       1
38                                                       1
39                                                       1
40                                                       1
41                                                       1
42                                                       1
43                                                       1
   &AtomicCharges [&Type "ArrayOfDoubles", &Dim (44,1)] 
                                                         0

0                                     -4.5444049099976791e-01
1                                     -2.5239870176015344e-01
2                                     -2.5936115379781555e-01
3                                     -1.6209971350618524e-01
4                                     -4.8915080495424323e-01
5                                      5.4314367994441870e-01
6                                     -4.7493735778761348e-01
7                                     -2.6506727294915322e-02
8                                     -2.2858238928342267e-02
9                                      5.4164340607916017e-01
10                                    -4.7644771163218103e-01
11                                     2.6256456625794300e-01
12                                    -8.2565739036652896e-01
13                                     6.0133010773189000e-03
14                                     6.1111116748007177e-03
15                                     2.6308502010499346e-01
16                                    -8.2562447134939276e-01
17                                     3.0196876028903752e-01
18                                    -5.0243032897909856e-01
19                                     5.6879587644277585e-02
20                                     5.6862055536685219e-02
21                                     3.0203602827493103e-01
22                                    -5.0235585720615106e-01
23                                    -1.8589419829735743e-01
24                                    -1.3701714817577670e-01
25                                    -1.3697532826630709e-01
26                                    -1.8602184587685233e-01
27                                     1.4784245211524127e-01
28                                     1.4772773230523595e-01
29                                     1.4783410037728362e-01
30                                     1.3943985810847126e-01
31                                     1.4174905290919515e-01
32                                     1.5043054779447107e-01
33                                     1.5151591490950422e-01
34                                     1.7937241759138378e-01
35                                     1.7897049303675638e-01
36                                     3.7353973488541936e-01
37                                     3.8650155644123374e-01
38                                     3.7357730566700198e-01
39                                     3.8654376944713609e-01
40                                     1.6674614629546469e-01
41                                     1.7064942064418021e-01
42                                     1.7068263098170966e-01
43                                     1.6674681878545439e-01
   &Method [&Type "String"] "SCF"
   &Level [&Type "String"] "Relaxed density"
   &Mult [&Type "Integer"] 1
   &State [&Type "Integer"] -1
   &Irrep [&Type "Integer"] 0
$End
$SCF_Loewdin_Population_Analysis
   &GeometryIndex 1
   &NAtoms [&Type "Integer"] 44
   &ATNO [&Type "ArrayOfIntegers", &Dim (44,1)] 
                                                         0

0                                                        6
1                                                        6
2                                                        6
3                                                        6
4                                                        7
5                                                        6
6                                                        8
7                                                        6
8                                                        6
9                                                        6
10                                                       8
11                                                       6
12                                                       7
13                                                       6
14                                                       6
15                                                       6
16                                                       7
17                                                       6
18                                                       8
19                                                       6
20                                                       6
21                                                       6
22                                                       8
23                                                       6
24                                                       6
25                                                       6
26                                                       6
27                                                       1
28                                                       1
29                                                       1
30                                                       1
31                                                       1
32                                                       1
33                                                       1
34                                                       1
35                                                       1
36                                                       1
37                                                       1
38                                                       1
39                                                       1
40                                                       1
41                                                       1
42                                                       1
43                                                       1
   &AtomicCharges [&Type "ArrayOfDoubles", &Dim (44,1)] 
                                                         0

0                                     -3.6733243205941601e-01
1                                     -2.3716945113807242e-01
2                                     -2.3636299801516092e-01
3                                     -1.5363843666124755e-01
4                                     -4.7015773829431673e-02
5                                      1.4087816267928321e-01
6                                     -2.5251735140600040e-01
7                                     -5.0728742734189147e-02
8                                     -5.0177842675652506e-02
9                                      1.4221055193637788e-01
10                                    -2.5343601875665023e-01
11                                     6.1574294988453460e-02
12                                    -3.4253156389497263e-01
13                                    -6.5591450223962511e-02
14                                    -6.5668080658316974e-02
15                                     6.1666267069062641e-02
16                                    -3.4249945179747332e-01
17                                     1.2237643351132554e-01
18                                    -2.6809525781226817e-01
19                                    -4.3051459389509716e-02
20                                    -4.3074843431371690e-02
21                                     1.2238900367784122e-01
22                                    -2.6805762756901252e-01
23                                    -1.0206426565647053e-01
24                                    -1.1209754537885885e-01
25                                    -1.1210359140712267e-01
26                                    -1.0209592291922931e-01
27                                     1.2466180419705242e-01
28                                     1.2665128814321447e-01
29                                     1.2426152182313177e-01
30                                     1.2138760518988700e-01
31                                     1.2146909438646425e-01
32                                     1.2740171989981475e-01
33                                     1.3233043449977910e-01
34                                     1.4664010385683279e-01
35                                     1.4558009775913217e-01
36                                     2.6950827752377993e-01
37                                     2.7369507264303161e-01
38                                     2.6948654047047438e-01
39                                     2.7371670969193451e-01
40                                     1.5259730963042051e-01
41                                     1.5111098405233214e-01
42                                     1.5113845436345219e-01
43                                     1.5257837542125718e-01
   &Method [&Type "String"] "SCF"
   &Level [&Type "String"] "Relaxed density"
   &Mult [&Type "Integer"] 1
   &State [&Type "Integer"] -1
   &Irrep [&Type "Integer"] 0
$End
$SCF_Mayer_Population_Analysis
   &GeometryIndex 1
   &NAtoms [&Type "Integer"] 44 "Total number of atoms"
   &NBondOrdersPrint [&Type "Integer"] 49 "The number of bond orders larger than threshold"
   &bondThresh [&Type "Double"]       1.0000000000000001e-01  "The threshold for printing"
   &components [&Type "ArrayOfIntegers", &Dim (49,4)] "The indices and atomic numbers of the bonding atoms"
                                                         0                           1                           2                           3

0                                                        0                           6                           1                           6
1                                                        0                           6                          27                           1
2                                                        0                           6                          28                           1
3                                                        0                           6                          29                           1
4                                                        1                           6                           2                           6
5                                                        1                           6                          30                           1
6                                                        1                           6                          31                           1
7                                                        2                           6                           3                           6
8                                                        2                           6                          32                           1
9                                                        2                           6                          33                           1
10                                                       3                           6                           4                           7
11                                                       3                           6                          34                           1
12                                                       3                           6                          35                           1
13                                                       4                           7                           5                           6
14                                                       4                           7                           9                           6
15                                                       5                           6                           6                           8
16                                                       5                           6                           7                           6
17                                                       7                           6                           8                           6
18                                                       7                           6                          15                           6
19                                                       8                           6                           9                           6
20                                                       8                           6                          11                           6
21                                                       9                           6                          10                           8
22                                                      11                           6                          12                           7
23                                                      11                           6                          13                           6
24                                                      12                           7                          36                           1
25                                                      12                           7                          37                           1
26                                                      13                           6                          14                           6
27                                                      13                           6                          21                           6
28                                                      14                           6                          15                           6
29                                                      14                           6                          17                           6
30                                                      15                           6                          16                           7
31                                                      16                           7                          38                           1
32                                                      16                           7                          39                           1
33                                                      17                           6                          18                           8
34                                                      17                           6                          19                           6
35                                                      18                           8                          39                           1
36                                                      19                           6                          20                           6
37                                                      19                           6                          26                           6
38                                                      20                           6                          21                           6
39                                                      20                           6                          23                           6
40                                                      21                           6                          22                           8
41                                                      22                           8                          37                           1
42                                                      23                           6                          24                           6
43                                                      23                           6                          40                           1
44                                                      24                           6                          25                           6
45                                                      24                           6                          41                           1
46                                                      25                           6                          26                           6
47                                                      25                           6                          42                           1
48                                                      26                           6                          43                           1
   &BondOrders [&Type "ArrayOfDoubles", &Dim (49,1)] "The bond orders"
                                                         0

0                                      1.0204387755985083e+00
1                                      9.5119187182270915e-01
2                                      9.5160191499990199e-01
3                                      9.5171455912144831e-01
4                                      1.0179946071151593e+00
5                                      9.4115641493604230e-01
6                                      9.3915071558879637e-01
7                                      9.9701355713948936e-01
8                                      9.3359299170594945e-01
9                                      9.3193281299120323e-01
10                                     9.0671662059603153e-01
11                                     9.1991215587078867e-01
12                                     9.2486886335065643e-01
13                                     1.0119799925616824e+00
14                                     1.0128632662417125e+00
15                                     1.8040361193615850e+00
16                                     9.6482811128678647e-01
17                                     1.4436119897134423e+00
18                                     1.2254470406183673e+00
19                                     9.6810191902238718e-01
20                                     1.2248965990646532e+00
21                                     1.8060661151506721e+00
22                                     1.1683736184987432e+00
23                                     1.2256496655451787e+00
24                                     7.7913445752080634e-01
25                                     7.4115451971955615e-01
26                                     1.2972437583389687e+00
27                                     1.0227185419376505e+00
28                                     1.2261205939174056e+00
29                                     1.0226672311138734e+00
30                                     1.1685995852406905e+00
31                                     7.7896615055772611e-01
32                                     7.4112664137503681e-01
33                                     1.7102913804606450e+00
34                                     9.9655344653631983e-01
35                                     1.0082654339300093e-01
36                                     1.3646250330553924e+00
37                                     1.3674787480028181e+00
38                                     9.9661196109403094e-01
39                                     1.3675034201867560e+00
40                                     1.7103846668690930e+00
41                                     1.0083384495567049e-01
42                                     1.4285223970303862e+00
43                                     9.0776732610755428e-01
44                                     1.4011725781513409e+00
45                                     9.2385690435641699e-01
46                                     1.4285111791477609e+00
47                                     9.2384390557898233e-01
48                                     9.0777513834296442e-01
   &ATNO [&Type "ArrayOfIntegers", &Dim (44,1)] "Atomic number of the elements"
                                                         0

0                                                        6
1                                                        6
2                                                        6
3                                                        6
4                                                        7
5                                                        6
6                                                        8
7                                                        6
8                                                        6
9                                                        6
10                                                       8
11                                                       6
12                                                       7
13                                                       6
14                                                       6
15                                                       6
16                                                       7
17                                                       6
18                                                       8
19                                                       6
20                                                       6
21                                                       6
22                                                       8
23                                                       6
24                                                       6
25                                                       6
26                                                       6
27                                                       1
28                                                       1
29                                                       1
30                                                       1
31                                                       1
32                                                       1
33                                                       1
34                                                       1
35                                                       1
36                                                       1
37                                                       1
38                                                       1
39                                                       1
40                                                       1
41                                                       1
42                                                       1
43                                                       1
   &NA [&Type "ArrayOfDoubles", &Dim (44,1)] "Mulliken gross atomic population"
                                                         0

0                                      6.4544404909997697e+00
1                                      6.2523987017601534e+00
2                                      6.2593611537978164e+00
3                                      6.1620997135061861e+00
4                                      7.4891508049542450e+00
5                                      5.4568563200555804e+00
6                                      8.4749373577876153e+00
7                                      6.0265067272949171e+00
8                                      6.0228582389283467e+00
9                                      5.4583565939208381e+00
10                                     8.4764477116321792e+00
11                                     5.7374354337420552e+00
12                                     7.8256573903665290e+00
13                                     5.9939866989226847e+00
14                                     5.9938888883251993e+00
15                                     5.7369149798950021e+00
16                                     7.8256244713493919e+00
17                                     5.6980312397109634e+00
18                                     8.5024303289790986e+00
19                                     5.9431204123557224e+00
20                                     5.9431379444633148e+00
21                                     5.6979639717250699e+00
22                                     8.5023558572061511e+00
23                                     6.1858941982973583e+00
24                                     6.1370171481757776e+00
25                                     6.1369753282663044e+00
26                                     6.1860218458768541e+00
27                                     8.5215754788475895e-01
28                                     8.5227226769476438e-01
29                                     8.5216589962271616e-01
30                                     8.6056014189152885e-01
31                                     8.5825094709080485e-01
32                                     8.4956945220552860e-01
33                                     8.4848408509049578e-01
34                                     8.2062758240861622e-01
35                                     8.2102950696324339e-01
36                                     6.2646026511458075e-01
37                                     6.1349844355876604e-01
38                                     6.2642269433299802e-01
39                                     6.1345623055286369e-01
40                                     8.3325385370453542e-01
41                                     8.2935057935581991e-01
42                                     8.2931736901829045e-01
43                                     8.3325318121454561e-01
   &ZA [&Type "ArrayOfDoubles", &Dim (44,1)] "Total nuclear charge"
                                                         0

0                                      6.0000000000000000e+00
1                                      6.0000000000000000e+00
2                                      6.0000000000000000e+00
3                                      6.0000000000000000e+00
4                                      7.0000000000000000e+00
5                                      6.0000000000000000e+00
6                                      8.0000000000000000e+00
7                                      6.0000000000000000e+00
8                                      6.0000000000000000e+00
9                                      6.0000000000000000e+00
10                                     8.0000000000000000e+00
11                                     6.0000000000000000e+00
12                                     7.0000000000000000e+00
13                                     6.0000000000000000e+00
14                                     6.0000000000000000e+00
15                                     6.0000000000000000e+00
16                                     7.0000000000000000e+00
17                                     6.0000000000000000e+00
18                                     8.0000000000000000e+00
19                                     6.0000000000000000e+00
20                                     6.0000000000000000e+00
21                                     6.0000000000000000e+00
22                                     8.0000000000000000e+00
23                                     6.0000000000000000e+00
24                                     6.0000000000000000e+00
25                                     6.0000000000000000e+00
26                                     6.0000000000000000e+00
27                                     1.0000000000000000e+00
28                                     1.0000000000000000e+00
29                                     1.0000000000000000e+00
30                                     1.0000000000000000e+00
31                                     1.0000000000000000e+00
32                                     1.0000000000000000e+00
33                                     1.0000000000000000e+00
34                                     1.0000000000000000e+00
35                                     1.0000000000000000e+00
36                                     1.0000000000000000e+00
37                                     1.0000000000000000e+00
38                                     1.0000000000000000e+00
39                                     1.0000000000000000e+00
40                                     1.0000000000000000e+00
41                                     1.0000000000000000e+00
42                                     1.0000000000000000e+00
43                                     1.0000000000000000e+00
   &QA [&Type "ArrayOfDoubles", &Dim (44,1)] "Mulliken gross atomic charge"
                                                         0

0                                     -4.5444049099976969e-01
1                                     -2.5239870176015344e-01
2                                     -2.5936115379781643e-01
3                                     -1.6209971350618613e-01
4                                     -4.8915080495424501e-01
5                                      5.4314367994441959e-01
6                                     -4.7493735778761526e-01
7                                     -2.6506727294917098e-02
8                                     -2.2858238928346708e-02
9                                      5.4164340607916195e-01
10                                    -4.7644771163217925e-01
11                                     2.6256456625794478e-01
12                                    -8.2565739036652896e-01
13                                     6.0133010773153472e-03
14                                     6.1111116748007177e-03
15                                     2.6308502010499790e-01
16                                    -8.2562447134939188e-01
17                                     3.0196876028903663e-01
18                                    -5.0243032897909856e-01
19                                     5.6879587644277585e-02
20                                     5.6862055536685219e-02
21                                     3.0203602827493015e-01
22                                    -5.0235585720615106e-01
23                                    -1.8589419829735832e-01
24                                    -1.3701714817577759e-01
25                                    -1.3697532826630443e-01
26                                    -1.8602184587685411e-01
27                                     1.4784245211524105e-01
28                                     1.4772773230523562e-01
29                                     1.4783410037728384e-01
30                                     1.3943985810847115e-01
31                                     1.4174905290919515e-01
32                                     1.5043054779447140e-01
33                                     1.5151591490950422e-01
34                                     1.7937241759138378e-01
35                                     1.7897049303675661e-01
36                                     3.7353973488541925e-01
37                                     3.8650155644123396e-01
38                                     3.7357730566700198e-01
39                                     3.8654376944713631e-01
40                                     1.6674614629546458e-01
41                                     1.7064942064418009e-01
42                                     1.7068263098170955e-01
43                                     1.6674681878545439e-01
   &VA [&Type "ArrayOfDoubles", &Dim (44,1)] "Mayer's total valence"
                                                         0

0                                      3.8624138476867249e+00
1                                      3.8862425120977644e+00
2                                      3.8504575397238057e+00
3                                      3.8029921113997416e+00
4                                      3.0792004088551455e+00
5                                      3.8773509566985456e+00
6                                      2.0896177868181622e+00
7                                      3.8655502986200716e+00
8                                      3.8656049413198574e+00
9                                      3.8784369645190813e+00
10                                     2.0859236735726290e+00
11                                     3.7816853935612706e+00
12                                     2.8658839736972599e+00
13                                     3.7639616769254256e+00
14                                     3.7645185495816085e+00
15                                     3.7820564920418249e+00
16                                     2.8661457904068528e+00
17                                     3.8745764413928541e+00
18                                     2.0574503872172096e+00
19                                     3.8729986713611066e+00
20                                     3.8731310595016222e+00
21                                     3.8746738692338005e+00
22                                     2.0575662733743840e+00
23                                     3.8768887721388765e+00
24                                     3.8870602897586810e+00
25                                     3.8870038593995222e+00
26                                     3.8768991067894709e+00
27                                     9.3401224608152489e-01
28                                     9.3325587498020635e-01
29                                     9.3384301181015295e-01
30                                     9.3246879775506986e-01
31                                     9.3164569578207312e-01
32                                     9.3691596814587874e-01
33                                     9.3103330258403372e-01
34                                     9.3797390010426906e-01
35                                     9.2861869349975901e-01
36                                     8.5869600221324882e-01
37                                     8.6077978704436675e-01
38                                     8.5870813038361604e-01
39                                     8.6075878364849934e-01
40                                     9.4562913605780397e-01
41                                     9.3013273645888872e-01
42                                     9.3012343179608437e-01
43                                     9.4564290654100924e-01
   &BVA [&Type "ArrayOfDoubles", &Dim (44,1)] "Mayer's bonded valence"
                                                         0

0                                      3.8624138476866956e+00
1                                      3.8862425120977577e+00
2                                      3.8504575397238465e+00
3                                      3.8029921113997487e+00
4                                      3.0792004088551694e+00
5                                      3.8773509566985709e+00
6                                      2.0896177868181809e+00
7                                      3.8655502986199908e+00
8                                      3.8656049413198574e+00
9                                      3.8784369645190839e+00
10                                     2.0859236735725979e+00
11                                     3.7816853935612955e+00
12                                     2.8658839736973318e+00
13                                     3.7639616769254163e+00
14                                     3.7645185495815801e+00
15                                     3.7820564920416868e+00
16                                     2.8661457904068151e+00
17                                     3.8745764413928421e+00
18                                     2.0574503872172425e+00
19                                     3.8729986713610871e+00
20                                     3.8731310595016106e+00
21                                     3.8746738692338187e+00
22                                     2.0575662733743627e+00
23                                     3.8768887721388126e+00
24                                     3.8870602897587010e+00
25                                     3.8870038593995346e+00
26                                     3.8768991067894771e+00
27                                     9.3401224608153055e-01
28                                     9.3325587498021456e-01
29                                     9.3384301181015161e-01
30                                     9.3246879775507530e-01
31                                     9.3164569578207246e-01
32                                     9.3691596814587885e-01
33                                     9.3103330258403938e-01
34                                     9.3797390010427262e-01
35                                     9.2861869349975446e-01
36                                     8.5869600221325393e-01
37                                     8.6077978704437175e-01
38                                     8.5870813038361349e-01
39                                     8.6075878364850467e-01
40                                     9.4562913605779064e-01
41                                     9.3013273645890060e-01
42                                     9.3012343179608759e-01
43                                     9.4564290654100924e-01
   &FA [&Type "ArrayOfDoubles", &Dim (44,1)] "Mayer's free valence"
                                                         0

0                                      0.0000000000000000e+00
1                                      0.0000000000000000e+00
2                                      0.0000000000000000e+00
3                                      0.0000000000000000e+00
4                                      0.0000000000000000e+00
5                                      0.0000000000000000e+00
6                                      0.0000000000000000e+00
7                                      0.0000000000000000e+00
8                                      0.0000000000000000e+00
9                                      0.0000000000000000e+00
10                                     0.0000000000000000e+00
11                                     0.0000000000000000e+00
12                                     0.0000000000000000e+00
13                                     0.0000000000000000e+00
14                                     0.0000000000000000e+00
15                                     0.0000000000000000e+00
16                                     0.0000000000000000e+00
17                                     0.0000000000000000e+00
18                                     0.0000000000000000e+00
19                                     0.0000000000000000e+00
20                                     0.0000000000000000e+00
21                                     0.0000000000000000e+00
22                                     0.0000000000000000e+00
23                                     0.0000000000000000e+00
24                                     0.0000000000000000e+00
25                                     0.0000000000000000e+00
26                                     0.0000000000000000e+00
27                                     0.0000000000000000e+00
28                                     0.0000000000000000e+00
29                                     0.0000000000000000e+00
30                                     0.0000000000000000e+00
31                                     0.0000000000000000e+00
32                                     0.0000000000000000e+00
33                                     0.0000000000000000e+00
34                                     0.0000000000000000e+00
35                                     0.0000000000000000e+00
36                                     0.0000000000000000e+00
37                                     0.0000000000000000e+00
38                                     0.0000000000000000e+00
39                                     0.0000000000000000e+00
40                                     0.0000000000000000e+00
41                                     0.0000000000000000e+00
42                                     0.0000000000000000e+00
43                                     0.0000000000000000e+00
   &Method [&Type "String"] "SCF"
   &Level [&Type "String"] "Relaxed density"
   &Mult [&Type "Integer"] 1
   &State [&Type "Integer"] -1
   &Irrep [&Type "Integer"] 0
$End
$SCF_Energy
   &GeometryIndex 1
   &Method [&Type "String"] "SCF"
   &totalEnergy [&Type "ArrayOfDoubles", &Dim (1,1)] "Total energy of each state"
                                                         0

0                                     -1.2369010468745798e+03
   &Mult [&Type "ArrayOfIntegers", &Dim (1,1)] "Multiplicity of each state"
                                                         0

0                                                        1
$End
$DFT_Energy
   &GeometryIndex 1
   &nAlphaEl [&Type "Integer"] 95
   &nBetaEl [&Type "Integer"] 95
   &nTotalEl [&Type "Integer"] 190
   &finalEn [&Type "Double"]      -1.2369010468745798e+03  "No Van der Waals correction"
   &eExchange [&Type "Double"]      -1.2931897066298069e+02
   &eCorr [&Type "Double"]      -7.7122480382074619e+00
   &eXC [&Type "Double"]      -1.3703121870118815e+02
   &eCNL [&Type "Double"]       0.0000000000000000e+00
$End
$Solvation_Details
   &GeometryIndex 1
   &Solvent [&Type "String"] "WATER"
   &Epsilon [&Type "Double"]       8.0150999999999996e+01
   &Refrac [&Type "Double"]       1.3328000000000000e+00
   &RSolv [&Type "Double"]       1.3000000000000000e+00
   &SurfaceType [&Type "String"] "GAUSSIAN VDW"
   &CPCMDielEnergy [&Type "Double"]      -1.6726864000000001e-02
   &NPoints [&Type "Integer"] 3737
   &SurfaceArea [&Type "Double"]       1.3472918289380000e+03
$End
$SCF_Timings
   &GeometryIndex 1
   &TOTAL [&Type "Double"]       5.6352612999999998e+01
   &PREP [&Type "Double"]       1.1000669999999999e+00
   &FOCK [&Type "Double"]       5.3137543999999991e+01
   &DENS [&Type "Double"]       1.1855200000000821e-01
   &ETOT [&Type "Double"]       6.1551999999997165e-02
   &POP [&Type "Double"]       6.1374000000000706e-02
   &TRAFO [&Type "Double"]       1.1510499999999801e-01
   &DIIS [&Type "Double"]       4.8038300000000156e-01
   &SOSCF [&Type "Double"]       3.6228899999999697e-01
   &XC [&Type "Double"]       4.9604969999999886e+00
   &FOCKSTART [&Type "Double"]       1.5278999999991827e-02
   &SOLV [&Type "Double"]       8.9326379999999972e+00
   &SOLV_INIT [&Type "Double"]       4.2864899999999995e-01
   &SOLV_FINAL [&Type "Double"]       9.9999999747524271e-07
   &INT_PREP [&Type "Double"]       3.9999999952300413e-06
   &INT_BF [&Type "Double"]       1.2585790000001102e+00
   &INT_DENS [&Type "Double"]       1.1357419999998948e+00
   &INT_DENSIO [&Type "Double"]       1.6560842499900036e+05
   &INT_FUNC [&Type "Double"]       1.4374400000009313e-01
   &INT_POT [&Type "Double"]       1.1262260000002104e+00
   &INT_POTIO [&Type "Double"]       3.6123999999735368e-02
   &INT_SUM [&Type "Double"]       5.5699999999792027e-04
   &SPLITRIJ [&Type "Double"]       5.6872579999999946e+00
   &COSX [&Type "Double"]       3.5363670999999997e+01
   &FROZCORE [&Type "Double"]       7.4250000000048999e-03
$End
$CIS_Absorption_Spectrum
   &GeometryIndex 1
   &Method [&Type "Integer"] 20
   &RelCorrection [&Type "Integer"] 1 "Type of relativistic treatment in QDPT. 0->Unknow, 1->None, 2->SOC, 3->SSC, 4->SOC/SSC"
   &DensType [&Type "Integer"] 3 "Type of density (electron/spin ...). 0->Unknow, 1->Electronic, 2->Spin, 3->Trans/Electronic, 4->Tran/Spin"
   &DeriType [&Type "Integer"] 0 "Type of derivative (w.r.t. to what perturbation). 0->Unknown, 1->No Derivative, 2->Electric/Dipole, 3->Electric/Quad, 4->Magnetic/Dipole, 5->Magnetic/Quad"
   &DensLevel [&Type "Integer"] 0 "// Source of density: relaxed, unrelaxed, ... 0->Unknown, 1->Linearized, 2->Unrelaxed, 3->Relaxed"
   &Density_name [&Type "String"] "Tdens-CIS"
   &Representation [&Type "String"] "Length" "Possible values: Unknown,  Length, Velocity"
   &PointGroup [&Type "String"] "C1"
   &DoHigherMoments [&Type "Boolean"] false
   &NTrans [&Type "Integer"] 8
   &ExcitationEnergies [&Type "ArrayOfDoubles", &Dim (8,11)] 
                                                         0                           1                           2                           3                           4                           5                           6                           7

0                                      2.0932867900192758e+00         1.6883498343890227e+04         5.9229430988268984e+02         4.5833933488942835e-01         8.9371753276547334e+00         2.8935367675813852e+00         0.0000000000000000e+00         1.6470299113896006e-01
1                                      2.7926415882035194e+00         2.2524175786290096e+04         4.4396741061161271e+02         1.6286382975972834e-05         2.3804075676796044e-04        -1.8688029905540918e-03         0.0000000000000000e+00        -1.1471215852210872e-03
2                                      3.1216937418684823e+00         2.5178160666882955e+04         3.9716959996816144e+02         5.6834692370465880e-08         7.4313052419491235e-07         1.5184566689112523e-04         0.0000000000000000e+00         8.2767118281833793e-04
3                                      3.2786913764589585e+00         2.6444432119147063e+04         3.7815143675403448e+02         5.8631269777986994e-03         7.2991223233737385e-02         2.7563685963745685e-02         0.0000000000000000e+00        -2.6818464527107211e-01
4                                      3.2840435033798183e+00         2.6487599938499610e+04         3.7753514939890960e+02         3.0880373855175502e-03         3.8380933062109837e-02        -1.8378597162935037e-01         0.0000000000000000e+00        -2.0077781334429362e-02
5                                      3.3588098418096917e+00         2.7090631189199801e+04         3.6913130337054275e+02         3.2992432474065084e-03         4.0093207339776935e-02         1.1607616998025108e-02         0.0000000000000000e+00        -1.9953473955676068e-01
6                                      3.4764908117790978e+00         2.8039792322332240e+04         3.5663602230161734e+02         2.5068744873225388e-02         2.9432922379263821e-01        -5.2333015133623739e-01         0.0000000000000000e+00        -2.9071262313273456e-02
7                                      3.5050784308199163e+00         2.8270367043881492e+04         3.5372727861926654e+02         1.8638162856897473e-04         2.1704372899811458e-03        -9.6079981692661250e-03         0.0000000000000000e+00        -3.9069074857779563e-03
                                                         8                           9                          10

0                                      0.0000000000000000e+00         7.3313929578169590e-01         0.0000000000000000e+00
1                                      0.0000000000000000e+00         1.5271949588024981e-02         0.0000000000000000e+00
2                                      0.0000000000000000e+00        -1.8717326404536335e-04         0.0000000000000000e+00
3                                      0.0000000000000000e+00        -1.7563100257602705e-02         0.0000000000000000e+00
4                                      0.0000000000000000e+00        -6.4811514340063797e-02         0.0000000000000000e+00
5                                      0.0000000000000000e+00        -1.2014918951860600e-02         0.0000000000000000e+00
6                                      0.0000000000000000e+00        -1.4003441792124499e-01         0.0000000000000000e+00
7                                      0.0000000000000000e+00         4.5418715691420607e-02         0.0000000000000000e+00
   &States [&Type "ArrayOfIntegers", &Dim (8,4)] "The initial and Final states. Col1: Initial State  Col2: Initial Irrep Col3: Final State Col4: Final Irrep"
                                                         0                           1                           2                           3

0                                                        0                           0                           1                           0
1                                                        0                           0                           2                           0
2                                                        0                           0                           3                           0
3                                                        0                           0                           4                           0
4                                                        0                           0                           5                           0
5                                                        0                           0                           6                           0
6                                                        0                           0                           7                           0
7                                                        0                           0                           8                           0
   &Multiplicities [&Type "ArrayOfDoubles", &Dim (8,2)] "Col1: Multiplicity of the initial state  Col2: Multiplicity of the final state"
                                                         0                           1

0                                      1.0000000000000000e+00         1.0000000000000000e+00
1                                      1.0000000000000000e+00         1.0000000000000000e+00
2                                      1.0000000000000000e+00         1.0000000000000000e+00
3                                      1.0000000000000000e+00         1.0000000000000000e+00
4                                      1.0000000000000000e+00         1.0000000000000000e+00
5                                      1.0000000000000000e+00         1.0000000000000000e+00
6                                      1.0000000000000000e+00         1.0000000000000000e+00
7                                      1.0000000000000000e+00         1.0000000000000000e+00
   &Temperature [&Type "Double"]       2.9814999999999998e+02
$End
$CIS_Absorption_Spectrum
   &GeometryIndex 1
   &Method [&Type "Integer"] 20
   &RelCorrection [&Type "Integer"] 1 "Type of relativistic treatment in QDPT. 0->Unknow, 1->None, 2->SOC, 3->SSC, 4->SOC/SSC"
   &DensType [&Type "Integer"] 3 "Type of density (electron/spin ...). 0->Unknow, 1->Electronic, 2->Spin, 3->Trans/Electronic, 4->Tran/Spin"
   &DeriType [&Type "Integer"] 0 "Type of derivative (w.r.t. to what perturbation). 0->Unknown, 1->No Derivative, 2->Electric/Dipole, 3->Electric/Quad, 4->Magnetic/Dipole, 5->Magnetic/Quad"
   &DensLevel [&Type "Integer"] 0 "// Source of density: relaxed, unrelaxed, ... 0->Unknown, 1->Linearized, 2->Unrelaxed, 3->Relaxed"
   &Density_name [&Type "String"] "Tdens-CIS"
   &Representation [&Type "String"] "Velocity" "Possible values: Unknown,  Length, Velocity"
   &PointGroup [&Type "String"] "C1"
   &DoHigherMoments [&Type "Boolean"] false
   &NTrans [&Type "Integer"] 8
   &ExcitationEnergies [&Type "ArrayOfDoubles", &Dim (8,11)] 
                                                         0                           1                           2                           3                           4                           5                           6                           7

0                                      2.0932867900192758e+00         1.6883498343890227e+04         5.9229430988268984e+02         2.0953216906048535e-03         2.4177983628998427e-04        -8.9657248852603160e-03         0.0000000000000000e+00        -9.8335166856529659e-04
1                                      2.7926415882035194e+00         2.2524175786290096e+04         4.4396741061161271e+02         2.2907517683083898e-04         3.5264186475146806e-05        -1.3979593206945092e-03         0.0000000000000000e+00        -5.0625009497273061e-04
2                                      3.1216937418684823e+00         2.5178160666882955e+04         3.9716959996816144e+02         1.9594669555200992e-08         3.3718548828604475e-09        -1.2615215796826628e-05         0.0000000000000000e+00         4.6483794225985179e-05
3                                      3.2786913764589585e+00         2.6444432119147063e+04         3.7815143675403448e+02         1.7465116675777622e-03         3.1565499588154884e-04         1.0434933501762991e-03         0.0000000000000000e+00        -1.7690169638566639e-02
4                                      3.2840435033798183e+00         2.6487599938499610e+04         3.7753514939890960e+02         8.7060350702823977e-04         1.5760498552652290e-04         9.4976486947047425e-03         0.0000000000000000e+00        -2.5286215316982943e-04
5                                      3.3588098418096917e+00         2.7090631189199801e+04         3.6913130337054275e+02         1.4728207223845718e-03         2.7269422495990555e-04         1.3351977530191449e-03         0.0000000000000000e+00        -1.6362570730041437e-02
6                                      3.4764908117790978e+00         2.8039792322332240e+04         3.5663602230161734e+02         8.9068089294264356e-03         1.7068834180674014e-03         4.0060173855447280e-02         0.0000000000000000e+00         2.2830680459087886e-03
7                                      3.5050784308199163e+00         2.8270367043881492e+04         3.5372727861926654e+02         1.1718448243011610e-03         2.2641671451694483e-04        -3.8123356219028118e-03         0.0000000000000000e+00        -1.0840487184805006e-03
                                                         8                           9                          10

0                                      0.0000000000000000e+00         1.2666042517998194e-02         0.0000000000000000e+00
1                                      0.0000000000000000e+00         5.7492266483563032e-03         0.0000000000000000e+00
2                                      0.0000000000000000e+00         3.2434057526251796e-05         0.0000000000000000e+00
3                                      0.0000000000000000e+00        -1.2743687333035536e-03         0.0000000000000000e+00
4                                      0.0000000000000000e+00         8.2058342372966879e-03         0.0000000000000000e+00
5                                      0.0000000000000000e+00        -1.7826247571009963e-03         0.0000000000000000e+00
6                                      0.0000000000000000e+00         9.8414170238075929e-03         0.0000000000000000e+00
7                                      0.0000000000000000e+00         1.4515772456155289e-02         0.0000000000000000e+00
   &States [&Type "ArrayOfIntegers", &Dim (8,4)] "The initial and Final states. Col1: Initial State  Col2: Initial Irrep Col3: Final State Col4: Final Irrep"
                                                         0                           1                           2                           3

0                                                        0                           0                           1                           0
1                                                        0                           0                           2                           0
2                                                        0                           0                           3                           0
3                                                        0                           0                           4                           0
4                                                        0                           0                           5                           0
5                                                        0                           0                           6                           0
6                                                        0                           0                           7                           0
7                                                        0                           0                           8                           0
   &Multiplicities [&Type "ArrayOfDoubles", &Dim (8,2)] "Col1: Multiplicity of the initial state  Col2: Multiplicity of the final state"
                                                         0                           1

0                                      1.0000000000000000e+00         1.0000000000000000e+00
1                                      1.0000000000000000e+00         1.0000000000000000e+00
2                                      1.0000000000000000e+00         1.0000000000000000e+00
3                                      1.0000000000000000e+00         1.0000000000000000e+00
4                                      1.0000000000000000e+00         1.0000000000000000e+00
5                                      1.0000000000000000e+00         1.0000000000000000e+00
6                                      1.0000000000000000e+00         1.0000000000000000e+00
7                                      1.0000000000000000e+00         1.0000000000000000e+00
   &Temperature [&Type "Double"]       2.9814999999999998e+02
$End
$CIS_ECD_Spectrum
   &GeometryIndex 1
   &Method [&Type "Integer"] 20
   &RelCorrection [&Type "Integer"] 1 "Type of relativistic treatment in QDPT. 0->Unknow, 1->None, 2->SOC, 3->SSC, 4->SOC/SSC"
   &DensType [&Type "Integer"] 3 "Type of density (electron/spin ...). 0->Unknow, 1->Electronic, 2->Spin, 3->Trans/Electronic, 4->Tran/Spin"
   &DeriType [&Type "Integer"] 0 "Type of derivative (w.r.t. to what perturbation). 0->Unknown, 1->No Derivative, 2->Electric/Dipole, 3->Electric/Quad, 4->Magnetic/Dipole, 5->Magnetic/Quad"
   &DensLevel [&Type "Integer"] 0 "// Source of density: relaxed, unrelaxed, ... 0->Unknown, 1->Linearized, 2->Unrelaxed, 3->Relaxed"
   &Density_name [&Type "String"] "Tdens-CIS"
   &Representation [&Type "String"] "Length" "Possible values: Unknown,  Length, Velocity"
   &PointGroup [&Type "String"] "C1"
   &DoHigherMoments [&Type "Boolean"] false
   &NTrans [&Type "Integer"] 8
   &ExcitationEnergies [&Type "ArrayOfDoubles", &Dim (8,10)] 
                                                         0                           1                           2                           3                           4                           5                           6                           7

0                                      2.0932867900192758e+00         1.6883498343890227e+04         5.9229430988268984e+02        -8.2099681411820535e-01        -3.4747397914738605e-03         0.0000000000000000e+00         5.3511501999096454e-02         0.0000000000000000e+00
1                                      2.7926415882035194e+00         2.2524175786290096e+04         4.4396741061161271e+02         1.0476344723890427e-02         1.3034423963195306e-02         0.0000000000000000e+00        -1.6492048669141382e-01         0.0000000000000000e+00
2                                      3.1216937418684823e+00         2.5178160666882955e+04         3.9716959996816144e+02         3.1239650319477524e-03        -3.4780916245262188e-02         0.0000000000000000e+00        -3.5235435923376885e-03         0.0000000000000000e+00
3                                      3.2786913764589585e+00         2.6444432119147063e+04         3.7815143675403448e+02         4.7457211481727810e-02        -6.7271927303624274e-02         0.0000000000000000e+00        -2.2379880265889152e-02         0.0000000000000000e+00
4                                      3.2840435033798183e+00         2.6487599938499610e+04         3.7753514939890960e+02         1.4493936689384071e-01        -3.4369586156855871e-03         0.0000000000000000e+00         1.9077536212224040e-02         0.0000000000000000e+00
5                                      3.3588098418096917e+00         2.7090631189199801e+04         3.6913130337054275e+02        -2.0020720927166433e-01        -3.8844607932622892e-02         0.0000000000000000e+00        -1.1620012708918987e-02         0.0000000000000000e+00
6                                      3.4764908117790978e+00         2.8039792322332240e+04         3.5663602230161734e+02        -1.5093652594964501e-03         8.2274773076909018e-04         0.0000000000000000e+00        -1.5613427131806188e-02         0.0000000000000000e+00
7                                      3.5050784308199163e+00         2.8270367043881492e+04         3.5372727861926654e+02         5.1121784136090941e-02        -2.6951740904034280e-02         0.0000000000000000e+00         4.1198902147699756e-01         0.0000000000000000e+00
                                                         8                           9

0                                      4.0677261961514664e-03         0.0000000000000000e+00
1                                     -1.2247721847014326e-02         0.0000000000000000e+00
2                                     -8.3953447484563411e-03         0.0000000000000000e+00
3                                      2.4189010014024365e-01         0.0000000000000000e+00
4                                      8.5796938850085415e-03         0.0000000000000000e+00
5                                      1.2010407810695267e-01         0.0000000000000000e+00
6                                      1.4376327856108675e-04         0.0000000000000000e+00
7                                      2.7350302954628172e-02         0.0000000000000000e+00
   &States [&Type "ArrayOfIntegers", &Dim (8,4)] "The initial and Final states. Col1: Initial State  Col2: Initial Irrep Col3: Final State Col4: Final Irrep"
                                                         0                           1                           2                           3

0                                                        0                           0                           1                           0
1                                                        0                           0                           2                           0
2                                                        0                           0                           3                           0
3                                                        0                           0                           4                           0
4                                                        0                           0                           5                           0
5                                                        0                           0                           6                           0
6                                                        0                           0                           7                           0
7                                                        0                           0                           8                           0
   &Multiplicities [&Type "ArrayOfDoubles", &Dim (8,2)] "Col1: Multiplicity of the initial state  Col2: Multiplicity of the final state"
                                                         0                           1

0                                      1.0000000000000000e+00         1.0000000000000000e+00
1                                      1.0000000000000000e+00         1.0000000000000000e+00
2                                      1.0000000000000000e+00         1.0000000000000000e+00
3                                      1.0000000000000000e+00         1.0000000000000000e+00
4                                      1.0000000000000000e+00         1.0000000000000000e+00
5                                      1.0000000000000000e+00         1.0000000000000000e+00
6                                      1.0000000000000000e+00         1.0000000000000000e+00
7                                      1.0000000000000000e+00         1.0000000000000000e+00
   &Temperature [&Type "Double"]       2.9814999999999998e+02
$End
$CIS_ECD_Spectrum
   &GeometryIndex 1
   &Method [&Type "Integer"] 20
   &RelCorrection [&Type "Integer"] 1 "Type of relativistic treatment in QDPT. 0->Unknow, 1->None, 2->SOC, 3->SSC, 4->SOC/SSC"
   &DensType [&Type "Integer"] 3 "Type of density (electron/spin ...). 0->Unknow, 1->Electronic, 2->Spin, 3->Trans/Electronic, 4->Tran/Spin"
   &DeriType [&Type "Integer"] 0 "Type of derivative (w.r.t. to what perturbation). 0->Unknown, 1->No Derivative, 2->Electric/Dipole, 3->Electric/Quad, 4->Magnetic/Dipole, 5->Magnetic/Quad"
   &DensLevel [&Type "Integer"] 0 "// Source of density: relaxed, unrelaxed, ... 0->Unknown, 1->Linearized, 2->Unrelaxed, 3->Relaxed"
   &Density_name [&Type "String"] "Tdens-CIS"
   &Representation [&Type "String"] "Velocity" "Possible values: Unknown,  Length, Velocity"
   &PointGroup [&Type "String"] "C1"
   &DoHigherMoments [&Type "Boolean"] false
   &NTrans [&Type "Integer"] 8
   &ExcitationEnergies [&Type "ArrayOfDoubles", &Dim (8,10)] 
                                                         0                           1                           2                           3                           4                           5                           6                           7

0                                      2.0932867900192758e+00         1.6883498343890227e+04         5.9229430988268984e+02         1.8419328458971856e-01        -3.4747397914738605e-03         0.0000000000000000e+00         5.3511501999096454e-02         0.0000000000000000e+00
1                                      2.7926415882035194e+00         2.2524175786290096e+04         4.4396741061161271e+02        -2.3637424043785934e-02         1.3034423963195306e-02         0.0000000000000000e+00        -1.6492048669141382e-01         0.0000000000000000e+00
2                                      3.1216937418684823e+00         2.5178160666882955e+04         3.9716959996816144e+02         1.1038284859693276e-05        -3.4780916245262188e-02         0.0000000000000000e+00        -3.5235435923376885e-03         0.0000000000000000e+00
3                                      3.2786913764589585e+00         2.6444432119147063e+04         3.7815143675403448e+02         6.8273797501417322e-02        -6.7271927303624274e-02         0.0000000000000000e+00        -2.2379880265889152e-02         0.0000000000000000e+00
4                                      3.2840435033798183e+00         2.6487599938499610e+04         3.7753514939890960e+02         1.2866363067976241e-01        -3.4369586156855871e-03         0.0000000000000000e+00         1.9077536212224040e-02         0.0000000000000000e+00
5                                      3.3588098418096917e+00         2.7090631189199801e+04         3.6913130337054275e+02        -2.8963865589935905e-01        -3.8844607932622892e-02         0.0000000000000000e+00        -1.1620012708918987e-02         0.0000000000000000e+00
6                                      3.4764908117790978e+00         2.8039792322332240e+04         3.5663602230161734e+02        -4.6948674016144129e-03         8.2274773076909018e-04         0.0000000000000000e+00        -1.5613427131806188e-02         0.0000000000000000e+00
7                                      3.5050784308199163e+00         2.8270367043881492e+04         3.5372727861926654e+02         1.9450946741332589e-01        -2.6951740904034280e-02         0.0000000000000000e+00         4.1198902147699756e-01         0.0000000000000000e+00
                                                         8                           9

0                                      4.0677261961514664e-03         0.0000000000000000e+00
1                                     -1.2247721847014326e-02         0.0000000000000000e+00
2                                     -8.3953447484563411e-03         0.0000000000000000e+00
3                                      2.4189010014024365e-01         0.0000000000000000e+00
4                                      8.5796938850085415e-03         0.0000000000000000e+00
5                                      1.2010407810695267e-01         0.0000000000000000e+00
6                                      1.4376327856108675e-04         0.0000000000000000e+00
7                                      2.7350302954628172e-02         0.0000000000000000e+00
   &States [&Type "ArrayOfIntegers", &Dim (8,4)] "The initial and Final states. Col1: Initial State  Col2: Initial Irrep Col3: Final State Col4: Final Irrep"
                                                         0                           1                           2                           3

0                                                        0                           0                           1                           0
1                                                        0                           0                           2                           0
2                                                        0                           0                           3                           0
3                                                        0                           0                           4                           0
4                                                        0                           0                           5                           0
5                                                        0                           0                           6                           0
6                                                        0                           0                           7                           0
7                                                        0                           0                           8                           0
   &Multiplicities [&Type "ArrayOfDoubles", &Dim (8,2)] "Col1: Multiplicity of the initial state  Col2: Multiplicity of the final state"
                                                         0                           1

0                                      1.0000000000000000e+00         1.0000000000000000e+00
1                                      1.0000000000000000e+00         1.0000000000000000e+00
2                                      1.0000000000000000e+00         1.0000000000000000e+00
3                                      1.0000000000000000e+00         1.0000000000000000e+00
4                                      1.0000000000000000e+00         1.0000000000000000e+00
5                                      1.0000000000000000e+00         1.0000000000000000e+00
6                                      1.0000000000000000e+00         1.0000000000000000e+00
7                                      1.0000000000000000e+00         1.0000000000000000e+00
   &Temperature [&Type "Double"]       2.9814999999999998e+02
$End
$CIS_Energies
   &GeometryIndex 1
   &e0 [&Type "Double"]      -1.2369010468745798e+03  "Ground state energy"
   &multP1 [&Type "Boolean"] false "Do the higher multiplicity too?"
   &mode [&Type "String"] "TDA" "CIS mode: CIS, RPA, TDA, TD-DFT, sTDA, sTD-DFT"
   &dCorr [&Type "Integer"] 0 "(D) Correction algorithm"
   &Method [&Type "String"] "TDA/CIS"
   &totalEnergy [&Type "ArrayOfDoubles", &Dim (8,1)] "Total energy of each state"
                                                         0

0                                     -1.2368241199958818e+03
1                                     -1.2367984191784001e+03
2                                     -1.2367863267335279e+03
3                                     -1.2367805571762701e+03
4                                     -1.2367803604892129e+03
5                                     -1.2367776128766666e+03
6                                     -1.2367732881803349e+03
7                                     -1.2367722376046029e+03
   &Mult [&Type "ArrayOfIntegers", &Dim (8,1)] "Multiplicity of each state"
                                                         0

0                                                        1
1                                                        1
2                                                        1
3                                                        1
4                                                        1
5                                                        1
6                                                        1
7                                                        1
   &RelCorr [&Type "String"] "None" "Relativistic correction (SOC and/or SSC)"
   &NBlocks [&Type "Integer"] 1 "Number of multiplicity blocks"
   &NRoots [&Type "ArrayOfIntegers", &Dim (1,1)] "Number of roots in each block"
                                                         0

0                                                        8
   &NTotalRoots [&Type "Integer"] 8 "Total number of roots"
   &Block [&Type "ArrayOfIntegers", &Dim (8,1)] "Block index of each state"
                                                         0

0                                                        0
1                                                        0
2                                                        0
3                                                        0
4                                                        0
5                                                        0
6                                                        0
7                                                        0
   &Root [&Type "ArrayOfIntegers", &Dim (8,1)] "Root index within the block"
                                                         0

0                                                        0
1                                                        1
2                                                        2
3                                                        3
4                                                        4
5                                                        5
6                                                        6
7                                                        7
$End
$Single_Point_Data
   &GeometryIndex 1
   &FinalEnergy [&Type "Double"]      -1.2368241199958818e+03  "Final single point energy"
   &Converged [&Type "Boolean"] true
$End
$Calculation_Info
   &GeometryIndex 1
   &Mult [&Type "Integer"] 1
   &Charge [&Type "Integer"] 0
   &NumOfAtoms [&Type "Integer"] 44
   &NumOfElectrons [&Type "Integer"] 190
   &NumOfBasisFuncts [&Type "Integer"] 412
   &NumOfAuxCBasisFuncts [&Type "Integer"] 0
   &NumOfAuxJBasisFuncts [&Type "Integer"] 1510
   &NumOfAuxJKBasisFuncts [&Type "Integer"] 0
   &NumOfCABSBasisFuncts [&Type "Integer"] 0
$End
$SCF_Dipole_Moment
   &GeometryIndex 1
   &dipoleMagnitude [&Type "Double", &Units "a.u."]       2.5887344161488596e-01
   &dipoleElecContrib [&Type "ArrayOfDoubles", &Dim (3,1)] "Electronic contribution"
                                                         0

0                                      2.7548395363578923e+01
1                                      1.0827907334662235e+00
2                                     -6.0294826748991337e+00
   &dipoleNucContrib [&Type "ArrayOfDoubles", &Dim (3,1)] "Nuclear contribution"
                                                         0

0                                     -2.7329710927842008e+01
1                                     -1.0719056239453408e+00
2                                      6.1675916562532853e+00
   &dipoleTotal [&Type "ArrayOfDoubles", &Dim (3,1)] "Total"
                                                         0

0                                      2.1868443573691465e-01
1                                      1.0885109520882619e-02
2                                      1.3810898135415162e-01
   &doAtomicDipole [&Type "Boolean"] false
   &Method [&Type "String"] "SCF"
   &Level [&Type "String"] "Relaxed density"
   &Mult [&Type "Integer"] 1
   &State [&Type "Integer"] -1
   &Irrep [&Type "Integer"] 0
$End
$Calculation_Timings
   &GeometryIndex 1
   &GTOINT [&Type "Double"]       5.6903540000000001e+00
   &SCF [&Type "Double"]       6.4157454999999999e+01
   &CIS [&Type "Double"]       4.1705744999999993e+01
   &PROPINT [&Type "Double"]       3.2579879999999974e+00
   &PROP [&Type "Double"]       3.1053560000000004e+00
   &SUM [&Type "Double"]       1.1791689799999999e+02
$End
