*************************************************
******************* ORCA 6.1.1 ******************
*************************************************
$Calculation_Status
   &GeometryIndex 1
   &version [&Type "String"] "6.1.1"
   &progName [&Type "String"] "ProgCIS"
   &Status [&Type "String"] "NORMAL TERMINATION"
$End
$Geometry
   &GeometryIndex 1
   &NAtoms [&Type "Integer"] 30
   &NCorelessECP [&Type "Integer"] 0
   &NGhostAtoms [&Type "Integer"] 0
   &CartesianCoordinates [&Type "Coordinates", &Dim(30,4), &Units "Bohr"] 
              C      7.903152166049   -2.595907341537    1.896551824717
              C      5.826471646247   -2.599656558187    3.893259134532
              N      3.339599612911   -2.712278566590    2.707894401959
              C      2.164369481595   -0.615793716904    1.471013845250
              N      3.299560095585    1.686663722475    1.425144522801
              C      2.164834354224    3.664400071631    0.250844136743
              N      3.376891468438    6.076856579539    0.207748932259
              N      2.277471480436    8.080189269179   -0.954854049031
              N      1.370359472453    9.734512218598   -1.914504222989
              N     -0.118247723104    3.335154977044   -0.876662850787
              C     -1.267594275564    1.041590588852   -0.830842661218
              N     -0.116365555875   -0.930790276441    0.344886357797
              N     -3.674842698247    0.723016777743   -2.032678246774
              C     -5.054095221886   -1.681208083126   -2.003172062919
              C     -7.049141462429   -1.719437242815   -4.100938146924
              C     -6.298117053655   -2.080767997430    0.579418378552
              H      9.780071625961   -2.599458136943    2.834430463887
              H      7.760687602539   -0.886270218452    0.689404218999
              H      7.745692625666   -4.306665072219    0.690658997152
              H      5.974474997056   -0.886976976026    5.099673526510
              H      6.065574914520   -4.287541043744    5.116456184305
              H      5.132063432445    6.311004985889    1.078691582039
              H     -4.437694902893    2.270940586917   -2.996175903141
              H     -3.714139553202   -3.259136963855   -2.370353409644
              H     -8.465341911438   -0.197285518655   -3.804485469939
              H     -8.035979126276   -3.572292930138   -4.130754245865
              H     -6.127712889255   -1.432913186938   -5.965141639680
              H     -7.634023039235   -0.516012397581    0.998977264532
              H     -7.345391938718   -3.900014905461    0.607044284904
              H     -4.842587624347   -2.143918865373    2.088459182795
$End
$SCF_Mulliken_Population_Analysis
   &GeometryIndex 1
   &NAtoms [&Type "Integer"] 30
   &ATNO [&Type "ArrayOfIntegers", &Dim (30,1)] 
                                                         0

0                                                        6
1                                                        6
2                                                        7
3                                                        6
4                                                        7
5                                                        6
6                                                        7
7                                                        7
8                                                        7
9                                                        7
10                                                       6
11                                                       7
12                                                       7
13                                                       6
14                                                       6
15                                                       6
16                                                       1
17                                                       1
18                                                       1
19                                                       1
20                                                       1
21                                                       1
22                                                       1
23                                                       1
24                                                       1
25                                                       1
26                                                       1
27                                                       1
28                                                       1
29                                                       1
   &AtomicCharges [&Type "ArrayOfDoubles", &Dim (30,1)] 
                                                         0

0                                     -4.4195086846212206e-01
1                                     -1.1267878761324290e-01
2                                     -5.9538963233733888e-01
3                                      4.0075592318298270e-01
4                                     -4.7797424112958531e-01
5                                      5.6526198341507339e-01
6                                     -4.9472011495732193e-01
7                                      5.2071820694202842e-01
8                                      5.5260983396580698e-02
9                                     -5.1668166280263161e-01
10                                     5.3746481706273741e-01
11                                    -4.9621845762062300e-01
12                                    -6.3247618866129773e-01
13                                     8.1648029609381112e-02
14                                    -4.7625273341738872e-01
15                                    -4.4621832233982239e-01
16                                     1.2217767139905911e-01
17                                     1.3967032485111974e-01
18                                     1.3165394185971424e-01
19                                     9.6980479602722491e-02
20                                     1.1448268580643894e-01
21                                     4.9674903683841753e-01
22                                     3.6225308247269217e-01
23                                     1.4883532919838727e-01
24                                     1.5517445136876540e-01
25                                     1.6486288178054642e-01
26                                     1.5610679330723076e-01
27                                     1.4432619736508423e-01
28                                     1.4517020165431660e-01
29                                     1.5100798822800487e-01
   &Method [&Type "String"] "SCF"
   &Level [&Type "String"] "Relaxed density"
   &Mult [&Type "Integer"] 1
   &State [&Type "Integer"] -1
   &Irrep [&Type "Integer"] 0
$End
$SCF_Loewdin_Population_Analysis
   &GeometryIndex 1
   &NAtoms [&Type "Integer"] 30
   &ATNO [&Type "ArrayOfIntegers", &Dim (30,1)] 
                                                         0

0                                                        6
1                                                        6
2                                                        7
3                                                        6
4                                                        7
5                                                        6
6                                                        7
7                                                        7
8                                                        7
9                                                        7
10                                                       6
11                                                       7
12                                                       7
13                                                       6
14                                                       6
15                                                       6
16                                                       1
17                                                       1
18                                                       1
19                                                       1
20                                                       1
21                                                       1
22                                                       1
23                                                       1
24                                                       1
25                                                       1
26                                                       1
27                                                       1
28                                                       1
29                                                       1
   &AtomicCharges [&Type "ArrayOfDoubles", &Dim (30,1)] 
                                                         0

0                                     -3.7800047705726847e-01
1                                     -1.8047789228727318e-01
2                                     -4.2947496888769354e-01
3                                      5.1684104355659066e-02
4                                     -2.5589300630687450e-01
5                                      1.0340322807877911e-01
6                                     -7.2356994135845731e-02
7                                      3.3199182591261955e-01
8                                      2.1267682902407792e-01
9                                     -2.9115768301130540e-01
10                                     1.1890162227778944e-01
11                                    -2.7365618569057748e-01
12                                    -2.3732040036802982e-01
13                                    -6.1723387649390560e-02
14                                    -3.6653048786275555e-01
15                                    -3.7205012812536786e-01
16                                     1.1393029814257383e-01
17                                     1.2051050880485303e-01
18                                     1.1741923504414209e-01
19                                     9.2101041915501725e-02
20                                     1.0616892861405769e-01
21                                     3.6609570023891436e-01
22                                     2.7579791121907271e-01
23                                     1.2737827479289154e-01
24                                     1.3012753984826619e-01
25                                     1.3881334997482275e-01
26                                     1.3073302888210847e-01
27                                     1.2573030656616191e-01
28                                     1.2718426432492747e-01
29                                     1.2799361336510917e-01
   &Method [&Type "String"] "SCF"
   &Level [&Type "String"] "Relaxed density"
   &Mult [&Type "Integer"] 1
   &State [&Type "Integer"] -1
   &Irrep [&Type "Integer"] 0
$End
$SCF_Mayer_Population_Analysis
   &GeometryIndex 1
   &NAtoms [&Type "Integer"] 30 "Total number of atoms"
   &NBondOrdersPrint [&Type "Integer"] 31 "The number of bond orders larger than threshold"
   &bondThresh [&Type "Double"]       1.0000000000000001e-01  "The threshold for printing"
   &components [&Type "ArrayOfIntegers", &Dim (31,4)] "The indices and atomic numbers of the bonding atoms"
                                                         0                           1                           2                           3

0                                                        0                           6                           1                           6
1                                                        0                           6                          16                           1
2                                                        0                           6                          17                           1
3                                                        0                           6                          18                           1
4                                                        1                           6                           2                           7
5                                                        1                           6                          19                           1
6                                                        1                           6                          20                           1
7                                                        2                           7                           3                           6
8                                                        3                           6                           4                           7
9                                                        3                           6                          11                           7
10                                                       4                           7                           5                           6
11                                                       5                           6                           6                           7
12                                                       5                           6                           9                           7
13                                                       6                           7                           7                           7
14                                                       6                           7                           8                           7
15                                                       6                           7                          21                           1
16                                                       7                           7                           8                           7
17                                                       9                           7                          10                           6
18                                                      10                           6                          11                           7
19                                                      10                           6                          12                           7
20                                                      12                           7                          13                           6
21                                                      12                           7                          22                           1
22                                                      13                           6                          14                           6
23                                                      13                           6                          15                           6
24                                                      13                           6                          23                           1
25                                                      14                           6                          24                           1
26                                                      14                           6                          25                           1
27                                                      14                           6                          26                           1
28                                                      15                           6                          27                           1
29                                                      15                           6                          28                           1
30                                                      15                           6                          29                           1
   &BondOrders [&Type "ArrayOfDoubles", &Dim (31,1)] "The bond orders"
                                                         0

0                                      9.9627249436025112e-01
1                                      9.5006601154227444e-01
2                                      9.5291425879051939e-01
3                                      9.5694644859188982e-01
4                                      1.0115894032229356e+00
5                                      9.3493187362491259e-01
6                                      9.5328504600436781e-01
7                                      1.5410896178043343e+00
8                                      1.1565412118377505e+00
9                                      1.2422112826370699e+00
10                                     1.5253646602416233e+00
11                                     7.7089660383616088e-01
12                                     1.4606528940537502e+00
13                                     1.1173081299945535e+00
14                                     1.8169900442805148e-01
15                                     7.1034820699591517e-01
16                                     2.5580306562582509e+00
17                                     1.2919507431380015e+00
18                                     1.4415564259603819e+00
19                                     1.1019801083667400e+00
20                                     9.1317597749397816e-01
21                                     8.1208167089902672e-01
22                                     1.0082896101606629e+00
23                                     1.0005150792618871e+00
24                                     9.3084021854711363e-01
25                                     9.4589920902653168e-01
26                                     9.4851159490722003e-01
27                                     9.4960211832969099e-01
28                                     9.5110462860030998e-01
29                                     9.4868625713621246e-01
30                                     9.4499935954266789e-01
   &ATNO [&Type "ArrayOfIntegers", &Dim (30,1)] "Atomic number of the elements"
                                                         0

0                                                        6
1                                                        6
2                                                        7
3                                                        6
4                                                        7
5                                                        6
6                                                        7
7                                                        7
8                                                        7
9                                                        7
10                                                       6
11                                                       7
12                                                       7
13                                                       6
14                                                       6
15                                                       6
16                                                       1
17                                                       1
18                                                       1
19                                                       1
20                                                       1
21                                                       1
22                                                       1
23                                                       1
24                                                       1
25                                                       1
26                                                       1
27                                                       1
28                                                       1
29                                                       1
   &NA [&Type "ArrayOfDoubles", &Dim (30,1)] "Mulliken gross atomic population"
                                                         0

0                                      6.4419508684621158e+00
1                                      6.1126787876132402e+00
2                                      7.5953896323373389e+00
3                                      5.5992440768170146e+00
4                                      7.4779742411295818e+00
5                                      5.4347380165849266e+00
6                                      7.4947201149573193e+00
7                                      6.4792817930579707e+00
8                                      6.9447390166034184e+00
9                                      7.5166816628026281e+00
10                                     5.4625351829372617e+00
11                                     7.4962184576206239e+00
12                                     7.6324761886612968e+00
13                                     5.9183519703906189e+00
14                                     6.4762527334173887e+00
15                                     6.4462183223398233e+00
16                                     8.7782232860094056e-01
17                                     8.6032967514887992e-01
18                                     8.6834605814028532e-01
19                                     9.0301952039727751e-01
20                                     8.8551731419356128e-01
21                                     5.0325096316158247e-01
22                                     6.3774691752730783e-01
23                                     8.5116467080161273e-01
24                                     8.4482554863123482e-01
25                                     8.3513711821945380e-01
26                                     8.4389320669276935e-01
27                                     8.5567380263491599e-01
28                                     8.5482979834568351e-01
29                                     8.4899201177199501e-01
   &ZA [&Type "ArrayOfDoubles", &Dim (30,1)] "Total nuclear charge"
                                                         0

0                                      6.0000000000000000e+00
1                                      6.0000000000000000e+00
2                                      7.0000000000000000e+00
3                                      6.0000000000000000e+00
4                                      7.0000000000000000e+00
5                                      6.0000000000000000e+00
6                                      7.0000000000000000e+00
7                                      7.0000000000000000e+00
8                                      7.0000000000000000e+00
9                                      7.0000000000000000e+00
10                                     6.0000000000000000e+00
11                                     7.0000000000000000e+00
12                                     7.0000000000000000e+00
13                                     6.0000000000000000e+00
14                                     6.0000000000000000e+00
15                                     6.0000000000000000e+00
16                                     1.0000000000000000e+00
17                                     1.0000000000000000e+00
18                                     1.0000000000000000e+00
19                                     1.0000000000000000e+00
20                                     1.0000000000000000e+00
21                                     1.0000000000000000e+00
22                                     1.0000000000000000e+00
23                                     1.0000000000000000e+00
24                                     1.0000000000000000e+00
25                                     1.0000000000000000e+00
26                                     1.0000000000000000e+00
27                                     1.0000000000000000e+00
28                                     1.0000000000000000e+00
29                                     1.0000000000000000e+00
   &QA [&Type "ArrayOfDoubles", &Dim (30,1)] "Mulliken gross atomic charge"
                                                         0

0                                     -4.4195086846211584e-01
1                                     -1.1267878761324024e-01
2                                     -5.9538963233733888e-01
3                                      4.0075592318298536e-01
4                                     -4.7797424112958176e-01
5                                      5.6526198341507339e-01
6                                     -4.9472011495731927e-01
7                                      5.2071820694202930e-01
8                                      5.5260983396581587e-02
9                                     -5.1668166280262806e-01
10                                     5.3746481706273830e-01
11                                    -4.9621845762062389e-01
12                                    -6.3247618866129685e-01
13                                     8.1648029609381112e-02
14                                    -4.7625273341738872e-01
15                                    -4.4621832233982328e-01
16                                     1.2217767139905944e-01
17                                     1.3967032485112008e-01
18                                     1.3165394185971468e-01
19                                     9.6980479602722491e-02
20                                     1.1448268580643872e-01
21                                     4.9674903683841753e-01
22                                     3.6225308247269217e-01
23                                     1.4883532919838727e-01
24                                     1.5517445136876518e-01
25                                     1.6486288178054620e-01
26                                     1.5610679330723065e-01
27                                     1.4432619736508401e-01
28                                     1.4517020165431649e-01
29                                     1.5100798822800499e-01
   &VA [&Type "ArrayOfDoubles", &Dim (30,1)] "Mayer's total valence"
                                                         0

0                                      3.8461379689868842e+00
1                                      3.9197725278988664e+00
2                                      2.7435289288071791e+00
3                                      4.0880264684715657e+00
4                                      2.8999081936290443e+00
5                                      3.9094958400777253e+00
6                                      2.7934872321140021e+00
7                                      3.7092929280507345e+00
8                                      2.8086924989391626e+00
9                                      2.9264056367363600e+00
10                                     3.9962881464183106e+00
11                                     2.8848990317667975e+00
12                                     2.9231396952257409e+00
13                                     3.8598827170980012e+00
14                                     3.8430169647647991e+00
15                                     3.8217939074091287e+00
16                                     9.4224361459482830e-01
17                                     9.5111887121647132e-01
18                                     9.4662419107985574e-01
19                                     9.4356472318565687e-01
20                                     9.3800958029362369e-01
21                                     7.4608044992099476e-01
22                                     8.5036823542699203e-01
23                                     9.4047000647048951e-01
24                                     9.3868490579481922e-01
25                                     9.3786047644840265e-01
26                                     9.3759692183553955e-01
27                                     9.4414293555039774e-01
28                                     9.4073036835615376e-01
29                                     9.5099107151765616e-01
   &BVA [&Type "ArrayOfDoubles", &Dim (30,1)] "Mayer's bonded valence"
                                                         0

0                                      3.8461379689868922e+00
1                                      3.9197725278988980e+00
2                                      2.7435289288072049e+00
3                                      4.0880264684715897e+00
4                                      2.8999081936290523e+00
5                                      3.9094958400777182e+00
6                                      2.7934872321140016e+00
7                                      3.7092929280507310e+00
8                                      2.8086924989391635e+00
9                                      2.9264056367364120e+00
10                                     3.9962881464183297e+00
11                                     2.8848990317668104e+00
12                                     2.9231396952257276e+00
13                                     3.8598827170979990e+00
14                                     3.8430169647647903e+00
15                                     3.8217939074091190e+00
16                                     9.4224361459483608e-01
17                                     9.5111887121647176e-01
18                                     9.4662419107985363e-01
19                                     9.4356472318565954e-01
20                                     9.3800958029363191e-01
21                                     7.4608044992098999e-01
22                                     8.5036823542699747e-01
23                                     9.4047000647048962e-01
24                                     9.3868490579482011e-01
25                                     9.3786047644838910e-01
26                                     9.3759692183554555e-01
27                                     9.4414293555039630e-01
28                                     9.4073036835616075e-01
29                                     9.5099107151765416e-01
   &FA [&Type "ArrayOfDoubles", &Dim (30,1)] "Mayer's free valence"
                                                         0

0                                      0.0000000000000000e+00
1                                      0.0000000000000000e+00
2                                      0.0000000000000000e+00
3                                      0.0000000000000000e+00
4                                      0.0000000000000000e+00
5                                      0.0000000000000000e+00
6                                      0.0000000000000000e+00
7                                      0.0000000000000000e+00
8                                      0.0000000000000000e+00
9                                      0.0000000000000000e+00
10                                     0.0000000000000000e+00
11                                     0.0000000000000000e+00
12                                     0.0000000000000000e+00
13                                     0.0000000000000000e+00
14                                     0.0000000000000000e+00
15                                     0.0000000000000000e+00
16                                     0.0000000000000000e+00
17                                     0.0000000000000000e+00
18                                     0.0000000000000000e+00
19                                     0.0000000000000000e+00
20                                     0.0000000000000000e+00
21                                     0.0000000000000000e+00
22                                     0.0000000000000000e+00
23                                     0.0000000000000000e+00
24                                     0.0000000000000000e+00
25                                     0.0000000000000000e+00
26                                     0.0000000000000000e+00
27                                     0.0000000000000000e+00
28                                     0.0000000000000000e+00
29                                     0.0000000000000000e+00
   &Method [&Type "String"] "SCF"
   &Level [&Type "String"] "Relaxed density"
   &Mult [&Type "Integer"] 1
   &State [&Type "Integer"] -1
   &Irrep [&Type "Integer"] 0
$End
$SCF_Energy
   &GeometryIndex 1
   &Method [&Type "String"] "SCF"
   &totalEnergy [&Type "ArrayOfDoubles", &Dim (1,1)] "Total energy of each state"
                                                         0

0                                     -7.5074928842411839e+02
   &Mult [&Type "ArrayOfIntegers", &Dim (1,1)] "Multiplicity of each state"
                                                         0

0                                                        1
$End
$DFT_Energy
   &GeometryIndex 1
   &nAlphaEl [&Type "Integer"] 59
   &nBetaEl [&Type "Integer"] 59
   &nTotalEl [&Type "Integer"] 118
   &finalEn [&Type "Double"]      -7.5074928842411839e+02  "No Van der Waals correction"
   &eExchange [&Type "Double"]       0.0000000000000000e+00
   &eCorr [&Type "Double"]       0.0000000000000000e+00
   &eXC [&Type "Double"]      -7.5210564290323958e+01
   &eCNL [&Type "Double"]       0.0000000000000000e+00
$End
$Solvation_Details
   &GeometryIndex 1
   &Solvent [&Type "String"] "WATER"
   &Epsilon [&Type "Double"]       8.0150999999999996e+01
   &Refrac [&Type "Double"]       1.3328000000000000e+00
   &RSolv [&Type "Double"]       1.3000000000000000e+00
   &SurfaceType [&Type "String"] "GAUSSIAN VDW"
   &CPCMDielEnergy [&Type "Double"]      -8.6422812000000002e-02
   &NPoints [&Type "Integer"] 2651
   &SurfaceArea [&Type "Double"]       1.0251082832210000e+03
$End
$SCF_Timings
   &GeometryIndex 1
   &TOTAL [&Type "Double"]       1.3053783000000001e+01
   &PREP [&Type "Double"]       8.0671899999999996e-01
   &FOCK [&Type "Double"]       1.1467549000000000e+01
   &DENS [&Type "Double"]       7.2369999999999379e-03
   &ETOT [&Type "Double"]       5.7009999999997341e-03
   &POP [&Type "Double"]       2.1141000000000076e-02
   &TRAFO [&Type "Double"]       1.4901000000000053e-02
   &DIIS [&Type "Double"]       2.0602999999999927e-02
   &SOSCF [&Type "Double"]       3.3113999999998978e-02
   &XC [&Type "Double"]       5.5061200000000099e-01
   &FOCKSTART [&Type "Double"]       3.0799999999997496e-03
   &SOLV [&Type "Double"]       8.2162299999999933e-01
   &SOLV_INIT [&Type "Double"]       2.0490199999999992e-01
   &INT_BF [&Type "Double"]       1.3390600000002006e-01
   &INT_DENS [&Type "Double"]       1.0446799999999534e-01
   &INT_DENSIO [&Type "Double"]       5.1053214920000046e+03
   &INT_FUNC [&Type "Double"]       6.3366999999973750e-02
   &INT_POT [&Type "Double"]       1.2007899999999916e-01
   &INT_POTIO [&Type "Double"]       5.1200000000197754e-03
   &INT_SUM [&Type "Double"]       1.3300000000038281e-04
   &SPLITRIJ [&Type "Double"]       4.3626900000000046e-01
   &COSX [&Type "Double"]       1.1086515000000002e+01
   &FROZCORE [&Type "Double"]       2.6129999999984221e-03
$End
$CIS_Absorption_Spectrum
   &GeometryIndex 1
   &Method [&Type "Integer"] 20
   &RelCorrection [&Type "Integer"] 1 "Type of relativistic treatment in QDPT. 0->Unknow, 1->None, 2->SOC, 3->SSC, 4->SOC/SSC"
   &DensType [&Type "Integer"] 3 "Type of density (electron/spin ...). 0->Unknow, 1->Electronic, 2->Spin, 3->Trans/Electronic, 4->Tran/Spin"
   &DeriType [&Type "Integer"] 0 "Type of derivative (w.r.t. to what perturbation). 0->Unknown, 1->No Derivative, 2->Electric/Dipole, 3->Electric/Quad, 4->Magnetic/Dipole, 5->Magnetic/Quad"
   &DensLevel [&Type "Integer"] 0 "// Source of density: relaxed, unrelaxed, ... 0->Unknown, 1->Linearized, 2->Unrelaxed, 3->Relaxed"
   &Density_name [&Type "String"] "Tdens-CIS"
   &Representation [&Type "String"] "Length" "Possible values: Unknown,  Length, Velocity"
   &PointGroup [&Type "String"] "C1"
   &DoHigherMoments [&Type "Boolean"] false
   &NTrans [&Type "Integer"] 8
   &ExcitationEnergies [&Type "ArrayOfDoubles", &Dim (8,11)] 
                                                         0                           1                           2                           3                           4                           5                           6                           7

0                                      2.1994538456431796e+00         1.7739793485267091e+04         5.6370442013910724e+02         5.0455473319140367e-06         9.3634374176702106e-05         1.7832081705174085e-03         0.0000000000000000e+00        -9.3435020037229075e-03
1                                      2.7318249522560172e+00         2.2033656485639858e+04         4.5385113480903021e+02         3.7038439591217338e-02         5.5340323659209734e-01        -4.7297465941684591e-01         0.0000000000000000e+00         4.5111596006762933e-01
2                                      3.5624724956976288e+00         2.8733281444302975e+04         3.4802847072598200e+02         7.4520960007526263e-04         8.5382487158139966e-03         1.0217089123493239e-02         0.0000000000000000e+00         8.9641412596376077e-02
3                                      3.7030779693866425e+00         2.9867341188762788e+04         3.3481386698600323e+02         7.4730096255485063e-06         8.2371043124311848e-05         6.5749879243374391e-03         0.0000000000000000e+00        -6.1279606365793812e-03
4                                      3.8370768202486398e+00         3.0948114920961660e+04         3.2312145749552059e+02         1.6999152329264934e-04         1.8082923792361954e-03        -6.4161193355529575e-03         0.0000000000000000e+00        -2.5716563668800384e-02
5                                      3.8749173536959263e+00         3.1253319438008890e+04         3.1996601256500281e+02         7.3091450407974873e-03         7.6992073588993223e-02        -2.1876342749272231e-02         0.0000000000000000e+00        -2.6879844775584233e-01
6                                      4.1469702676753606e+00         3.3447574398448400e+04         2.9897534215407529e+02         5.8241201268198440e-04         5.7324632988286694e-03        -2.9572432017190758e-02         0.0000000000000000e+00         6.1639553934479868e-02
7                                      4.1536662570565417e+00         3.3501581200653862e+04         2.9849337379349805e+02         4.6579560089495589e-04         4.5772608694016788e-03        -1.8759175186457994e-02         0.0000000000000000e+00         4.2927502145539670e-02
                                                         8                           9                          10

0                                      0.0000000000000000e+00        -1.7758133639907312e-03         0.0000000000000000e+00
1                                      0.0000000000000000e+00        -3.5523597609740637e-01         0.0000000000000000e+00
2                                      0.0000000000000000e+00        -1.9956877345488254e-02         0.0000000000000000e+00
3                                      0.0000000000000000e+00        -1.2604266562011191e-03         0.0000000000000000e+00
4                                      0.0000000000000000e+00         3.3253332840133105e-02         0.0000000000000000e+00
5                                      0.0000000000000000e+00         6.5275521452986471e-02         0.0000000000000000e+00
6                                      0.0000000000000000e+00        -3.2534596265754515e-02         0.0000000000000000e+00
7                                      0.0000000000000000e+00        -4.8811717602130579e-02         0.0000000000000000e+00
   &States [&Type "ArrayOfIntegers", &Dim (8,4)] "The initial and Final states. Col1: Initial State  Col2: Initial Irrep Col3: Final State Col4: Final Irrep"
                                                         0                           1                           2                           3

0                                                        0                           0                           1                           0
1                                                        0                           0                           2                           0
2                                                        0                           0                           3                           0
3                                                        0                           0                           4                           0
4                                                        0                           0                           5                           0
5                                                        0                           0                           6                           0
6                                                        0                           0                           7                           0
7                                                        0                           0                           8                           0
   &Multiplicities [&Type "ArrayOfDoubles", &Dim (8,2)] "Col1: Multiplicity of the initial state  Col2: Multiplicity of the final state"
                                                         0                           1

0                                      1.0000000000000000e+00         1.0000000000000000e+00
1                                      1.0000000000000000e+00         1.0000000000000000e+00
2                                      1.0000000000000000e+00         1.0000000000000000e+00
3                                      1.0000000000000000e+00         1.0000000000000000e+00
4                                      1.0000000000000000e+00         1.0000000000000000e+00
5                                      1.0000000000000000e+00         1.0000000000000000e+00
6                                      1.0000000000000000e+00         1.0000000000000000e+00
7                                      1.0000000000000000e+00         1.0000000000000000e+00
   &Temperature [&Type "Double"]       2.9814999999999998e+02
$End
$CIS_Absorption_Spectrum
   &GeometryIndex 1
   &Method [&Type "Integer"] 20
   &RelCorrection [&Type "Integer"] 1 "Type of relativistic treatment in QDPT. 0->Unknow, 1->None, 2->SOC, 3->SSC, 4->SOC/SSC"
   &DensType [&Type "Integer"] 3 "Type of density (electron/spin ...). 0->Unknow, 1->Electronic, 2->Spin, 3->Trans/Electronic, 4->Tran/Spin"
   &DeriType [&Type "Integer"] 0 "Type of derivative (w.r.t. to what perturbation). 0->Unknown, 1->No Derivative, 2->Electric/Dipole, 3->Electric/Quad, 4->Magnetic/Dipole, 5->Magnetic/Quad"
   &DensLevel [&Type "Integer"] 0 "// Source of density: relaxed, unrelaxed, ... 0->Unknown, 1->Linearized, 2->Unrelaxed, 3->Relaxed"
   &Density_name [&Type "String"] "Tdens-CIS"
   &Representation [&Type "String"] "Velocity" "Possible values: Unknown,  Length, Velocity"
   &PointGroup [&Type "String"] "C1"
   &DoHigherMoments [&Type "Boolean"] false
   &NTrans [&Type "Integer"] 8
   &ExcitationEnergies [&Type "ArrayOfDoubles", &Dim (8,11)] 
                                                         0                           1                           2                           3                           4                           5                           6                           7

0                                      2.1994538456431796e+00         1.7739793485267091e+04         5.6370442013910724e+02         1.0980779025746662e-04         1.3313389639905148e-05         1.8447600425313061e-03         0.0000000000000000e+00        -9.1520301898984752e-04
1                                      2.7318249522560172e+00         2.2033656485639858e+04         4.5385113480903021e+02         1.6751843214273606e-03         2.5226448036283933e-04        -8.8519470610930930e-03         0.0000000000000000e+00         2.1244584280026976e-03
2                                      3.5624724956976288e+00         2.8733281444302975e+04         3.4802847072598200e+02         1.5366022977920669e-04         3.0175441701596924e-05         4.3232626289866800e-03         0.0000000000000000e+00         3.3870977694797095e-03
3                                      3.7030779693866425e+00         2.9867341188762788e+04         3.3481386698600323e+02         1.5651677750555423e-04         3.1949523960267048e-05        -1.6042608621555210e-03         0.0000000000000000e+00         2.7753881335932204e-03
4                                      3.8370768202486398e+00         3.0948114920961660e+04         3.2312145749552059e+02         4.9091962469839113e-05         1.0383685486578523e-05         1.1625324430058260e-03         0.0000000000000000e+00         1.8309356365899662e-03
5                                      3.8749173536959263e+00         3.1253319438008890e+04         3.1996601256500281e+02         2.0558635309722807e-03         4.3913430397267520e-04         5.4975204339976049e-03         0.0000000000000000e+00         2.0127082629938082e-02
6                                      4.1469702676753606e+00         3.3447574398448400e+04         2.9897534215407529e+02         2.0114276591858598e-04         4.5980742189444936e-05         9.8387067134802228e-04         0.0000000000000000e+00        -6.3027562178918093e-03
7                                      4.1536662570565417e+00         3.3501581200653862e+04         2.9849337379349805e+02         1.6614636069003645e-04         3.8041976145778199e-05         1.4227101110831457e-04         0.0000000000000000e+00         1.9980907704092131e-03
                                                         8                           9                          10

0                                      0.0000000000000000e+00        -3.0120845704290759e-03         0.0000000000000000e+00
1                                      0.0000000000000000e+00        -1.3015152322509830e-02         0.0000000000000000e+00
2                                      0.0000000000000000e+00         1.1140306274820019e-04         0.0000000000000000e+00
3                                      0.0000000000000000e+00         4.6554367952248059e-03         0.0000000000000000e+00
4                                      0.0000000000000000e+00         2.3832495673349703e-03         0.0000000000000000e+00
5                                      0.0000000000000000e+00        -1.9524645600109399e-03         0.0000000000000000e+00
6                                      0.0000000000000000e+00         2.2995662089473025e-03         0.0000000000000000e+00
7                                      0.0000000000000000e+00        -5.8334696689347695e-03         0.0000000000000000e+00
   &States [&Type "ArrayOfIntegers", &Dim (8,4)] "The initial and Final states. Col1: Initial State  Col2: Initial Irrep Col3: Final State Col4: Final Irrep"
                                                         0                           1                           2                           3

0                                                        0                           0                           1                           0
1                                                        0                           0                           2                           0
2                                                        0                           0                           3                           0
3                                                        0                           0                           4                           0
4                                                        0                           0                           5                           0
5                                                        0                           0                           6                           0
6                                                        0                           0                           7                           0
7                                                        0                           0                           8                           0
   &Multiplicities [&Type "ArrayOfDoubles", &Dim (8,2)] "Col1: Multiplicity of the initial state  Col2: Multiplicity of the final state"
                                                         0                           1

0                                      1.0000000000000000e+00         1.0000000000000000e+00
1                                      1.0000000000000000e+00         1.0000000000000000e+00
2                                      1.0000000000000000e+00         1.0000000000000000e+00
3                                      1.0000000000000000e+00         1.0000000000000000e+00
4                                      1.0000000000000000e+00         1.0000000000000000e+00
5                                      1.0000000000000000e+00         1.0000000000000000e+00
6                                      1.0000000000000000e+00         1.0000000000000000e+00
7                                      1.0000000000000000e+00         1.0000000000000000e+00
   &Temperature [&Type "Double"]       2.9814999999999998e+02
$End
$CIS_ECD_Spectrum
   &GeometryIndex 1
   &Method [&Type "Integer"] 20
   &RelCorrection [&Type "Integer"] 1 "Type of relativistic treatment in QDPT. 0->Unknow, 1->None, 2->SOC, 3->SSC, 4->SOC/SSC"
   &DensType [&Type "Integer"] 3 "Type of density (electron/spin ...). 0->Unknow, 1->Electronic, 2->Spin, 3->Trans/Electronic, 4->Tran/Spin"
   &DeriType [&Type "Integer"] 0 "Type of derivative (w.r.t. to what perturbation). 0->Unknown, 1->No Derivative, 2->Electric/Dipole, 3->Electric/Quad, 4->Magnetic/Dipole, 5->Magnetic/Quad"
   &DensLevel [&Type "Integer"] 0 "// Source of density: relaxed, unrelaxed, ... 0->Unknown, 1->Linearized, 2->Unrelaxed, 3->Relaxed"
   &Density_name [&Type "String"] "Tdens-CIS"
   &Representation [&Type "String"] "Length" "Possible values: Unknown,  Length, Velocity"
   &PointGroup [&Type "String"] "C1"
   &DoHigherMoments [&Type "Boolean"] false
   &NTrans [&Type "Integer"] 8
   &ExcitationEnergies [&Type "ArrayOfDoubles", &Dim (8,10)] 
                                                         0                           1                           2                           3                           4                           5                           6                           7

0                                      2.1994538456431796e+00         1.7739793485267091e+04         5.6370442013910724e+02         8.8338195848767495e-02        -1.3013780514038586e-03         0.0000000000000000e+00         2.1237435541369823e-02         0.0000000000000000e+00
1                                      2.7318249522560172e+00         2.2033656485639858e+04         4.5385113480903021e+02         2.5012302567002087e+00         9.4266635000467697e-02         0.0000000000000000e+00        -2.6781434416599723e-02         0.0000000000000000e+00
2                                      3.5624724956976288e+00         2.8733281444302975e+04         3.4802847072598200e+02        -3.6413837309095359e-01         8.2562507424959658e-02         0.0000000000000000e+00        -3.6380529939903213e-02         0.0000000000000000e+00
3                                      3.7030779693866425e+00         2.9867341188762788e+04         3.3481386698600323e+02        -2.0694312991256947e-01         3.2380409261263156e-02         0.0000000000000000e+00        -3.6904946307992403e-02         0.0000000000000000e+00
4                                      3.8370768202486398e+00         3.0948114920961660e+04         3.2312145749552059e+02        -3.4057882488242384e+00         1.2169377339376994e-02         0.0000000000000000e+00        -1.7704880364125275e-01         0.0000000000000000e+00
5                                      3.8749173536959263e+00         3.1253319438008890e+04         3.1996601256500281e+02        -1.4366185176500221e+00         4.9820298980285484e-02         0.0000000000000000e+00        -3.8483596871715813e-02         0.0000000000000000e+00
6                                      4.1469702676753606e+00         3.3447574398448400e+04         2.9897534215407529e+02         9.4069243664551183e-01         2.7017674761340055e-02         0.0000000000000000e+00        -3.1297953926829915e-02         0.0000000000000000e+00
7                                      4.1536662570565417e+00         3.3501581200653862e+04         2.9849337379349805e+02         1.2591672986674580e+00        -7.6637995503353373e-02         0.0000000000000000e+00        -1.2926205562557477e-01         0.0000000000000000e+00
                                                         8                           9

0                                     -7.5330855771358939e-03         0.0000000000000000e+00
1                                     -1.4458521526271184e-01         0.0000000000000000e+00
2                                     -1.5984626148409042e-01         0.0000000000000000e+00
3                                      8.1794020483884754e-05         0.0000000000000000e+00
4                                      8.2670061478579027e-02         0.0000000000000000e+00
5                                     -9.5092537250327069e-02         0.0000000000000000e+00
6                                     -2.2525415973008747e-02         0.0000000000000000e+00
7                                     -2.9509214857170857e-02         0.0000000000000000e+00
   &States [&Type "ArrayOfIntegers", &Dim (8,4)] "The initial and Final states. Col1: Initial State  Col2: Initial Irrep Col3: Final State Col4: Final Irrep"
                                                         0                           1                           2                           3

0                                                        0                           0                           1                           0
1                                                        0                           0                           2                           0
2                                                        0                           0                           3                           0
3                                                        0                           0                           4                           0
4                                                        0                           0                           5                           0
5                                                        0                           0                           6                           0
6                                                        0                           0                           7                           0
7                                                        0                           0                           8                           0
   &Multiplicities [&Type "ArrayOfDoubles", &Dim (8,2)] "Col1: Multiplicity of the initial state  Col2: Multiplicity of the final state"
                                                         0                           1

0                                      1.0000000000000000e+00         1.0000000000000000e+00
1                                      1.0000000000000000e+00         1.0000000000000000e+00
2                                      1.0000000000000000e+00         1.0000000000000000e+00
3                                      1.0000000000000000e+00         1.0000000000000000e+00
4                                      1.0000000000000000e+00         1.0000000000000000e+00
5                                      1.0000000000000000e+00         1.0000000000000000e+00
6                                      1.0000000000000000e+00         1.0000000000000000e+00
7                                      1.0000000000000000e+00         1.0000000000000000e+00
   &Temperature [&Type "Double"]       2.9814999999999998e+02
$End
$CIS_ECD_Spectrum
   &GeometryIndex 1
   &Method [&Type "Integer"] 20
   &RelCorrection [&Type "Integer"] 1 "Type of relativistic treatment in QDPT. 0->Unknow, 1->None, 2->SOC, 3->SSC, 4->SOC/SSC"
   &DensType [&Type "Integer"] 3 "Type of density (electron/spin ...). 0->Unknow, 1->Electronic, 2->Spin, 3->Trans/Electronic, 4->Tran/Spin"
   &DeriType [&Type "Integer"] 0 "Type of derivative (w.r.t. to what perturbation). 0->Unknown, 1->No Derivative, 2->Electric/Dipole, 3->Electric/Quad, 4->Magnetic/Dipole, 5->Magnetic/Quad"
   &DensLevel [&Type "Integer"] 0 "// Source of density: relaxed, unrelaxed, ... 0->Unknown, 1->Linearized, 2->Unrelaxed, 3->Relaxed"
   &Density_name [&Type "String"] "Tdens-CIS"
   &Representation [&Type "String"] "Velocity" "Possible values: Unknown,  Length, Velocity"
   &PointGroup [&Type "String"] "C1"
   &DoHigherMoments [&Type "Boolean"] false
   &NTrans [&Type "Integer"] 8
   &ExcitationEnergies [&Type "ArrayOfDoubles", &Dim (8,10)] 
                                                         0                           1                           2                           3                           4                           5                           6                           7

0                                      2.1994538456431796e+00         1.7739793485267091e+04         5.6370442013910724e+02         4.9752933683479376e-03        -1.3013780514038586e-03         0.0000000000000000e+00         2.1237435541369823e-02         0.0000000000000000e+00
1                                      2.7318249522560172e+00         2.2033656485639858e+04         4.5385113480903021e+02         4.6512596054473674e+00         9.4266635000467697e-02         0.0000000000000000e+00        -2.6781434416599723e-02         0.0000000000000000e+00
2                                      3.5624724956976288e+00         2.8733281444302975e+04         3.4802847072598200e+02         7.7750516407993986e-01         8.2562507424959658e-02         0.0000000000000000e+00        -3.6380529939903213e-02         0.0000000000000000e+00
3                                      3.7030779693866425e+00         2.9867341188762788e+04         3.3481386698600323e+02        -5.3348275937249356e-01         3.2380409261263156e-02         0.0000000000000000e+00        -3.6904946307992403e-02         0.0000000000000000e+00
4                                      3.8370768202486398e+00         3.0948114920961660e+04         3.2312145749552059e+02        -3.7778332123414299e-01         1.2169377339376994e-02         0.0000000000000000e+00        -1.7704880364125275e-01         0.0000000000000000e+00
5                                      3.8749173536959263e+00         3.1253319438008890e+04         3.1996601256500281e+02        -1.0429132375253916e+00         4.9820298980285484e-02         0.0000000000000000e+00        -3.8483596871715813e-02         0.0000000000000000e+00
6                                      4.1469702676753606e+00         3.3447574398448400e+04         2.9897534215407529e+02         5.3223319029699478e-01         2.7017674761340055e-02         0.0000000000000000e+00        -3.1297953926829915e-02         0.0000000000000000e+00
7                                      4.1536662570565417e+00         3.3501581200653862e+04         2.9849337379349805e+02        -2.9971198226734813e-01        -7.6637995503353373e-02         0.0000000000000000e+00        -1.2926205562557477e-01         0.0000000000000000e+00
                                                         8                           9

0                                     -7.5330855771358939e-03         0.0000000000000000e+00
1                                     -1.4458521526271184e-01         0.0000000000000000e+00
2                                     -1.5984626148409042e-01         0.0000000000000000e+00
3                                      8.1794020483884754e-05         0.0000000000000000e+00
4                                      8.2670061478579027e-02         0.0000000000000000e+00
5                                     -9.5092537250327069e-02         0.0000000000000000e+00
6                                     -2.2525415973008747e-02         0.0000000000000000e+00
7                                     -2.9509214857170857e-02         0.0000000000000000e+00
   &States [&Type "ArrayOfIntegers", &Dim (8,4)] "The initial and Final states. Col1: Initial State  Col2: Initial Irrep Col3: Final State Col4: Final Irrep"
                                                         0                           1                           2                           3

0                                                        0                           0                           1                           0
1                                                        0                           0                           2                           0
2                                                        0                           0                           3                           0
3                                                        0                           0                           4                           0
4                                                        0                           0                           5                           0
5                                                        0                           0                           6                           0
6                                                        0                           0                           7                           0
7                                                        0                           0                           8                           0
   &Multiplicities [&Type "ArrayOfDoubles", &Dim (8,2)] "Col1: Multiplicity of the initial state  Col2: Multiplicity of the final state"
                                                         0                           1

0                                      1.0000000000000000e+00         1.0000000000000000e+00
1                                      1.0000000000000000e+00         1.0000000000000000e+00
2                                      1.0000000000000000e+00         1.0000000000000000e+00
3                                      1.0000000000000000e+00         1.0000000000000000e+00
4                                      1.0000000000000000e+00         1.0000000000000000e+00
5                                      1.0000000000000000e+00         1.0000000000000000e+00
6                                      1.0000000000000000e+00         1.0000000000000000e+00
7                                      1.0000000000000000e+00         1.0000000000000000e+00
   &Temperature [&Type "Double"]       2.9814999999999998e+02
$End
$CIS_Energies
   &GeometryIndex 1
   &e0 [&Type "Double"]      -7.5074928842411839e+02  "Ground state energy"
   &multP1 [&Type "Boolean"] false "Do the higher multiplicity too?"
   &mode [&Type "String"] "TDA" "CIS mode: CIS, RPA, TDA, TD-DFT, sTDA, sTD-DFT"
   &dCorr [&Type "Integer"] 0 "(D) Correction algorithm"
   &Method [&Type "String"] "TDA/CIS"
   &totalEnergy [&Type "ArrayOfDoubles", &Dim (8,1)] "Total energy of each state"
                                                         0

0                                     -7.5066845997768064e+02
1                                     -7.5064889569832053e+02
2                                     -7.5061836996093962e+02
3                                     -7.5061320280454686e+02
4                                     -7.5060827843709035e+02
5                                     -7.5060688782298996e+02
6                                     -7.5059689006175972e+02
7                                     -7.5059664398866289e+02
   &Mult [&Type "ArrayOfIntegers", &Dim (8,1)] "Multiplicity of each state"
                                                         0

0                                                        1
1                                                        1
2                                                        1
3                                                        1
4                                                        1
5                                                        1
6                                                        1
7                                                        1
   &RelCorr [&Type "String"] "None" "Relativistic correction (SOC and/or SSC)"
   &NBlocks [&Type "Integer"] 1 "Number of multiplicity blocks"
   &NRoots [&Type "ArrayOfIntegers", &Dim (1,1)] "Number of roots in each block"
                                                         0

0                                                        8
   &NTotalRoots [&Type "Integer"] 8 "Total number of roots"
   &Block [&Type "ArrayOfIntegers", &Dim (8,1)] "Block index of each state"
                                                         0

0                                                        0
1                                                        0
2                                                        0
3                                                        0
4                                                        0
5                                                        0
6                                                        0
7                                                        0
   &Root [&Type "ArrayOfIntegers", &Dim (8,1)] "Root index within the block"
                                                         0

0                                                        0
1                                                        1
2                                                        2
3                                                        3
4                                                        4
5                                                        5
6                                                        6
7                                                        7
$End
$Single_Point_Data
   &GeometryIndex 1
   &FinalEnergy [&Type "Double"]      -7.5066845997768064e+02  "Final single point energy"
   &Converged [&Type "Boolean"] true
$End
$Calculation_Info
   &GeometryIndex 1
   &Mult [&Type "Integer"] 1
   &Charge [&Type "Integer"] 0
   &NumOfAtoms [&Type "Integer"] 30
   &NumOfElectrons [&Type "Integer"] 118
   &NumOfBasisFuncts [&Type "Integer"] 252
   &NumOfAuxCBasisFuncts [&Type "Integer"] 0
   &NumOfAuxJBasisFuncts [&Type "Integer"] 938
   &NumOfAuxJKBasisFuncts [&Type "Integer"] 0
   &NumOfCABSBasisFuncts [&Type "Integer"] 0
$End
$SCF_Dipole_Moment
   &GeometryIndex 1
   &dipoleMagnitude [&Type "Double", &Units "a.u."]       7.5386883885867908e+00
   &dipoleElecContrib [&Type "ArrayOfDoubles", &Dim (3,1)] "Electronic contribution"
                                                         0

0                                      7.4647848463079827e+00
1                                      2.5128930188350402e+01
2                                     -2.1055328950585435e+00
   &dipoleNucContrib [&Type "ArrayOfDoubles", &Dim (3,1)] "Nuclear contribution"
                                                         0

0                                     -7.4375882078666944e+00
1                                     -1.7886774288131505e+01
2                                      1.2147865973969996e-02
   &dipoleTotal [&Type "ArrayOfDoubles", &Dim (3,1)] "Total"
                                                         0

0                                      2.7196638441288279e-02
1                                      7.2421559002188971e+00
2                                     -2.0933850290845735e+00
   &doAtomicDipole [&Type "Boolean"] false
   &Method [&Type "String"] "SCF"
   &Level [&Type "String"] "Relaxed density"
   &Mult [&Type "Integer"] 1
   &State [&Type "Integer"] -1
   &Irrep [&Type "Integer"] 0
$End
$Calculation_Timings
   &GeometryIndex 1
   &GTOINT [&Type "Double"]       4.1924580000000002e+00
   &SCF [&Type "Double"]       1.9717722999999999e+01
   &CIS [&Type "Double"]       3.2724127000000003e+01
   &PROPINT [&Type "Double"]       3.1499989999999976e+00
   &PROP [&Type "Double"]       3.1367809999999992e+00
   &SUM [&Type "Double"]       6.2921087999999997e+01
$End
