*************************************************
******************* ORCA 6.1.1 ******************
*************************************************
$Calculation_Status
   &GeometryIndex 1
   &version [&Type "String"] "6.1.1"
   &progName [&Type "String"] "ProgCIS"
   &Status [&Type "String"] "NORMAL TERMINATION"
$End
$Geometry
   &GeometryIndex 1
   &NAtoms [&Type "Integer"] 41
   &NCorelessECP [&Type "Integer"] 0
   &NGhostAtoms [&Type "Integer"] 0
   &CartesianCoordinates [&Type "Coordinates", &Dim(41,4), &Units "Bohr"] 
              O     -5.315865833146  -10.469696572463   -0.929350339383
              N     -3.886398164826   -9.280551986746   -2.327914124149
              C     -2.905781544812   -7.005201927991   -1.296468387000
              C     -1.257034860866   -5.625130709053   -2.839361901103
              C     -0.172464435769   -3.392470176334   -1.999207252909
              C     -0.723395436374   -2.453283989056    0.447626553258
              C     -2.453465588540   -3.840073022052    1.968472064466
              C     -3.503137037023   -6.070357703735    1.117018406278
              N      0.382296779375   -0.233428612891    1.331965464125
              C      1.913456597959    1.358195922945   -0.320894391352
              C      4.671976438711    0.456019670667   -0.465480759368
              O      6.236095886113    2.209773730148   -1.877390996631
              S      5.954624208632    2.144091447656   -4.981794889637
              O      4.244055285339    4.156013007630   -5.774454375140
              O      5.486189445873   -0.469571742614   -5.762821719646
              C      9.147826120629    3.031005362424   -5.708723363992
              C      0.449785532676    0.409299678039    4.009882937597
              C     -1.258572859208    2.614265271226    4.778190468603
              O     -3.897962300295    2.058008736854    4.357029057889
              S     -5.296822774114    3.257937614189    1.824376356956
              O     -6.168384000421    1.175510660374    0.254108021192
              O     -3.682029650001    5.251198738163    0.788862990917
              C     -7.976629314828    4.648939856163    3.380742057339
              H     -0.823798583285   -6.357411922069   -4.707925101598
              H      1.120155386086   -2.409308372699   -3.246019253754
              H     -3.050278661696   -3.097997679174    3.780095340638
              H     -4.832783234126   -7.126594558498    2.267522526381
              H      1.061532150482    1.431111518906   -2.200448953524
              H      1.875890834453    3.298788443274    0.392648121752
              H      4.821467359856   -1.426312180534   -1.300487556439
              H      5.542420462466    0.422596338059    1.407929451960
              H     10.420561628638    1.559723025362   -5.027072116235
              H      9.263980231650    3.208296659328   -7.762160646821
              H      9.544965643104    4.842276710100   -4.805927683532
              H     -0.004902789179   -1.259180577371    5.133015788558
              H      2.387987826631    0.951568606017    4.538031899195
              H     -0.760035374932    4.347461966527    3.771153089468
              H     -1.077805853300    2.949626589762    6.812921351066
              H     -8.966847747250    3.168830362425    4.421021331598
              H     -7.318342276160    6.138066589903    4.645959317099
              H     -9.192529422935    5.427965208242    1.905331178081
$End
$SCF_Mulliken_Population_Analysis
   &GeometryIndex 1
   &NAtoms [&Type "Integer"] 41
   &ATNO [&Type "ArrayOfIntegers", &Dim (41,1)] 
                                                         0

0                                                        8
1                                                        7
2                                                        6
3                                                        6
4                                                        6
5                                                        6
6                                                        6
7                                                        6
8                                                        7
9                                                        6
10                                                       6
11                                                       8
12                                                      16
13                                                       8
14                                                       8
15                                                       6
16                                                       6
17                                                       6
18                                                       8
19                                                      16
20                                                       8
21                                                       8
22                                                       6
23                                                       1
24                                                       1
25                                                       1
26                                                       1
27                                                       1
28                                                       1
29                                                       1
30                                                       1
31                                                       1
32                                                       1
33                                                       1
34                                                       1
35                                                       1
36                                                       1
37                                                       1
38                                                       1
39                                                       1
40                                                       1
   &AtomicCharges [&Type "ArrayOfDoubles", &Dim (41,1)] 
                                                         0

0                                     -3.3531132047080270e-01
1                                     -3.7181054728306684e-02
2                                      1.5762871676819579e-01
3                                     -1.4335790902895695e-01
4                                     -2.2107697528697479e-01
5                                      3.3821954488730555e-01
6                                     -2.0087046668026876e-01
7                                     -1.4401072545925331e-01
8                                     -4.5161336327841362e-01
9                                     -2.0321559894057728e-01
10                                    -6.9838275536294958e-02
11                                    -5.6103420690248562e-01
12                                     1.2445991801248919e+00
13                                    -5.1928447306032766e-01
14                                    -5.4234314428543051e-01
15                                    -6.5306270475651296e-01
16                                    -1.7608969659281382e-01
17                                    -7.1643547360613624e-02
18                                    -5.6370354842607640e-01
19                                     1.2535312014113504e+00
20                                    -5.0832565020896681e-01
21                                    -5.4703823149165842e-01
22                                    -6.4896987137588091e-01
23                                     1.6938023932934598e-01
24                                     1.6993373233097286e-01
25                                     1.6484558283645379e-01
26                                     1.6961224337178082e-01
27                                     2.0906304987234148e-01
28                                     1.8938405102141065e-01
29                                     1.9799229088434778e-01
30                                     1.8522813987100961e-01
31                                     2.3319751379891396e-01
32                                     2.3770039095079398e-01
33                                     2.3669348746877672e-01
34                                     1.8938610423114355e-01
35                                     1.7305901412405356e-01
36                                     1.9887907502967939e-01
37                                     1.8145502005695202e-01
38                                     2.3511297555403399e-01
39                                     2.2734671076935764e-01
40                                     2.3572249917749732e-01
   &Method [&Type "String"] "SCF"
   &Level [&Type "String"] "Relaxed density"
   &Mult [&Type "Integer"] 1
   &State [&Type "Integer"] -1
   &Irrep [&Type "Integer"] 0
$End
$SCF_Loewdin_Population_Analysis
   &GeometryIndex 1
   &NAtoms [&Type "Integer"] 41
   &ATNO [&Type "ArrayOfIntegers", &Dim (41,1)] 
                                                         0

0                                                        8
1                                                        7
2                                                        6
3                                                        6
4                                                        6
5                                                        6
6                                                        6
7                                                        6
8                                                        7
9                                                        6
10                                                       6
11                                                       8
12                                                      16
13                                                       8
14                                                       8
15                                                       6
16                                                       6
17                                                       6
18                                                       8
19                                                      16
20                                                       8
21                                                       8
22                                                       6
23                                                       1
24                                                       1
25                                                       1
26                                                       1
27                                                       1
28                                                       1
29                                                       1
30                                                       1
31                                                       1
32                                                       1
33                                                       1
34                                                       1
35                                                       1
36                                                       1
37                                                       1
38                                                       1
39                                                       1
40                                                       1
   &AtomicCharges [&Type "ArrayOfDoubles", &Dim (41,1)] 
                                                         0

0                                     -2.1181070730708917e-01
1                                      2.8225504769470611e-02
2                                     -9.1469764662882369e-02
3                                     -8.4237965113778124e-02
4                                     -1.8761197784312778e-01
5                                      7.4018151868916249e-02
6                                     -1.6869883596562474e-01
7                                     -9.2600787304034426e-02
8                                     -8.2238423132267258e-02
9                                     -1.7994511069779584e-01
10                                    -1.1288978788070381e-01
11                                    -3.8607116373522921e-01
12                                     1.2864467472436516e+00
13                                    -5.6526823688283478e-01
14                                    -5.7679233348276071e-01
15                                    -4.9843332933371798e-01
16                                    -1.7100338525644432e-01
17                                    -1.1264264273046809e-01
18                                    -3.8984172054995092e-01
19                                     1.2898287661761394e+00
20                                    -5.5444357239750630e-01
21                                    -5.7530938429988687e-01
22                                    -4.9975719569234833e-01
23                                     1.5386359725038234e-01
24                                     1.4952369128313481e-01
25                                     1.4592832321933535e-01
26                                     1.5321264736659868e-01
27                                     1.5329925869199890e-01
28                                     1.4680349411370552e-01
29                                     1.4477212018218499e-01
30                                     1.4477928031608367e-01
31                                     1.8088429992168220e-01
32                                     1.8354549988516733e-01
33                                     1.8317869177205381e-01
34                                     1.4920412502495251e-01
35                                     1.4038687071875100e-01
36                                     1.4674743395213352e-01
37                                     1.4468168956337679e-01
38                                     1.8198201027865513e-01
39                                     1.7754484482152832e-01
40                                     1.8220927584849578e-01
   &Method [&Type "String"] "SCF"
   &Level [&Type "String"] "Relaxed density"
   &Mult [&Type "Integer"] 1
   &State [&Type "Integer"] -1
   &Irrep [&Type "Integer"] 0
$End
$SCF_Mayer_Population_Analysis
   &GeometryIndex 1
   &NAtoms [&Type "Integer"] 41 "Total number of atoms"
   &NBondOrdersPrint [&Type "Integer"] 41 "The number of bond orders larger than threshold"
   &bondThresh [&Type "Double"]       1.0000000000000001e-01  "The threshold for printing"
   &components [&Type "ArrayOfIntegers", &Dim (41,4)] "The indices and atomic numbers of the bonding atoms"
                                                         0                           1                           2                           3

0                                                        0                           8                           1                           7
1                                                        1                           7                           2                           6
2                                                        2                           6                           3                           6
3                                                        2                           6                           7                           6
4                                                        3                           6                           4                           6
5                                                        3                           6                          23                           1
6                                                        4                           6                           5                           6
7                                                        4                           6                          24                           1
8                                                        5                           6                           6                           6
9                                                        5                           6                           8                           7
10                                                       6                           6                           7                           6
11                                                       6                           6                          25                           1
12                                                       7                           6                          26                           1
13                                                       8                           7                           9                           6
14                                                       8                           7                          16                           6
15                                                       9                           6                          10                           6
16                                                       9                           6                          27                           1
17                                                       9                           6                          28                           1
18                                                      10                           6                          11                           8
19                                                      10                           6                          29                           1
20                                                      10                           6                          30                           1
21                                                      11                           8                          12                          16
22                                                      12                          16                          13                           8
23                                                      12                          16                          14                           8
24                                                      12                          16                          15                           6
25                                                      15                           6                          31                           1
26                                                      15                           6                          32                           1
27                                                      15                           6                          33                           1
28                                                      16                           6                          17                           6
29                                                      16                           6                          34                           1
30                                                      16                           6                          35                           1
31                                                      17                           6                          18                           8
32                                                      17                           6                          36                           1
33                                                      17                           6                          37                           1
34                                                      18                           8                          19                          16
35                                                      19                          16                          20                           8
36                                                      19                          16                          21                           8
37                                                      19                          16                          22                           6
38                                                      22                           6                          38                           1
39                                                      22                           6                          39                           1
40                                                      22                           6                          40                           1
   &BondOrders [&Type "ArrayOfDoubles", &Dim (41,1)] "The bond orders"
                                                         0

0                                      1.6871718280025778e+00
1                                      1.0679197285159032e+00
2                                      1.3538375579218049e+00
3                                      1.3192150088844956e+00
4                                      1.4848477951775227e+00
5                                      9.1538672911384622e-01
6                                      1.3487786833972075e+00
7                                      9.0281200325653699e-01
8                                      1.3147549243080014e+00
9                                      1.0458632832155912e+00
10                                     1.5163900034067499e+00
11                                     9.1116157710290779e-01
12                                     9.0753435927905857e-01
13                                     9.4914344570268439e-01
14                                     9.6507526794968190e-01
15                                     9.6257827626572678e-01
16                                     9.1468160138265975e-01
17                                     9.2578700867688979e-01
18                                     8.4380879790037411e-01
19                                     9.1382684716749241e-01
20                                     9.3114868928055272e-01
21                                     8.7120483677779037e-01
22                                     1.7396309185871606e+00
23                                     1.6708165795689616e+00
24                                     8.9204361401645027e-01
25                                     9.1130502961566195e-01
26                                     9.1407984220500671e-01
27                                     9.1018956903700066e-01
28                                     9.7765913625609158e-01
29                                     9.2287392561169945e-01
30                                     9.2213003353269651e-01
31                                     8.6744639966757620e-01
32                                     9.0817901330903417e-01
33                                     9.2836259532182808e-01
34                                     8.4632366171657802e-01
35                                     1.7507629692058715e+00
36                                     1.6668522042279528e+00
37                                     8.9474084494303119e-01
38                                     9.1081542277139027e-01
39                                     9.1310715675984278e-01
40                                     9.1415828731925408e-01
   &ATNO [&Type "ArrayOfIntegers", &Dim (41,1)] "Atomic number of the elements"
                                                         0

0                                                        8
1                                                        7
2                                                        6
3                                                        6
4                                                        6
5                                                        6
6                                                        6
7                                                        6
8                                                        7
9                                                        6
10                                                       6
11                                                       8
12                                                      16
13                                                       8
14                                                       8
15                                                       6
16                                                       6
17                                                       6
18                                                       8
19                                                      16
20                                                       8
21                                                       8
22                                                       6
23                                                       1
24                                                       1
25                                                       1
26                                                       1
27                                                       1
28                                                       1
29                                                       1
30                                                       1
31                                                       1
32                                                       1
33                                                       1
34                                                       1
35                                                       1
36                                                       1
37                                                       1
38                                                       1
39                                                       1
40                                                       1
   &NA [&Type "ArrayOfDoubles", &Dim (41,1)] "Mulliken gross atomic population"
                                                         0

0                                      8.3353113204708063e+00
1                                      7.0371810547283014e+00
2                                      5.8423712832318078e+00
3                                      6.1433579090289596e+00
4                                      6.2210769752869721e+00
5                                      5.6617804551126945e+00
6                                      6.2008704666802643e+00
7                                      6.1440107254592551e+00
8                                      7.4516133632784154e+00
9                                      6.2032155989405791e+00
10                                     6.0698382755362923e+00
11                                     8.5610342069024874e+00
12                                     1.4755400819875112e+01
13                                     8.5192844730603259e+00
14                                     8.5423431442854305e+00
15                                     6.6530627047565165e+00
16                                     6.1760896965928147e+00
17                                     6.0716435473606145e+00
18                                     8.5637035484260799e+00
19                                     1.4746468798588648e+01
20                                     8.5083256502089668e+00
21                                     8.5470382314916531e+00
22                                     6.6489698713758774e+00
23                                     8.3061976067065402e-01
24                                     8.3006626766902691e-01
25                                     8.3515441716354655e-01
26                                     8.3038775662821873e-01
27                                     7.9093695012765841e-01
28                                     8.1061594897858913e-01
29                                     8.0200770911565167e-01
30                                     8.1477186012899083e-01
31                                     7.6680248620108626e-01
32                                     7.6229960904920591e-01
33                                     7.6330651253122328e-01
34                                     8.1061389576885623e-01
35                                     8.2694098587594644e-01
36                                     8.0112092497032084e-01
37                                     8.1854497994304798e-01
38                                     7.6488702444596601e-01
39                                     7.7265328923064236e-01
40                                     7.6427750082250245e-01
   &ZA [&Type "ArrayOfDoubles", &Dim (41,1)] "Total nuclear charge"
                                                         0

0                                      8.0000000000000000e+00
1                                      7.0000000000000000e+00
2                                      6.0000000000000000e+00
3                                      6.0000000000000000e+00
4                                      6.0000000000000000e+00
5                                      6.0000000000000000e+00
6                                      6.0000000000000000e+00
7                                      6.0000000000000000e+00
8                                      7.0000000000000000e+00
9                                      6.0000000000000000e+00
10                                     6.0000000000000000e+00
11                                     8.0000000000000000e+00
12                                     1.6000000000000000e+01
13                                     8.0000000000000000e+00
14                                     8.0000000000000000e+00
15                                     6.0000000000000000e+00
16                                     6.0000000000000000e+00
17                                     6.0000000000000000e+00
18                                     8.0000000000000000e+00
19                                     1.6000000000000000e+01
20                                     8.0000000000000000e+00
21                                     8.0000000000000000e+00
22                                     6.0000000000000000e+00
23                                     1.0000000000000000e+00
24                                     1.0000000000000000e+00
25                                     1.0000000000000000e+00
26                                     1.0000000000000000e+00
27                                     1.0000000000000000e+00
28                                     1.0000000000000000e+00
29                                     1.0000000000000000e+00
30                                     1.0000000000000000e+00
31                                     1.0000000000000000e+00
32                                     1.0000000000000000e+00
33                                     1.0000000000000000e+00
34                                     1.0000000000000000e+00
35                                     1.0000000000000000e+00
36                                     1.0000000000000000e+00
37                                     1.0000000000000000e+00
38                                     1.0000000000000000e+00
39                                     1.0000000000000000e+00
40                                     1.0000000000000000e+00
   &QA [&Type "ArrayOfDoubles", &Dim (41,1)] "Mulliken gross atomic charge"
                                                         0

0                                     -3.3531132047080625e-01
1                                     -3.7181054728301355e-02
2                                      1.5762871676819223e-01
3                                     -1.4335790902895962e-01
4                                     -2.2107697528697212e-01
5                                      3.3821954488730555e-01
6                                     -2.0087046668026431e-01
7                                     -1.4401072545925508e-01
8                                     -4.5161336327841539e-01
9                                     -2.0321559894057906e-01
10                                    -6.9838275536292294e-02
11                                    -5.6103420690248740e-01
12                                     1.2445991801248883e+00
13                                    -5.1928447306032588e-01
14                                    -5.4234314428543051e-01
15                                    -6.5306270475651651e-01
16                                    -1.7608969659281470e-01
17                                    -7.1643547360614512e-02
18                                    -5.6370354842607995e-01
19                                     1.2535312014113522e+00
20                                    -5.0832565020896681e-01
21                                    -5.4703823149165309e-01
22                                    -6.4896987137587736e-01
23                                     1.6938023932934598e-01
24                                     1.6993373233097309e-01
25                                     1.6484558283645345e-01
26                                     1.6961224337178127e-01
27                                     2.0906304987234159e-01
28                                     1.8938405102141087e-01
29                                     1.9799229088434833e-01
30                                     1.8522813987100917e-01
31                                     2.3319751379891374e-01
32                                     2.3770039095079409e-01
33                                     2.3669348746877672e-01
34                                     1.8938610423114377e-01
35                                     1.7305901412405356e-01
36                                     1.9887907502967916e-01
37                                     1.8145502005695202e-01
38                                     2.3511297555403399e-01
39                                     2.2734671076935764e-01
40                                     2.3572249917749755e-01
   &VA [&Type "ArrayOfDoubles", &Dim (41,1)] "Mayer's total valence"
                                                         0

0                                      1.9215145805663774e+00
1                                      2.8369464555745312e+00
2                                      3.9178038055023037e+00
3                                      3.9174134927375031e+00
4                                      3.8947818327597830e+00
5                                      3.8893599403533168e+00
6                                      3.9015652248050561e+00
7                                      3.8964548042837235e+00
8                                      3.0745226597214468e+00
9                                      3.8092047704188139e+00
10                                     3.7038197429185251e+00
11                                     1.8624202643030117e+00
12                                     5.2476500274264826e+00
13                                     1.9273139299129216e+00
14                                     1.9028257105372726e+00
15                                     3.7456278379107486e+00
16                                     3.8161889116698093e+00
17                                     3.7224849035588132e+00
18                                     1.8610218703320314e+00
19                                     5.2341432380566300e+00
20                                     1.9390144956876862e+00
21                                     1.8984175858171954e+00
22                                     3.7549747225581451e+00
23                                     9.3975486196150304e-01
24                                     9.4672665650788890e-01
25                                     9.4304044994474256e-01
26                                     9.5023496820704278e-01
27                                     9.2744843482129014e-01
28                                     9.2989405787933166e-01
29                                     9.3105348060987347e-01
30                                     9.3015311738134909e-01
31                                     9.1730752212833089e-01
32                                     9.1505381688647935e-01
33                                     9.1584715831918051e-01
34                                     9.3292560751895937e-01
35                                     9.2750067520108126e-01
36                                     9.3349237143655173e-01
37                                     9.2656038824591391e-01
38                                     9.1616209413339367e-01
39                                     9.1883306090062677e-01
40                                     9.1542328611378898e-01
   &BVA [&Type "ArrayOfDoubles", &Dim (41,1)] "Mayer's bonded valence"
                                                         0

0                                      1.9215145805664182e+00
1                                      2.8369464555745321e+00
2                                      3.9178038055022975e+00
3                                      3.9174134927374960e+00
4                                      3.8947818327597643e+00
5                                      3.8893599403533088e+00
6                                      3.9015652248050587e+00
7                                      3.8964548042836711e+00
8                                      3.0745226597214392e+00
9                                      3.8092047704188263e+00
10                                     3.7038197429184798e+00
11                                     1.8624202643030134e+00
12                                     5.2476500274266051e+00
13                                     1.9273139299129003e+00
14                                     1.9028257105372575e+00
15                                     3.7456278379107135e+00
16                                     3.8161889116698067e+00
17                                     3.7224849035588496e+00
18                                     1.8610218703319958e+00
19                                     5.2341432380566246e+00
20                                     1.9390144956876298e+00
21                                     1.8984175858172865e+00
22                                     3.7549747225581558e+00
23                                     9.3975486196149816e-01
24                                     9.4672665650788979e-01
25                                     9.4304044994473890e-01
26                                     9.5023496820704012e-01
27                                     9.2744843482129979e-01
28                                     9.2989405787933666e-01
29                                     9.3105348060986481e-01
30                                     9.3015311738134221e-01
31                                     9.1730752212832800e-01
32                                     9.1505381688647769e-01
33                                     9.1584715831918695e-01
34                                     9.3292560751896014e-01
35                                     9.2750067520108281e-01
36                                     9.3349237143655506e-01
37                                     9.2656038824591791e-01
38                                     9.1616209413339278e-01
39                                     9.1883306090063044e-01
40                                     9.1542328611378476e-01
   &FA [&Type "ArrayOfDoubles", &Dim (41,1)] "Mayer's free valence"
                                                         0

0                                      0.0000000000000000e+00
1                                      0.0000000000000000e+00
2                                      0.0000000000000000e+00
3                                      0.0000000000000000e+00
4                                      0.0000000000000000e+00
5                                      0.0000000000000000e+00
6                                      0.0000000000000000e+00
7                                      0.0000000000000000e+00
8                                      0.0000000000000000e+00
9                                      0.0000000000000000e+00
10                                     0.0000000000000000e+00
11                                     0.0000000000000000e+00
12                                     0.0000000000000000e+00
13                                     0.0000000000000000e+00
14                                     0.0000000000000000e+00
15                                     0.0000000000000000e+00
16                                     0.0000000000000000e+00
17                                     0.0000000000000000e+00
18                                     0.0000000000000000e+00
19                                     0.0000000000000000e+00
20                                     0.0000000000000000e+00
21                                     0.0000000000000000e+00
22                                     0.0000000000000000e+00
23                                     0.0000000000000000e+00
24                                     0.0000000000000000e+00
25                                     0.0000000000000000e+00
26                                     0.0000000000000000e+00
27                                     0.0000000000000000e+00
28                                     0.0000000000000000e+00
29                                     0.0000000000000000e+00
30                                     0.0000000000000000e+00
31                                     0.0000000000000000e+00
32                                     0.0000000000000000e+00
33                                     0.0000000000000000e+00
34                                     0.0000000000000000e+00
35                                     0.0000000000000000e+00
36                                     0.0000000000000000e+00
37                                     0.0000000000000000e+00
38                                     0.0000000000000000e+00
39                                     0.0000000000000000e+00
40                                     0.0000000000000000e+00
   &Method [&Type "String"] "SCF"
   &Level [&Type "String"] "Relaxed density"
   &Mult [&Type "Integer"] 1
   &State [&Type "Integer"] -1
   &Irrep [&Type "Integer"] 0
$End
$SCF_Energy
   &GeometryIndex 1
   &Method [&Type "String"] "SCF"
   &totalEnergy [&Type "ArrayOfDoubles", &Dim (1,1)] "Total energy of each state"
                                                         0

0                                     -1.8998471529204135e+03
   &Mult [&Type "ArrayOfIntegers", &Dim (1,1)] "Multiplicity of each state"
                                                         0

0                                                        1
$End
$DFT_Energy
   &GeometryIndex 1
   &nAlphaEl [&Type "Integer"] 96
   &nBetaEl [&Type "Integer"] 96
   &nTotalEl [&Type "Integer"] 192
   &finalEn [&Type "Double"]      -1.8998471529204135e+03  "No Van der Waals correction"
   &eExchange [&Type "Double"]       0.0000000000000000e+00
   &eCorr [&Type "Double"]       0.0000000000000000e+00
   &eXC [&Type "Double"]      -1.4572890751852066e+02
   &eCNL [&Type "Double"]       0.0000000000000000e+00
$End
$Solvation_Details
   &GeometryIndex 1
   &Solvent [&Type "String"] "TOLUENE"
   &Epsilon [&Type "Double"]       2.3870000000000000e+00
   &Refrac [&Type "Double"]       1.4961000000000000e+00
   &RSolv [&Type "Double"]       1.3000000000000000e+00
   &SurfaceType [&Type "String"] "GAUSSIAN VDW"
   &CPCMDielEnergy [&Type "Double"]      -2.3585205000000001e-02
   &NPoints [&Type "Integer"] 3556
   &SurfaceArea [&Type "Double"]       1.3561639047450001e+03
$End
$SCF_Timings
   &GeometryIndex 1
   &TOTAL [&Type "Double"]       7.3234205000000003e+01
   &PREP [&Type "Double"]       1.0783550000000002e+00
   &FOCK [&Type "Double"]       6.9320984000000010e+01
   &DENS [&Type "Double"]       9.9550000000007799e-02
   &ETOT [&Type "Double"]       5.2328000000011698e-02
   &POP [&Type "Double"]       4.8405999999999949e-02
   &TRAFO [&Type "Double"]       6.6363999999998313e-02
   &DIIS [&Type "Double"]       3.5165199999999430e-01
   &SOSCF [&Type "Double"]       3.0705599999999933e-01
   &XC [&Type "Double"]       4.1993320000000205e+00
   &FOCKSTART [&Type "Double"]       1.4093000000005018e-02
   &SOLV [&Type "Double"]       7.3678619999999899e+00
   &SOLV_INIT [&Type "Double"]       4.4087299999999996e-01
   &INT_PREP [&Type "Double"]       5.9999999955095973e-06
   &INT_BF [&Type "Double"]       1.1204120000000151e+00
   &INT_DENS [&Type "Double"]       9.0990799999982208e-01
   &INT_DENSIO [&Type "Double"]       1.8800108325500033e+05
   &INT_FUNC [&Type "Double"]       4.0147099999994751e-01
   &INT_POT [&Type "Double"]       8.8580300000024259e-01
   &INT_POTIO [&Type "Double"]       3.5085999999953543e-02
   &INT_SUM [&Type "Double"]       1.0240000000232286e-03
   &SPLITRIJ [&Type "Double"]       4.3725830000000130e+00
   &COSX [&Type "Double"]       5.6124361999999998e+01
   &FROZCORE [&Type "Double"]       7.6219999999977972e-03
$End
$CIS_Absorption_Spectrum
   &GeometryIndex 1
   &Method [&Type "Integer"] 20
   &RelCorrection [&Type "Integer"] 1 "Type of relativistic treatment in QDPT. 0->Unknow, 1->None, 2->SOC, 3->SSC, 4->SOC/SSC"
   &DensType [&Type "Integer"] 3 "Type of density (electron/spin ...). 0->Unknow, 1->Electronic, 2->Spin, 3->Trans/Electronic, 4->Tran/Spin"
   &DeriType [&Type "Integer"] 0 "Type of derivative (w.r.t. to what perturbation). 0->Unknown, 1->No Derivative, 2->Electric/Dipole, 3->Electric/Quad, 4->Magnetic/Dipole, 5->Magnetic/Quad"
   &DensLevel [&Type "Integer"] 0 "// Source of density: relaxed, unrelaxed, ... 0->Unknown, 1->Linearized, 2->Unrelaxed, 3->Relaxed"
   &Density_name [&Type "String"] "Tdens-CIS"
   &Representation [&Type "String"] "Length" "Possible values: Unknown,  Length, Velocity"
   &PointGroup [&Type "String"] "C1"
   &DoHigherMoments [&Type "Boolean"] false
   &NTrans [&Type "Integer"] 8
   &ExcitationEnergies [&Type "ArrayOfDoubles", &Dim (8,11)] 
                                                         0                           1                           2                           3                           4                           5                           6                           7

0                                      1.7712005619346989e+00         1.4285697448005469e+04         7.0000082504870443e+02         8.5597443148679867e-04         1.9725813894002471e-02        -1.1310110275403366e-01         0.0000000000000000e+00         6.6365487805866513e-02
1                                      4.1230616693072886e+00         3.3254738527665322e+04         3.0070902502152552e+02         8.5685703572660687e-01         8.4826279067255150e+00         1.2527489266296128e+00         0.0000000000000000e+00         2.5162816631864930e+00
2                                      4.6708749653023363e+00         3.7673151198013402e+04         2.6544102847779095e+02         3.0518368729070509e-03         2.6668890895120180e-02        -8.8116084310992424e-02         0.0000000000000000e+00        -3.0959755319418043e-02
3                                      5.5440307513940805e+00         4.4715628291322908e+04         2.2363545771625678e+02         2.1325443795657345e-01         1.5700530534201977e+00        -7.7180110726442019e-01         0.0000000000000000e+00        -5.7177431193377737e-01
4                                      5.6561616317321350e+00         4.5620024927996412e+04         2.1920198456233484e+02         4.6402563117889888e-04         3.3485904875660008e-03        -3.2623288231969139e-02         0.0000000000000000e+00         3.2244355712990110e-03
5                                      6.2399103580162913e+00         5.0328276420557449e+04         1.9869545931668995e+02         1.3025383847259590e-03         8.5202837892841034e-03        -5.3040673922152066e-02         0.0000000000000000e+00        -5.3104080930674279e-02
6                                      6.3637399855258137e+00         5.1327029826421305e+04         1.9482911896165010e+02         1.3041238156433977e-02         8.3646597510091181e-02        -1.5057470004862444e-01         0.0000000000000000e+00        -1.3197291865828439e-01
7                                      6.5399697705047037e+00         5.2748419048873635e+04         1.8957914152336164e+02         3.0207755744549548e-03         1.8853179419705220e-02        -1.0791826313340920e-01         0.0000000000000000e+00         7.4872876267986985e-02
                                                         8                           9                          10

0                                      0.0000000000000000e+00        -5.0294895149640917e-02         0.0000000000000000e+00
1                                      0.0000000000000000e+00         7.6261040188636586e-01         0.0000000000000000e+00
2                                      0.0000000000000000e+00         1.3396245791780628e-01         0.0000000000000000e+00
3                                      0.0000000000000000e+00         8.0464292730270615e-01         0.0000000000000000e+00
4                                      0.0000000000000000e+00         4.7685580291597647e-02         0.0000000000000000e+00
5                                      0.0000000000000000e+00         5.3730133888502798e-02         0.0000000000000000e+00
6                                      0.0000000000000000e+00         2.0870315272216616e-01         0.0000000000000000e+00
7                                      0.0000000000000000e+00        -4.0011002253532525e-02         0.0000000000000000e+00
   &States [&Type "ArrayOfIntegers", &Dim (8,4)] "The initial and Final states. Col1: Initial State  Col2: Initial Irrep Col3: Final State Col4: Final Irrep"
                                                         0                           1                           2                           3

0                                                        0                           0                           1                           0
1                                                        0                           0                           2                           0
2                                                        0                           0                           3                           0
3                                                        0                           0                           4                           0
4                                                        0                           0                           5                           0
5                                                        0                           0                           6                           0
6                                                        0                           0                           7                           0
7                                                        0                           0                           8                           0
   &Multiplicities [&Type "ArrayOfDoubles", &Dim (8,2)] "Col1: Multiplicity of the initial state  Col2: Multiplicity of the final state"
                                                         0                           1

0                                      1.0000000000000000e+00         1.0000000000000000e+00
1                                      1.0000000000000000e+00         1.0000000000000000e+00
2                                      1.0000000000000000e+00         1.0000000000000000e+00
3                                      1.0000000000000000e+00         1.0000000000000000e+00
4                                      1.0000000000000000e+00         1.0000000000000000e+00
5                                      1.0000000000000000e+00         1.0000000000000000e+00
6                                      1.0000000000000000e+00         1.0000000000000000e+00
7                                      1.0000000000000000e+00         1.0000000000000000e+00
   &Temperature [&Type "Double"]       2.9814999999999998e+02
$End
$CIS_Absorption_Spectrum
   &GeometryIndex 1
   &Method [&Type "Integer"] 20
   &RelCorrection [&Type "Integer"] 1 "Type of relativistic treatment in QDPT. 0->Unknow, 1->None, 2->SOC, 3->SSC, 4->SOC/SSC"
   &DensType [&Type "Integer"] 3 "Type of density (electron/spin ...). 0->Unknow, 1->Electronic, 2->Spin, 3->Trans/Electronic, 4->Tran/Spin"
   &DeriType [&Type "Integer"] 0 "Type of derivative (w.r.t. to what perturbation). 0->Unknown, 1->No Derivative, 2->Electric/Dipole, 3->Electric/Quad, 4->Magnetic/Dipole, 5->Magnetic/Quad"
   &DensLevel [&Type "Integer"] 0 "// Source of density: relaxed, unrelaxed, ... 0->Unknown, 1->Linearized, 2->Unrelaxed, 3->Relaxed"
   &Density_name [&Type "String"] "Tdens-CIS"
   &Representation [&Type "String"] "Velocity" "Possible values: Unknown,  Length, Velocity"
   &PointGroup [&Type "String"] "C1"
   &DoHigherMoments [&Type "Boolean"] false
   &NTrans [&Type "Integer"] 8
   &ExcitationEnergies [&Type "ArrayOfDoubles", &Dim (8,11)] 
                                                         0                           1                           2                           3                           4                           5                           6                           7

0                                      1.7712005619346989e+00         1.4285697448005469e+04         7.0000082504870443e+02         2.5137071825043112e-03         2.4542741040083934e-04        -1.2229442655251589e-02         0.0000000000000000e+00         8.0233525185224742e-03
1                                      4.1230616693072886e+00         3.3254738527665322e+04         3.0070902502152552e+02         1.7272545091172609e-01         3.9256972468071333e-02        -7.7204860887318927e-02         0.0000000000000000e+00        -1.7660710258194851e-01
2                                      4.6708749653023363e+00         3.7673151198013402e+04         2.6544102847779095e+02         4.8642863757491190e-05         1.2524431295478234e-05         2.8868914628192870e-04         0.0000000000000000e+00         2.4347864780623471e-03
3                                      5.5440307513940805e+00         4.4715628291322908e+04         2.2363545771625678e+02         1.6668885219868670e-02         5.0941628486119257e-03         4.5407807086578725e-02         0.0000000000000000e+00         5.5036552957610688e-02
4                                      5.6561616317321350e+00         4.5620024927996412e+04         2.1920198456233484e+02         4.1418210319678179e-05         1.2913791736798047e-05         2.6971250448250012e-03         0.0000000000000000e+00        -2.3742803060185277e-03
5                                      6.2399103580162913e+00         5.0328276420557449e+04         1.9869545931668995e+02         4.7520956647539599e-05         1.6345724062369364e-05        -2.5952009829390893e-03         0.0000000000000000e+00         6.1111319889833274e-04
6                                      6.3637399855258137e+00         5.1327029826421305e+04         1.9482911896165010e+02         2.1869874647253980e-03         7.6718368407815356e-04        -2.2222303885830009e-02         0.0000000000000000e+00        -1.3911761745223012e-02
7                                      6.5399697705047037e+00         5.2748419048873635e+04         1.8957914152336164e+02         2.6760522317593864e-04         9.6474150777637620e-05        -8.8910560258145966e-03         0.0000000000000000e+00        -8.9476427886233734e-04
                                                         8                           9                          10

0                                      0.0000000000000000e+00        -5.6119477105788674e-03         0.0000000000000000e+00
1                                      0.0000000000000000e+00        -4.5894588363446349e-02         0.0000000000000000e+00
2                                      0.0000000000000000e+00        -2.5520393175932849e-03         0.0000000000000000e+00
3                                      0.0000000000000000e+00        -1.8087959376587661e-03         0.0000000000000000e+00
4                                      0.0000000000000000e+00        -4.5839478927556074e-05         0.0000000000000000e+00
5                                      0.0000000000000000e+00         3.0392756667754896e-03         0.0000000000000000e+00
6                                      0.0000000000000000e+00         8.9339677203428263e-03         0.0000000000000000e+00
7                                      0.0000000000000000e+00        -4.0770909247569579e-03         0.0000000000000000e+00
   &States [&Type "ArrayOfIntegers", &Dim (8,4)] "The initial and Final states. Col1: Initial State  Col2: Initial Irrep Col3: Final State Col4: Final Irrep"
                                                         0                           1                           2                           3

0                                                        0                           0                           1                           0
1                                                        0                           0                           2                           0
2                                                        0                           0                           3                           0
3                                                        0                           0                           4                           0
4                                                        0                           0                           5                           0
5                                                        0                           0                           6                           0
6                                                        0                           0                           7                           0
7                                                        0                           0                           8                           0
   &Multiplicities [&Type "ArrayOfDoubles", &Dim (8,2)] "Col1: Multiplicity of the initial state  Col2: Multiplicity of the final state"
                                                         0                           1

0                                      1.0000000000000000e+00         1.0000000000000000e+00
1                                      1.0000000000000000e+00         1.0000000000000000e+00
2                                      1.0000000000000000e+00         1.0000000000000000e+00
3                                      1.0000000000000000e+00         1.0000000000000000e+00
4                                      1.0000000000000000e+00         1.0000000000000000e+00
5                                      1.0000000000000000e+00         1.0000000000000000e+00
6                                      1.0000000000000000e+00         1.0000000000000000e+00
7                                      1.0000000000000000e+00         1.0000000000000000e+00
   &Temperature [&Type "Double"]       2.9814999999999998e+02
$End
$CIS_ECD_Spectrum
   &GeometryIndex 1
   &Method [&Type "Integer"] 20
   &RelCorrection [&Type "Integer"] 1 "Type of relativistic treatment in QDPT. 0->Unknow, 1->None, 2->SOC, 3->SSC, 4->SOC/SSC"
   &DensType [&Type "Integer"] 3 "Type of density (electron/spin ...). 0->Unknow, 1->Electronic, 2->Spin, 3->Trans/Electronic, 4->Tran/Spin"
   &DeriType [&Type "Integer"] 0 "Type of derivative (w.r.t. to what perturbation). 0->Unknown, 1->No Derivative, 2->Electric/Dipole, 3->Electric/Quad, 4->Magnetic/Dipole, 5->Magnetic/Quad"
   &DensLevel [&Type "Integer"] 0 "// Source of density: relaxed, unrelaxed, ... 0->Unknown, 1->Linearized, 2->Unrelaxed, 3->Relaxed"
   &Density_name [&Type "String"] "Tdens-CIS"
   &Representation [&Type "String"] "Length" "Possible values: Unknown,  Length, Velocity"
   &PointGroup [&Type "String"] "C1"
   &DoHigherMoments [&Type "Boolean"] false
   &NTrans [&Type "Integer"] 8
   &ExcitationEnergies [&Type "ArrayOfDoubles", &Dim (8,10)] 
                                                         0                           1                           2                           3                           4                           5                           6                           7

0                                      1.7712005619346989e+00         1.4285697448005469e+04         7.0000082504870443e+02        -1.1331450359183497e+00        -3.1452562624130886e-01         0.0000000000000000e+00        -3.6033439111796178e-01         0.0000000000000000e+00
1                                      4.1230616693072886e+00         3.3254738527665322e+04         3.0070902502152552e+02        -4.5011863468436800e+01         1.6643180305638355e-01         0.0000000000000000e+00        -1.7466753659985717e-02         0.0000000000000000e+00
2                                      4.6708749653023363e+00         3.7673151198013402e+04         2.6544102847779095e+02         2.6427435917246916e-01        -2.6146235666959361e-01         0.0000000000000000e+00         1.7977841560067381e-01         0.0000000000000000e+00
3                                      5.5440307513940805e+00         4.4715628291322908e+04         2.2363545771625678e+02        -3.5893225517223328e+01         2.2935701412550957e-01         0.0000000000000000e+00        -1.5188575183693531e-01         0.0000000000000000e+00
4                                      5.6561616317321350e+00         4.5620024927996412e+04         2.1920198456233484e+02        -3.2535032317475288e-02         5.5404947709941275e-02         0.0000000000000000e+00         5.2249459103719684e-02         0.0000000000000000e+00
5                                      6.2399103580162913e+00         5.0328276420557449e+04         1.9869545931668995e+02        -1.0139247196863876e+01        -1.0397995014090733e-01         0.0000000000000000e+00        -8.9090638002895045e-02         0.0000000000000000e+00
6                                      6.3637399855258137e+00         5.1327029826421305e+04         1.9482911896165010e+02         1.7320095985422149e+01         2.4241308426035307e-01         0.0000000000000000e+00        -4.2684053805748794e-02         0.0000000000000000e+00
7                                      6.5399697705047037e+00         5.2748419048873635e+04         1.8957914152336164e+02         1.3872125217087992e+00        -1.2867058801688830e-01         0.0000000000000000e+00        -1.9765553792910143e-01         0.0000000000000000e+00
                                                         8                           9

0                                      1.8403257110364180e-01         0.0000000000000000e+00
1                                     -9.0571465889377256e-02         0.0000000000000000e+00
2                                     -1.3461755901183337e-01         0.0000000000000000e+00
3                                      2.0668449043349058e-01         0.0000000000000000e+00
4                                      3.5818522782157546e-02         0.0000000000000000e+00
5                                      2.0957040542586231e-01         0.0000000000000000e+00
6                                     -2.8124838374465513e-02         0.0000000000000000e+00
7                                      5.0718605811301422e-02         0.0000000000000000e+00
   &States [&Type "ArrayOfIntegers", &Dim (8,4)] "The initial and Final states. Col1: Initial State  Col2: Initial Irrep Col3: Final State Col4: Final Irrep"
                                                         0                           1                           2                           3

0                                                        0                           0                           1                           0
1                                                        0                           0                           2                           0
2                                                        0                           0                           3                           0
3                                                        0                           0                           4                           0
4                                                        0                           0                           5                           0
5                                                        0                           0                           6                           0
6                                                        0                           0                           7                           0
7                                                        0                           0                           8                           0
   &Multiplicities [&Type "ArrayOfDoubles", &Dim (8,2)] "Col1: Multiplicity of the initial state  Col2: Multiplicity of the final state"
                                                         0                           1

0                                      1.0000000000000000e+00         1.0000000000000000e+00
1                                      1.0000000000000000e+00         1.0000000000000000e+00
2                                      1.0000000000000000e+00         1.0000000000000000e+00
3                                      1.0000000000000000e+00         1.0000000000000000e+00
4                                      1.0000000000000000e+00         1.0000000000000000e+00
5                                      1.0000000000000000e+00         1.0000000000000000e+00
6                                      1.0000000000000000e+00         1.0000000000000000e+00
7                                      1.0000000000000000e+00         1.0000000000000000e+00
   &Temperature [&Type "Double"]       2.9814999999999998e+02
$End
$CIS_ECD_Spectrum
   &GeometryIndex 1
   &Method [&Type "Integer"] 20
   &RelCorrection [&Type "Integer"] 1 "Type of relativistic treatment in QDPT. 0->Unknow, 1->None, 2->SOC, 3->SSC, 4->SOC/SSC"
   &DensType [&Type "Integer"] 3 "Type of density (electron/spin ...). 0->Unknow, 1->Electronic, 2->Spin, 3->Trans/Electronic, 4->Tran/Spin"
   &DeriType [&Type "Integer"] 0 "Type of derivative (w.r.t. to what perturbation). 0->Unknown, 1->No Derivative, 2->Electric/Dipole, 3->Electric/Quad, 4->Magnetic/Dipole, 5->Magnetic/Quad"
   &DensLevel [&Type "Integer"] 0 "// Source of density: relaxed, unrelaxed, ... 0->Unknown, 1->Linearized, 2->Unrelaxed, 3->Relaxed"
   &Density_name [&Type "String"] "Tdens-CIS"
   &Representation [&Type "String"] "Velocity" "Possible values: Unknown,  Length, Velocity"
   &PointGroup [&Type "String"] "C1"
   &DoHigherMoments [&Type "Boolean"] false
   &NTrans [&Type "Integer"] 8
   &ExcitationEnergies [&Type "ArrayOfDoubles", &Dim (8,10)] 
                                                         0                           1                           2                           3                           4                           5                           6                           7

0                                      1.7712005619346989e+00         1.4285697448005469e+04         7.0000082504870443e+02        -5.6059375677695000e-01        -3.1452562624130886e-01         0.0000000000000000e+00        -3.6033439111796178e-01         0.0000000000000000e+00
1                                      4.1230616693072886e+00         3.3254738527665322e+04         3.0070902502152552e+02        -1.7448716030875012e+01         1.6643180305638355e-01         0.0000000000000000e+00        -1.7466753659985717e-02         0.0000000000000000e+00
2                                      4.6708749653023363e+00         3.7673151198013402e+04         2.6544102847779095e+02         1.9384923157760707e+00        -2.6146235666959361e-01         0.0000000000000000e+00         1.7977841560067381e-01         0.0000000000000000e+00
3                                      5.5440307513940805e+00         4.4715628291322908e+04         2.2363545771625678e+02         3.8909270458988714e+00         2.2935701412550957e-01         0.0000000000000000e+00        -1.5188575183693531e-01         0.0000000000000000e+00
4                                      5.6561616317321350e+00         4.5620024927996412e+04         2.1920198456233484e+02         5.3838935918588487e-02         5.5404947709941275e-02         0.0000000000000000e+00         5.2249459103719684e-02         0.0000000000000000e+00
5                                      6.2399103580162913e+00         5.0328276420557449e+04         1.9869545931668995e+02         1.7523655942385417e+00        -1.0397995014090733e-01         0.0000000000000000e+00        -8.9090638002895045e-02         0.0000000000000000e+00
6                                      6.3637399855258137e+00         5.1327029826421305e+04         1.9482911896165010e+02        -1.0169199510400219e+01         2.4241308426035307e-01         0.0000000000000000e+00        -4.2684053805748794e-02         0.0000000000000000e+00
7                                      6.5399697705047037e+00         5.2748419048873635e+04         1.8957914152336164e+02         2.1853984551343855e+00        -1.2867058801688830e-01         0.0000000000000000e+00        -1.9765553792910143e-01         0.0000000000000000e+00
                                                         8                           9

0                                      1.8403257110364180e-01         0.0000000000000000e+00
1                                     -9.0571465889377256e-02         0.0000000000000000e+00
2                                     -1.3461755901183337e-01         0.0000000000000000e+00
3                                      2.0668449043349058e-01         0.0000000000000000e+00
4                                      3.5818522782157546e-02         0.0000000000000000e+00
5                                      2.0957040542586231e-01         0.0000000000000000e+00
6                                     -2.8124838374465513e-02         0.0000000000000000e+00
7                                      5.0718605811301422e-02         0.0000000000000000e+00
   &States [&Type "ArrayOfIntegers", &Dim (8,4)] "The initial and Final states. Col1: Initial State  Col2: Initial Irrep Col3: Final State Col4: Final Irrep"
                                                         0                           1                           2                           3

0                                                        0                           0                           1                           0
1                                                        0                           0                           2                           0
2                                                        0                           0                           3                           0
3                                                        0                           0                           4                           0
4                                                        0                           0                           5                           0
5                                                        0                           0                           6                           0
6                                                        0                           0                           7                           0
7                                                        0                           0                           8                           0
   &Multiplicities [&Type "ArrayOfDoubles", &Dim (8,2)] "Col1: Multiplicity of the initial state  Col2: Multiplicity of the final state"
                                                         0                           1

0                                      1.0000000000000000e+00         1.0000000000000000e+00
1                                      1.0000000000000000e+00         1.0000000000000000e+00
2                                      1.0000000000000000e+00         1.0000000000000000e+00
3                                      1.0000000000000000e+00         1.0000000000000000e+00
4                                      1.0000000000000000e+00         1.0000000000000000e+00
5                                      1.0000000000000000e+00         1.0000000000000000e+00
6                                      1.0000000000000000e+00         1.0000000000000000e+00
7                                      1.0000000000000000e+00         1.0000000000000000e+00
   &Temperature [&Type "Double"]       2.9814999999999998e+02
$End
$CIS_Energies
   &GeometryIndex 1
   &e0 [&Type "Double"]      -1.8998471529204135e+03  "Ground state energy"
   &multP1 [&Type "Boolean"] false "Do the higher multiplicity too?"
   &mode [&Type "String"] "TDA" "CIS mode: CIS, RPA, TDA, TD-DFT, sTDA, sTD-DFT"
   &dCorr [&Type "Integer"] 0 "(D) Correction algorithm"
   &Method [&Type "String"] "TDA/CIS"
   &totalEnergy [&Type "ArrayOfDoubles", &Dim (8,1)] "Total energy of each state"
                                                         0

0                                     -1.8997820624935175e+03
1                                     -1.8996956331829308e+03
2                                     -1.8996755014135188e+03
3                                     -1.8996434135268701e+03
4                                     -1.8996392927925917e+03
5                                     -1.8996178404203361e+03
6                                     -1.8996132897649841e+03
7                                     -1.8996068134391614e+03
   &Mult [&Type "ArrayOfIntegers", &Dim (8,1)] "Multiplicity of each state"
                                                         0

0                                                        1
1                                                        1
2                                                        1
3                                                        1
4                                                        1
5                                                        1
6                                                        1
7                                                        1
   &RelCorr [&Type "String"] "None" "Relativistic correction (SOC and/or SSC)"
   &NBlocks [&Type "Integer"] 1 "Number of multiplicity blocks"
   &NRoots [&Type "ArrayOfIntegers", &Dim (1,1)] "Number of roots in each block"
                                                         0

0                                                        8
   &NTotalRoots [&Type "Integer"] 8 "Total number of roots"
   &Block [&Type "ArrayOfIntegers", &Dim (8,1)] "Block index of each state"
                                                         0

0                                                        0
1                                                        0
2                                                        0
3                                                        0
4                                                        0
5                                                        0
6                                                        0
7                                                        0
   &Root [&Type "ArrayOfIntegers", &Dim (8,1)] "Root index within the block"
                                                         0

0                                                        0
1                                                        1
2                                                        2
3                                                        3
4                                                        4
5                                                        5
6                                                        6
7                                                        7
$End
$Single_Point_Data
   &GeometryIndex 1
   &FinalEnergy [&Type "Double"]      -1.8997820624935175e+03  "Final single point energy"
   &Converged [&Type "Boolean"] true
$End
$Calculation_Info
   &GeometryIndex 1
   &Mult [&Type "Integer"] 1
   &Charge [&Type "Integer"] 0
   &NumOfAtoms [&Type "Integer"] 41
   &NumOfElectrons [&Type "Integer"] 192
   &NumOfBasisFuncts [&Type "Integer"] 366
   &NumOfAuxCBasisFuncts [&Type "Integer"] 0
   &NumOfAuxJBasisFuncts [&Type "Integer"] 1329
   &NumOfAuxJKBasisFuncts [&Type "Integer"] 0
   &NumOfCABSBasisFuncts [&Type "Integer"] 0
$End
$SCF_Dipole_Moment
   &GeometryIndex 1
   &dipoleMagnitude [&Type "Double", &Units "a.u."]       4.8118222563349260e+00
   &dipoleElecContrib [&Type "ArrayOfDoubles", &Dim (3,1)] "Electronic contribution"
                                                         0

0                                     -5.4799748860550883e+00
1                                     -6.5540204721395661e+00
2                                     -7.2475154740703998e+00
   &dipoleNucContrib [&Type "ArrayOfDoubles", &Dim (3,1)] "Nuclear contribution"
                                                         0

0                                      7.7722988631060463e+00
1                                      9.6574802736753611e+00
2                                      1.0122827886843805e+01
   &dipoleTotal [&Type "ArrayOfDoubles", &Dim (3,1)] "Total"
                                                         0

0                                      2.2923239770509580e+00
1                                      3.1034598015357950e+00
2                                      2.8753124127734049e+00
   &doAtomicDipole [&Type "Boolean"] false
   &Method [&Type "String"] "SCF"
   &Level [&Type "String"] "Relaxed density"
   &Mult [&Type "Integer"] 1
   &State [&Type "Integer"] -1
   &Irrep [&Type "Integer"] 0
$End
$Calculation_Timings
   &GeometryIndex 1
   &GTOINT [&Type "Double"]       3.9654759999999998e+00
   &SCF [&Type "Double"]       7.7865608000000009e+01
   &CIS [&Type "Double"]       5.6558875000000015e+01
   &PROPINT [&Type "Double"]       1.5183979999999906e+00
   &PROP [&Type "Double"]       1.5765630000000215e+00
   &SUM [&Type "Double"]       1.4148492000000005e+02
$End
