*************************************************
******************* ORCA 6.1.1 ******************
*************************************************
$Calculation_Status
   &GeometryIndex 1
   &version [&Type "String"] "6.1.1"
   &progName [&Type "String"] "ProgCIS"
   &Status [&Type "String"] "NORMAL TERMINATION"
$End
$Geometry
   &GeometryIndex 1
   &NAtoms [&Type "Integer"] 30
   &NCorelessECP [&Type "Integer"] 0
   &NGhostAtoms [&Type "Integer"] 0
   &CartesianCoordinates [&Type "Coordinates", &Dim(30,4), &Units "Bohr"] 
              O     10.473544425326   -1.373704287710   -1.649989807394
              N      8.460865150227   -0.186294871460   -1.337831616510
              C      6.113018378838   -1.487027384509   -1.060518085809
              C      3.862377230051   -0.460320278688   -0.726588360136
              C      3.217311655333    2.078443634285   -0.560572139819
              C      0.664176375111    2.738751740000   -0.191251623110
              N      0.033079655974    5.376155577712    0.059174884158
              O     -1.757753329907    6.153915831828    1.716819972120
              O      1.307323877804    7.137901898939   -1.296652594325
              C     -1.225581884155    0.802814243200   -0.078761895536
              C     -0.493411273019   -1.791857217445   -0.194794859611
              C      2.068866502239   -2.357157452051   -0.546336832852
              N      3.007682445571   -4.619375063134   -0.754053639766
              C      5.641389978964   -4.185114107833   -1.090583628600
              O      7.260624493528   -5.905356373981   -1.367938733275
              C     -2.406587018536   -3.919528217519   -0.167431625192
              C     -4.993788391774   -3.090707563264    0.813145375974
              C     -5.800062723525   -0.640413068977   -0.470662749819
              C     -3.989946972174    1.500726009254    0.237929748344
              H      4.670134996817    3.515045566637   -0.673679807838
              H     -0.835984606029    6.439665099991    3.322255706454
              H      2.714466869453    7.682165702222   -0.185780865952
              H     -1.711356773867   -5.491631072577    1.040269670284
              H     -2.616048042672   -4.651362457403   -2.125686787633
              H     -4.914142104408   -2.815349899112    2.896026087222
              H     -6.404729732953   -4.592818741774    0.408252654520
              H     -7.744893271512   -0.136623420030    0.141925991562
              H     -5.821297576092   -0.898149036930   -2.557336141417
              H     -4.455367621697    3.152144449604   -0.973071008962
              H     -4.323910712917    2.025066429907    2.244359699117
$End
$SCF_Mulliken_Population_Analysis
   &GeometryIndex 1
   &NAtoms [&Type "Integer"] 30
   &ATNO [&Type "ArrayOfIntegers", &Dim (30,1)] 
                                                         0

0                                                        8
1                                                        7
2                                                        6
3                                                        6
4                                                        6
5                                                        6
6                                                        7
7                                                        8
8                                                        8
9                                                        6
10                                                       6
11                                                       6
12                                                       7
13                                                       6
14                                                       8
15                                                       6
16                                                       6
17                                                       6
18                                                       6
19                                                       1
20                                                       1
21                                                       1
22                                                       1
23                                                       1
24                                                       1
25                                                       1
26                                                       1
27                                                       1
28                                                       1
29                                                       1
   &AtomicCharges [&Type "ArrayOfDoubles", &Dim (30,1)] 
                                                         0

0                                      4.3803525377050789e-02
1                                     -4.6378156130140002e-01
2                                     -8.5613978652881428e-01
3                                      2.2980583202818252e+00
4                                      2.3450501952832781e-01
5                                     -2.9616048217462776e-02
6                                     -8.2123303716642582e-01
7                                     -1.7163051121767481e-01
8                                     -1.6495130211440312e-01
9                                      6.0935146591355505e-01
10                                    -6.3008576813825812e-01
11                                    -1.8907899061932483e+00
12                                    -3.3452320502510613e-01
13                                     8.0579815866069548e-01
14                                    -4.1301316262576826e-01
15                                    -2.2315084309570210e-01
16                                    -5.8760537381073785e-01
17                                    -6.5941258235016242e-01
18                                     1.2695381257419225e-01
19                                     2.3990057808860499e-01
20                                     5.1307054669909802e-01
21                                     5.1256702195224024e-01
22                                     2.4538992651628022e-01
23                                     2.5005414547931992e-01
24                                     2.1721607451086922e-01
25                                     2.1365647879793714e-01
26                                     2.1418990339659660e-01
27                                     2.2099997149214845e-01
28                                     2.4726138204318315e-01
29                                     2.5315675647477653e-01
   &Method [&Type "String"] "SCF"
   &Level [&Type "String"] "Relaxed density"
   &Mult [&Type "Integer"] 1
   &State [&Type "Integer"] -1
   &Irrep [&Type "Integer"] 0
$End
$SCF_Loewdin_Population_Analysis
   &GeometryIndex 1
   &NAtoms [&Type "Integer"] 30
   &ATNO [&Type "ArrayOfIntegers", &Dim (30,1)] 
                                                         0

0                                                        8
1                                                        7
2                                                        6
3                                                        6
4                                                        6
5                                                        6
6                                                        7
7                                                        8
8                                                        8
9                                                        6
10                                                       6
11                                                       6
12                                                       7
13                                                       6
14                                                       8
15                                                       6
16                                                       6
17                                                       6
18                                                       6
19                                                       1
20                                                       1
21                                                       1
22                                                       1
23                                                       1
24                                                       1
25                                                       1
26                                                       1
27                                                       1
28                                                       1
29                                                       1
   &AtomicCharges [&Type "ArrayOfDoubles", &Dim (30,1)] 
                                                         0

0                                     -2.3668273687812480e-01
1                                      4.9314056012621954e-02
2                                     -8.5604007676973737e-02
3                                     -4.6189687504449850e-03
4                                     -1.8385279140659883e-01
5                                      7.5572964849436985e-02
6                                     -6.0080728428638430e-02
7                                     -3.7845014784719666e-01
8                                     -3.6296564888864147e-01
9                                     -4.6420397753800025e-02
10                                    -7.6681625601494829e-02
11                                     3.4797415263772002e-02
12                                    -1.8454432283782118e-01
13                                     2.2019437803515274e-01
14                                    -2.6371059993982193e-01
15                                    -3.2331727599382809e-01
16                                    -3.6142028558339323e-01
17                                    -3.6059535100761497e-01
18                                    -3.2183057252437308e-01
19                                     2.5491624041694516e-01
20                                     4.2758170753474567e-01
21                                     4.2660170348977000e-01
22                                     2.2995752468977226e-01
23                                     2.3242421488823162e-01
24                                     2.1255636318200266e-01
25                                     2.0179099603453310e-01
26                                     2.0181372874820980e-01
27                                     2.1496999667753269e-01
28                                     2.3152374624892746e-01
29                                     2.3676042504870665e-01
   &Method [&Type "String"] "SCF"
   &Level [&Type "String"] "Relaxed density"
   &Mult [&Type "Integer"] 1
   &State [&Type "Integer"] -1
   &Irrep [&Type "Integer"] 0
$End
$SCF_Mayer_Population_Analysis
   &GeometryIndex 1
   &NAtoms [&Type "Integer"] 30 "Total number of atoms"
   &NBondOrdersPrint [&Type "Integer"] 85 "The number of bond orders larger than threshold"
   &bondThresh [&Type "Double"]       1.0000000000000001e-01  "The threshold for printing"
   &components [&Type "ArrayOfIntegers", &Dim (85,4)] "The indices and atomic numbers of the bonding atoms"
                                                         0                           1                           2                           3

0                                                        0                           8                           1                           7
1                                                        0                           8                           2                           6
2                                                        0                           8                           3                           6
3                                                        0                           8                           4                           6
4                                                        0                           8                          11                           6
5                                                        0                           8                          13                           6
6                                                        1                           7                           2                           6
7                                                        1                           7                           3                           6
8                                                        1                           7                           4                           6
9                                                        1                           7                          11                           6
10                                                       1                           7                          13                           6
11                                                       2                           6                           4                           6
12                                                       2                           6                           5                           6
13                                                       2                           6                           9                           6
14                                                       2                           6                          11                           6
15                                                       2                           6                          12                           7
16                                                       2                           6                          13                           6
17                                                       3                           6                           4                           6
18                                                       3                           6                           5                           6
19                                                       3                           6                           8                           8
20                                                       3                           6                           9                           6
21                                                       3                           6                          11                           6
22                                                       3                           6                          12                           7
23                                                       3                           6                          13                           6
24                                                       3                           6                          14                           8
25                                                       3                           6                          18                           6
26                                                       4                           6                           5                           6
27                                                       4                           6                           6                           7
28                                                       4                           6                           8                           8
29                                                       4                           6                           9                           6
30                                                       4                           6                          10                           6
31                                                       4                           6                          11                           6
32                                                       4                           6                          12                           7
33                                                       4                           6                          13                           6
34                                                       4                           6                          19                           1
35                                                       4                           6                          21                           1
36                                                       5                           6                           6                           7
37                                                       5                           6                           7                           8
38                                                       5                           6                           8                           8
39                                                       5                           6                           9                           6
40                                                       5                           6                          10                           6
41                                                       5                           6                          11                           6
42                                                       5                           6                          15                           6
43                                                       5                           6                          16                           6
44                                                       5                           6                          18                           6
45                                                       5                           6                          19                           1
46                                                       5                           6                          20                           1
47                                                       5                           6                          28                           1
48                                                       6                           7                           7                           8
49                                                       6                           7                           8                           8
50                                                       6                           7                          10                           6
51                                                       6                           7                          18                           6
52                                                       7                           8                           9                           6
53                                                       7                           8                          10                           6
54                                                       7                           8                          20                           1
55                                                       8                           8                           9                           6
56                                                       8                           8                          21                           1
57                                                       9                           6                          10                           6
58                                                       9                           6                          18                           6
59                                                       9                           6                          22                           1
60                                                       9                           6                          28                           1
61                                                      10                           6                          11                           6
62                                                      10                           6                          12                           7
63                                                      10                           6                          15                           6
64                                                      10                           6                          28                           1
65                                                      11                           6                          13                           6
66                                                      11                           6                          14                           8
67                                                      11                           6                          15                           6
68                                                      11                           6                          18                           6
69                                                      11                           6                          22                           1
70                                                      12                           7                          13                           6
71                                                      13                           6                          14                           8
72                                                      15                           6                          16                           6
73                                                      15                           6                          17                           6
74                                                      15                           6                          22                           1
75                                                      15                           6                          23                           1
76                                                      16                           6                          17                           6
77                                                      16                           6                          18                           6
78                                                      16                           6                          24                           1
79                                                      16                           6                          25                           1
80                                                      17                           6                          18                           6
81                                                      17                           6                          26                           1
82                                                      17                           6                          27                           1
83                                                      18                           6                          28                           1
84                                                      18                           6                          29                           1
   &BondOrders [&Type "ArrayOfDoubles", &Dim (85,1)] "The bond orders"
                                                         0

0                                      2.0369759319666949e+00
1                                      3.2728061170353967e-01
2                                     -2.2079355853851185e-01
3                                     -1.2906398584054185e-01
4                                      3.1346265052067190e-01
5                                     -3.2233808722903784e-01
6                                      2.0899298085507976e+00
7                                     -8.9270231265166655e-01
8                                     -4.8619013457106203e-01
9                                      4.9364140003530904e-01
10                                    -3.7809986201059725e-01
11                                    -7.4299708149323440e-01
12                                    -4.2786614283381813e-01
13                                     4.4062104472898200e-01
14                                     1.8099797984358210e+00
15                                    -9.4040694196468222e-01
16                                     6.2825882638336628e-01
17                                     1.5947900603977068e+00
18                                    -1.0650944168967378e+00
19                                     3.5457636119313818e-01
20                                    -1.0519487269240345e-01
21                                    -1.9947601955070322e+00
22                                     1.7043443866402739e+00
23                                    -4.2991424376392062e-01
24                                    -1.2383054899980606e-01
25                                     1.0017475908060655e-01
26                                     9.9122188282840729e-01
27                                    -1.3773744055351250e-01
28                                     6.1117137655586462e-01
29                                    -2.3765181859594109e-01
30                                    -1.1626612993926536e-01
31                                    -2.7947498816412835e+00
32                                     2.5155347475589390e-01
33                                     4.4270238778235532e-01
34                                     1.2467512893407151e+00
35                                    -1.0289052926952839e-01
36                                     8.7319091473671850e-01
37                                     8.2172310358050837e-01
38                                    -4.7859304853666979e-01
39                                    -2.0068048930459792e+00
40                                     1.0053796222510927e+00
41                                     2.1669427945403337e+00
42                                     1.6699534620981116e-01
43                                     1.0681100898226135e-01
44                                    -1.0464683319834027e+00
45                                    -3.7186079379531056e-01
46                                     1.0811975767587838e-01
47                                    -2.3500852656590693e-01
48                                     1.4019179315761277e+00
49                                     1.4039636693000217e+00
50                                     3.0265050728221027e-01
51                                    -1.9706270044852664e-01
52                                    -6.6715094277160658e-01
53                                    -1.1965496421806252e-01
54                                     6.5495740324623541e-01
55                                    -4.4300352770739720e-01
56                                     6.5248755876564180e-01
57                                     2.4357079791131668e+00
58                                     1.6065988139231631e+00
59                                     1.3594198541328195e-01
60                                     1.1602070878149201e-01
61                                     4.6369692269802743e-01
62                                    -1.1353712693308018e-01
63                                     1.0773140119688458e+00
64                                     1.6349050445154070e-01
65                                    -3.1986999249237968e-01
66                                    -1.7035111002596437e-01
67                                    -5.6314451260300169e-01
68                                    -1.6129328586872746e-01
69                                    -1.7080988830622013e-01
70                                     1.3922858676779790e+00
71                                     1.9142917547191689e+00
72                                     7.5469749889995952e-01
73                                    -1.1847239403819185e-01
74                                     9.4267762996550597e-01
75                                     9.5230878920297934e-01
76                                     7.5826486193725706e-01
77                                    -1.6347782349631873e-01
78                                     1.0300205938102236e+00
79                                     9.7940002112399061e-01
80                                     6.9298578303664260e-01
81                                     9.9999047572905098e-01
82                                     1.0382156425175810e+00
83                                     9.0794266571711479e-01
84                                     9.4341967519312764e-01
   &ATNO [&Type "ArrayOfIntegers", &Dim (30,1)] "Atomic number of the elements"
                                                         0

0                                                        8
1                                                        7
2                                                        6
3                                                        6
4                                                        6
5                                                        6
6                                                        7
7                                                        8
8                                                        8
9                                                        6
10                                                       6
11                                                       6
12                                                       7
13                                                       6
14                                                       8
15                                                       6
16                                                       6
17                                                       6
18                                                       6
19                                                       1
20                                                       1
21                                                       1
22                                                       1
23                                                       1
24                                                       1
25                                                       1
26                                                       1
27                                                       1
28                                                       1
29                                                       1
   &NA [&Type "ArrayOfDoubles", &Dim (30,1)] "Mulliken gross atomic population"
                                                         0

0                                      7.9561964746229457e+00
1                                      7.4637815613013965e+00
2                                      6.8561397865288445e+00
3                                      3.7019416797181779e+00
4                                      5.7654949804716829e+00
5                                      6.0296160482174299e+00
6                                      7.8212330371664240e+00
7                                      8.1716305112176748e+00
8                                      8.1649513021144031e+00
9                                      5.3906485340864423e+00
10                                     6.6300857681382457e+00
11                                     7.8907899061932358e+00
12                                     7.3345232050251070e+00
13                                     5.1942018413393116e+00
14                                     8.4130131626257647e+00
15                                     6.2231508430957048e+00
16                                     6.5876053738107370e+00
17                                     6.6594125823501651e+00
18                                     5.8730461874258078e+00
19                                     7.6009942191139512e-01
20                                     4.8692945330090182e-01
21                                     4.8743297804775976e-01
22                                     7.5461007348371978e-01
23                                     7.4994585452068052e-01
24                                     7.8278392548913067e-01
25                                     7.8634352120206308e-01
26                                     7.8581009660340340e-01
27                                     7.7900002850785155e-01
28                                     7.5273861795681651e-01
29                                     7.4684324352522369e-01
   &ZA [&Type "ArrayOfDoubles", &Dim (30,1)] "Total nuclear charge"
                                                         0

0                                      8.0000000000000000e+00
1                                      7.0000000000000000e+00
2                                      6.0000000000000000e+00
3                                      6.0000000000000000e+00
4                                      6.0000000000000000e+00
5                                      6.0000000000000000e+00
6                                      7.0000000000000000e+00
7                                      8.0000000000000000e+00
8                                      8.0000000000000000e+00
9                                      6.0000000000000000e+00
10                                     6.0000000000000000e+00
11                                     6.0000000000000000e+00
12                                     7.0000000000000000e+00
13                                     6.0000000000000000e+00
14                                     8.0000000000000000e+00
15                                     6.0000000000000000e+00
16                                     6.0000000000000000e+00
17                                     6.0000000000000000e+00
18                                     6.0000000000000000e+00
19                                     1.0000000000000000e+00
20                                     1.0000000000000000e+00
21                                     1.0000000000000000e+00
22                                     1.0000000000000000e+00
23                                     1.0000000000000000e+00
24                                     1.0000000000000000e+00
25                                     1.0000000000000000e+00
26                                     1.0000000000000000e+00
27                                     1.0000000000000000e+00
28                                     1.0000000000000000e+00
29                                     1.0000000000000000e+00
   &QA [&Type "ArrayOfDoubles", &Dim (30,1)] "Mulliken gross atomic charge"
                                                         0

0                                      4.3803525377054342e-02
1                                     -4.6378156130139647e-01
2                                     -8.5613978652884448e-01
3                                      2.2980583202818221e+00
4                                      2.3450501952831715e-01
5                                     -2.9616048217429913e-02
6                                     -8.2123303716642404e-01
7                                     -1.7163051121767481e-01
8                                     -1.6495130211440312e-01
9                                      6.0935146591355771e-01
10                                    -6.3008576813824568e-01
11                                    -1.8907899061932358e+00
12                                    -3.3452320502510702e-01
13                                     8.0579815866068838e-01
14                                    -4.1301316262576471e-01
15                                    -2.2315084309570477e-01
16                                    -5.8760537381073696e-01
17                                    -6.5941258235016509e-01
18                                     1.2695381257419225e-01
19                                     2.3990057808860488e-01
20                                     5.1307054669909813e-01
21                                     5.1256702195224024e-01
22                                     2.4538992651628022e-01
23                                     2.5005414547931948e-01
24                                     2.1721607451086933e-01
25                                     2.1365647879793692e-01
26                                     2.1418990339659660e-01
27                                     2.2099997149214845e-01
28                                     2.4726138204318349e-01
29                                     2.5315675647477631e-01
   &VA [&Type "ArrayOfDoubles", &Dim (30,1)] "Mayer's total valence"
                                                         0

0                                      2.1071276749509020e+00
1                                      2.9382234936699030e+00
2                                      3.2776041657633281e+00
3                                     -1.1502610275746297e+00
4                                      7.8805485059105784e-02
5                                      6.7626359918686951e-01
6                                      3.6961593671932897e+00
7                                      1.9240715552426861e+00
8                                      2.0360281718925068e+00
9                                      1.3593761436785834e+00
10                                     5.2392379274978982e+00
11                                    -9.5454621119503003e-01
12                                     2.3212000919110278e+00
13                                     2.9866261898084572e+00
14                                     1.8048535540248190e+00
15                                     3.1801719243045188e+00
16                                     3.3262516283941386e+00
17                                     3.2607824626584465e+00
18                                     2.6015839554274787e+00
19                                     9.0593438045350561e-01
20                                     6.8555952294642986e-01
21                                     6.8957693803937103e-01
22                                     8.9443499243602143e-01
23                                     8.9045798743361526e-01
24                                     9.0497722626150945e-01
25                                     9.0474677884058519e-01
26                                     9.0412181561451366e-01
27                                     9.0286962168427820e-01
28                                     8.9108847756469189e-01
29                                     8.8690504346635712e-01
   &BVA [&Type "ArrayOfDoubles", &Dim (30,1)] "Mayer's bonded valence"
                                                         0

0                                      2.1071276749509416e+00
1                                      2.9382234936697351e+00
2                                      3.2776041657630604e+00
3                                     -1.1502610275728431e+00
4                                      7.8805485060334135e-02
5                                      6.7626359918410195e-01
6                                      3.6961593671932267e+00
7                                      1.9240715552427226e+00
8                                      2.0360281718925304e+00
9                                      1.3593761436801106e+00
10                                     5.2392379274973031e+00
11                                    -9.5454621119987415e-01
12                                     2.3212000919109075e+00
13                                     2.9866261898088489e+00
14                                     1.8048535540248878e+00
15                                     3.1801719243045152e+00
16                                     3.3262516283942132e+00
17                                     3.2607824626585540e+00
18                                     2.6015839554277918e+00
19                                     9.0593438045336061e-01
20                                     6.8555952294641742e-01
21                                     6.8957693803937892e-01
22                                     8.9443499243605118e-01
23                                     8.9045798743363835e-01
24                                     9.0497722626155053e-01
25                                     9.0474677884057786e-01
26                                     9.0412181561449689e-01
27                                     9.0286962168428953e-01
28                                     8.9108847756471832e-01
29                                     8.8690504346637211e-01
   &FA [&Type "ArrayOfDoubles", &Dim (30,1)] "Mayer's free valence"
                                                         0

0                                      0.0000000000000000e+00
1                                      0.0000000000000000e+00
2                                      0.0000000000000000e+00
3                                     -1.7865708912268019e-12
4                                     -1.2283507544452732e-12
5                                      2.7675639557855902e-12
6                                      0.0000000000000000e+00
7                                      0.0000000000000000e+00
8                                      0.0000000000000000e+00
9                                     -1.5272227926743653e-12
10                                     0.0000000000000000e+00
11                                     4.8441251010444830e-12
12                                     0.0000000000000000e+00
13                                     0.0000000000000000e+00
14                                     0.0000000000000000e+00
15                                     0.0000000000000000e+00
16                                     0.0000000000000000e+00
17                                     0.0000000000000000e+00
18                                     0.0000000000000000e+00
19                                     0.0000000000000000e+00
20                                     0.0000000000000000e+00
21                                     0.0000000000000000e+00
22                                     0.0000000000000000e+00
23                                     0.0000000000000000e+00
24                                     0.0000000000000000e+00
25                                     0.0000000000000000e+00
26                                     0.0000000000000000e+00
27                                     0.0000000000000000e+00
28                                     0.0000000000000000e+00
29                                     0.0000000000000000e+00
   &Method [&Type "String"] "SCF"
   &Level [&Type "String"] "Relaxed density"
   &Mult [&Type "Integer"] 1
   &State [&Type "Integer"] -1
   &Irrep [&Type "Integer"] 0
$End
$SCF_Energy
   &GeometryIndex 1
   &Method [&Type "String"] "SCF"
   &totalEnergy [&Type "ArrayOfDoubles", &Dim (1,1)] "Total energy of each state"
                                                         0

0                                     -9.2836818004821362e+02
   &Mult [&Type "ArrayOfIntegers", &Dim (1,1)] "Multiplicity of each state"
                                                         0

0                                                        1
$End
$DFT_Energy
   &GeometryIndex 1
   &nAlphaEl [&Type "Integer"] 68
   &nBetaEl [&Type "Integer"] 68
   &nTotalEl [&Type "Integer"] 136
   &finalEn [&Type "Double"]      -9.2836818004821362e+02  "No Van der Waals correction"
   &eExchange [&Type "Double"]       0.0000000000000000e+00
   &eCorr [&Type "Double"]       0.0000000000000000e+00
   &eXC [&Type "Double"]      -9.0525258321516915e+01
   &eCNL [&Type "Double"]       0.0000000000000000e+00
$End
$Solvation_Details
   &GeometryIndex 1
   &Solvent [&Type "String"] "TOLUENE"
   &Epsilon [&Type "Double"]       2.3870000000000000e+00
   &Refrac [&Type "Double"]       1.4961000000000000e+00
   &RSolv [&Type "Double"]       1.3000000000000000e+00
   &SurfaceType [&Type "String"] "GAUSSIAN VDW"
   &CPCMDielEnergy [&Type "Double"]      -2.5058555999999999e-02
   &NPoints [&Type "Integer"] 2577
   &SurfaceArea [&Type "Double"]       9.9735887576699997e+02
$End
$SCF_Timings
   &GeometryIndex 1
   &TOTAL [&Type "Double"]       1.3416145200000000e+02
   &PREP [&Type "Double"]       7.8954800000000003e-01
   &FOCK [&Type "Double"]       1.2761561900000000e+02
   &DENS [&Type "Double"]       1.1666200000001936e-01
   &ETOT [&Type "Double"]       6.7346000000025441e-02
   &POP [&Type "Double"]       3.1772999999986951e-02
   &TRAFO [&Type "Double"]       7.2731000000009871e-02
   &DIIS [&Type "Double"]       3.8999600000000711e-01
   &SOSCF [&Type "Double"]       3.4640899999999775e-01
   &XC [&Type "Double"]       9.4429590000000001e+00
   &FOCKSTART [&Type "Double"]       1.5163000000007809e-02
   &SOLV [&Type "Double"]       7.3649950000000217e+00
   &SOLV_INIT [&Type "Double"]       1.9558799999999987e-01
   &INT_PREP [&Type "Double"]       6.0000000026150246e-06
   &INT_BF [&Type "Double"]       1.6072439999999890e+00
   &INT_DENS [&Type "Double"]       2.6300709999998659e+00
   &INT_DENSIO [&Type "Double"]       3.6229024598300050e+05
   &INT_FUNC [&Type "Double"]       3.8489600000015400e-01
   &INT_POT [&Type "Double"]       3.3183000000001694e+00
   &INT_POTIO [&Type "Double"]       4.3326999999415250e-02
   &INT_SUM [&Type "Double"]       8.7399999997828104e-04
   &SPLITRIJ [&Type "Double"]       5.5283330000000266e+00
   &COSX [&Type "Double"]       1.1051027300000001e+02
   &FROZCORE [&Type "Double"]       4.2320000000017899e-03
$End
$CIS_Absorption_Spectrum
   &GeometryIndex 1
   &Method [&Type "Integer"] 20
   &RelCorrection [&Type "Integer"] 1 "Type of relativistic treatment in QDPT. 0->Unknow, 1->None, 2->SOC, 3->SSC, 4->SOC/SSC"
   &DensType [&Type "Integer"] 3 "Type of density (electron/spin ...). 0->Unknow, 1->Electronic, 2->Spin, 3->Trans/Electronic, 4->Tran/Spin"
   &DeriType [&Type "Integer"] 0 "Type of derivative (w.r.t. to what perturbation). 0->Unknown, 1->No Derivative, 2->Electric/Dipole, 3->Electric/Quad, 4->Magnetic/Dipole, 5->Magnetic/Quad"
   &DensLevel [&Type "Integer"] 0 "// Source of density: relaxed, unrelaxed, ... 0->Unknown, 1->Linearized, 2->Unrelaxed, 3->Relaxed"
   &Density_name [&Type "String"] "Tdens-CIS"
   &Representation [&Type "String"] "Length" "Possible values: Unknown,  Length, Velocity"
   &PointGroup [&Type "String"] "C1"
   &DoHigherMoments [&Type "Boolean"] false
   &NTrans [&Type "Integer"] 8
   &ExcitationEnergies [&Type "ArrayOfDoubles", &Dim (8,11)] 
                                                         0                           1                           2                           3                           4                           5                           6                           7

0                                      9.5107303066405680e-01         7.6709221186015311e+03         1.3036242377889084e+03         3.5135772874690820e-04         1.5079173038073167e-02         4.1269626531240340e-02         0.0000000000000000e+00        -1.8040173721059677e-02
1                                      1.3076242295778473e+00         1.0546701780077168e+04         9.4816372061359550e+02         6.6525469938708628e-02         2.0765714194724678e+00        -1.4077772276126224e+00         0.0000000000000000e+00         2.1267205549789611e-01
2                                      2.1452249120414226e+00         1.7302407592888838e+04         5.7795424979526706e+02         4.7925696988642227e-04         9.1187957133302255e-03        -1.4694604610447602e-02         0.0000000000000000e+00        -6.8450371652576933e-02
3                                      2.8789960492177036e+00         2.3220671558619069e+04         4.3065076626899668e+02         1.7008223250690915e-02         2.4113472678423994e-01         2.5438365091707610e-01         0.0000000000000000e+00        -4.1298444751033164e-01
4                                      3.1580052272735437e+00         2.5471032578473674e+04         3.9260285067717655e+02         6.4661213877701385e-01         8.3574327240171069e+00         1.4663429335815685e+00         0.0000000000000000e+00        -2.4631833320291228e+00
5                                      3.2376163637764570e+00         2.6113139764985743e+04         3.8294897090118110e+02         6.2177740961309813e-03         7.8388333798938031e-02         1.5684346051779627e-01         0.0000000000000000e+00        -2.2466060944162095e-01
6                                      3.6067828557533859e+00         2.9090668637584629e+04         3.4375284131765113e+02         1.3718247206349784e-02         1.5524603195026115e-01         2.6037901600217045e-01         0.0000000000000000e+00        -2.8705721060078693e-01
7                                      4.2050892826740549e+00         3.3916335916534481e+04         2.9484317010567526e+02         4.2971130606475921e-01         4.1710312128761267e+00         1.9637293685250821e+00         0.0000000000000000e+00        -4.5726977053099882e-01
                                                         8                           9                          10

0                                      0.0000000000000000e+00         1.1423897363053949e-01         0.0000000000000000e+00
1                                      0.0000000000000000e+00         2.2249785099655861e-01         0.0000000000000000e+00
2                                      0.0000000000000000e+00        -6.4941596294647158e-02         0.0000000000000000e+00
3                                      0.0000000000000000e+00         7.6599810997973333e-02         0.0000000000000000e+00
4                                      0.0000000000000000e+00        -3.7416439965129578e-01         0.0000000000000000e+00
5                                      0.0000000000000000e+00         5.7585356272753754e-02         0.0000000000000000e+00
6                                      0.0000000000000000e+00        -7.1041944076004004e-02         0.0000000000000000e+00
7                                      0.0000000000000000e+00        -3.2511926584983719e-01         0.0000000000000000e+00
   &States [&Type "ArrayOfIntegers", &Dim (8,4)] "The initial and Final states. Col1: Initial State  Col2: Initial Irrep Col3: Final State Col4: Final Irrep"
                                                         0                           1                           2                           3

0                                                        0                           0                           1                           0
1                                                        0                           0                           2                           0
2                                                        0                           0                           3                           0
3                                                        0                           0                           4                           0
4                                                        0                           0                           5                           0
5                                                        0                           0                           6                           0
6                                                        0                           0                           7                           0
7                                                        0                           0                           8                           0
   &Multiplicities [&Type "ArrayOfDoubles", &Dim (8,2)] "Col1: Multiplicity of the initial state  Col2: Multiplicity of the final state"
                                                         0                           1

0                                      1.0000000000000000e+00         1.0000000000000000e+00
1                                      1.0000000000000000e+00         1.0000000000000000e+00
2                                      1.0000000000000000e+00         1.0000000000000000e+00
3                                      1.0000000000000000e+00         1.0000000000000000e+00
4                                      1.0000000000000000e+00         1.0000000000000000e+00
5                                      1.0000000000000000e+00         1.0000000000000000e+00
6                                      1.0000000000000000e+00         1.0000000000000000e+00
7                                      1.0000000000000000e+00         1.0000000000000000e+00
   &Temperature [&Type "Double"]       2.9814999999999998e+02
$End
$CIS_Absorption_Spectrum
   &GeometryIndex 1
   &Method [&Type "Integer"] 20
   &RelCorrection [&Type "Integer"] 1 "Type of relativistic treatment in QDPT. 0->Unknow, 1->None, 2->SOC, 3->SSC, 4->SOC/SSC"
   &DensType [&Type "Integer"] 3 "Type of density (electron/spin ...). 0->Unknow, 1->Electronic, 2->Spin, 3->Trans/Electronic, 4->Tran/Spin"
   &DeriType [&Type "Integer"] 0 "Type of derivative (w.r.t. to what perturbation). 0->Unknown, 1->No Derivative, 2->Electric/Dipole, 3->Electric/Quad, 4->Magnetic/Dipole, 5->Magnetic/Quad"
   &DensLevel [&Type "Integer"] 0 "// Source of density: relaxed, unrelaxed, ... 0->Unknown, 1->Linearized, 2->Unrelaxed, 3->Relaxed"
   &Density_name [&Type "String"] "Tdens-CIS"
   &Representation [&Type "String"] "Velocity" "Possible values: Unknown,  Length, Velocity"
   &PointGroup [&Type "String"] "C1"
   &DoHigherMoments [&Type "Boolean"] false
   &NTrans [&Type "Integer"] 8
   &ExcitationEnergies [&Type "ArrayOfDoubles", &Dim (8,11)] 
                                                         0                           1                           2                           3                           4                           5                           6                           7

0                                      9.5107303066405680e-01         7.6709221186015311e+03         1.3036242377889084e+03         8.9593273267318876e-03         4.6971010999827733e-04         3.8582942616137215e-03         0.0000000000000000e+00        -4.1771433450801538e-04
1                                      1.3076242295778473e+00         1.0546701780077168e+04         9.4816372061359550e+02         9.4895815107193707e-02         6.8402292505113519e-03        -6.1565298991163461e-02         0.0000000000000000e+00        -5.4970872518005344e-02
2                                      2.1452249120414226e+00         1.7302407592888838e+04         5.7795424979526706e+02         3.6112367684701911e-04         4.2704086182194353e-05        -1.9280245623870158e-03         0.0000000000000000e+00        -3.6594945446413447e-03
3                                      2.8789960492177036e+00         2.3220671558619069e+04         4.3065076626899668e+02         1.6044835656172679e-03         2.5463434430423974e-04        -3.1857483174981835e-03         0.0000000000000000e+00        -1.3238805138756781e-03
4                                      3.1580052272735437e+00         2.5471032578473674e+04         3.9260285067717655e+02         1.2299494006158110e-02         2.1411186153218655e-03        -3.5642229418667105e-02         0.0000000000000000e+00         2.2307571410799754e-02
5                                      3.2376163637764570e+00         2.6113139764985743e+04         3.8294897090118110e+02         4.0558487096423862e-04         7.2384865324449943e-05        -3.4288378422048667e-03         0.0000000000000000e+00         2.4076866375459839e-03
6                                      3.6067828557533859e+00         2.9090668637584629e+04         3.4375284131765113e+02         6.9983418188090396e-03         1.3914121299754875e-03        -3.4960849086810790e-02         0.0000000000000000e+00         1.0389948203988381e-02
7                                      4.2050892826740549e+00         3.3916335916534481e+04         2.9484317010567526e+02         8.5623592654400102e-02         1.9847659701219020e-02        -1.3233900806460910e-01         0.0000000000000000e+00         3.9169457040326087e-02
                                                         8                           9                          10

0                                      0.0000000000000000e+00         2.1322504311731830e-02         0.0000000000000000e+00
1                                      0.0000000000000000e+00         5.3053166964098239e-03         0.0000000000000000e+00
2                                      0.0000000000000000e+00        -5.0591409494860828e-03         0.0000000000000000e+00
3                                      0.0000000000000000e+00         1.5579881011958259e-02         0.0000000000000000e+00
4                                      0.0000000000000000e+00         1.9316375310627923e-02         0.0000000000000000e+00
5                                      0.0000000000000000e+00         7.4047944894977558e-03         0.0000000000000000e+00
6                                      0.0000000000000000e+00         7.8230516694680723e-03         0.0000000000000000e+00
7                                      0.0000000000000000e+00         2.8280740458135074e-02         0.0000000000000000e+00
   &States [&Type "ArrayOfIntegers", &Dim (8,4)] "The initial and Final states. Col1: Initial State  Col2: Initial Irrep Col3: Final State Col4: Final Irrep"
                                                         0                           1                           2                           3

0                                                        0                           0                           1                           0
1                                                        0                           0                           2                           0
2                                                        0                           0                           3                           0
3                                                        0                           0                           4                           0
4                                                        0                           0                           5                           0
5                                                        0                           0                           6                           0
6                                                        0                           0                           7                           0
7                                                        0                           0                           8                           0
   &Multiplicities [&Type "ArrayOfDoubles", &Dim (8,2)] "Col1: Multiplicity of the initial state  Col2: Multiplicity of the final state"
                                                         0                           1

0                                      1.0000000000000000e+00         1.0000000000000000e+00
1                                      1.0000000000000000e+00         1.0000000000000000e+00
2                                      1.0000000000000000e+00         1.0000000000000000e+00
3                                      1.0000000000000000e+00         1.0000000000000000e+00
4                                      1.0000000000000000e+00         1.0000000000000000e+00
5                                      1.0000000000000000e+00         1.0000000000000000e+00
6                                      1.0000000000000000e+00         1.0000000000000000e+00
7                                      1.0000000000000000e+00         1.0000000000000000e+00
   &Temperature [&Type "Double"]       2.9814999999999998e+02
$End
$CIS_ECD_Spectrum
   &GeometryIndex 1
   &Method [&Type "Integer"] 20
   &RelCorrection [&Type "Integer"] 1 "Type of relativistic treatment in QDPT. 0->Unknow, 1->None, 2->SOC, 3->SSC, 4->SOC/SSC"
   &DensType [&Type "Integer"] 3 "Type of density (electron/spin ...). 0->Unknow, 1->Electronic, 2->Spin, 3->Trans/Electronic, 4->Tran/Spin"
   &DeriType [&Type "Integer"] 0 "Type of derivative (w.r.t. to what perturbation). 0->Unknown, 1->No Derivative, 2->Electric/Dipole, 3->Electric/Quad, 4->Magnetic/Dipole, 5->Magnetic/Quad"
   &DensLevel [&Type "Integer"] 0 "// Source of density: relaxed, unrelaxed, ... 0->Unknown, 1->Linearized, 2->Unrelaxed, 3->Relaxed"
   &Density_name [&Type "String"] "Tdens-CIS"
   &Representation [&Type "String"] "Length" "Possible values: Unknown,  Length, Velocity"
   &PointGroup [&Type "String"] "C1"
   &DoHigherMoments [&Type "Boolean"] false
   &NTrans [&Type "Integer"] 8
   &ExcitationEnergies [&Type "ArrayOfDoubles", &Dim (8,10)] 
                                                         0                           1                           2                           3                           4                           5                           6                           7

0                                      9.5107303066405680e-01         7.6709221186015311e+03         1.3036242377889084e+03         4.2092171006130430e+00        -3.7824829343789590e-01         0.0000000000000000e+00         9.3969597879587696e-02         0.0000000000000000e+00
1                                      1.3076242295778473e+00         1.0546701780077168e+04         9.4816372061359550e+02        -7.1840518788856080e+00        -1.0139350333616466e-01         0.0000000000000000e+00         1.4343570969815922e-02         0.0000000000000000e+00
2                                      2.1452249120414226e+00         1.7302407592888838e+04         5.7795424979526706e+02         3.1812204588630522e-01         2.5949541791182396e-01         0.0000000000000000e+00         1.3621419864870456e-02         0.0000000000000000e+00
3                                      2.8789960492177036e+00         2.3220671558619069e+04         4.3065076626899668e+02         5.1400967984478072e+01        -2.3471690782916826e-01         0.0000000000000000e+00         1.1569140863443376e-01         0.0000000000000000e+00
4                                      3.1580052272735437e+00         2.5471032578473674e+04         3.9260285067717655e+02        -3.7649538271623058e+01         2.5807275490575810e-02         0.0000000000000000e+00         9.4311703893784730e-03         0.0000000000000000e+00
5                                      3.2376163637764570e+00         2.6113139764985743e+04         3.8294897090118110e+02        -4.0266758109175406e+01         3.0560806058074974e-01         0.0000000000000000e+00        -1.8869329879576749e-01         0.0000000000000000e+00
6                                      3.6067828557533859e+00         2.9090668637584629e+04         3.4375284131765113e+02        -1.3066178771912595e+00        -4.1499898440101574e-02         0.0000000000000000e+00         1.8939008641521184e-02         0.0000000000000000e+00
7                                      4.2050892826740549e+00         3.3916335916534481e+04         2.9484317010567526e+02        -5.9402752106822852e+01         4.8678894022871365e-02         0.0000000000000000e+00        -9.6740609113708780e-03         0.0000000000000000e+00
                                                         8                           9

0                                      7.3330215644728414e-02         0.0000000000000000e+00
1                                     -5.8675513196965556e-01         0.0000000000000000e+00
2                                     -6.2684030610372241e-02         0.0000000000000000e+00
3                                     -2.0109251960205781e-02         0.0000000000000000e+00
4                                     -1.7438139685682252e-01         0.0000000000000000e+00
5                                     -8.5338245317689534e-02         0.0000000000000000e+00
6                                     -2.6764140709743939e-01         0.0000000000000000e+00
7                                     -7.9921810024999693e-02         0.0000000000000000e+00
   &States [&Type "ArrayOfIntegers", &Dim (8,4)] "The initial and Final states. Col1: Initial State  Col2: Initial Irrep Col3: Final State Col4: Final Irrep"
                                                         0                           1                           2                           3

0                                                        0                           0                           1                           0
1                                                        0                           0                           2                           0
2                                                        0                           0                           3                           0
3                                                        0                           0                           4                           0
4                                                        0                           0                           5                           0
5                                                        0                           0                           6                           0
6                                                        0                           0                           7                           0
7                                                        0                           0                           8                           0
   &Multiplicities [&Type "ArrayOfDoubles", &Dim (8,2)] "Col1: Multiplicity of the initial state  Col2: Multiplicity of the final state"
                                                         0                           1

0                                      1.0000000000000000e+00         1.0000000000000000e+00
1                                      1.0000000000000000e+00         1.0000000000000000e+00
2                                      1.0000000000000000e+00         1.0000000000000000e+00
3                                      1.0000000000000000e+00         1.0000000000000000e+00
4                                      1.0000000000000000e+00         1.0000000000000000e+00
5                                      1.0000000000000000e+00         1.0000000000000000e+00
6                                      1.0000000000000000e+00         1.0000000000000000e+00
7                                      1.0000000000000000e+00         1.0000000000000000e+00
   &Temperature [&Type "Double"]       2.9814999999999998e+02
$End
$CIS_ECD_Spectrum
   &GeometryIndex 1
   &Method [&Type "Integer"] 20
   &RelCorrection [&Type "Integer"] 1 "Type of relativistic treatment in QDPT. 0->Unknow, 1->None, 2->SOC, 3->SSC, 4->SOC/SSC"
   &DensType [&Type "Integer"] 3 "Type of density (electron/spin ...). 0->Unknow, 1->Electronic, 2->Spin, 3->Trans/Electronic, 4->Tran/Spin"
   &DeriType [&Type "Integer"] 0 "Type of derivative (w.r.t. to what perturbation). 0->Unknown, 1->No Derivative, 2->Electric/Dipole, 3->Electric/Quad, 4->Magnetic/Dipole, 5->Magnetic/Quad"
   &DensLevel [&Type "Integer"] 0 "// Source of density: relaxed, unrelaxed, ... 0->Unknown, 1->Linearized, 2->Unrelaxed, 3->Relaxed"
   &Density_name [&Type "String"] "Tdens-CIS"
   &Representation [&Type "String"] "Velocity" "Possible values: Unknown,  Length, Velocity"
   &PointGroup [&Type "String"] "C1"
   &DoHigherMoments [&Type "Boolean"] false
   &NTrans [&Type "Integer"] 8
   &ExcitationEnergies [&Type "ArrayOfDoubles", &Dim (8,10)] 
                                                         0                           1                           2                           3                           4                           5                           6                           7

0                                      9.5107303066405680e-01         7.6709221186015311e+03         1.3036242377889084e+03         8.7593726534308292e-01        -3.7824829343789590e-01         0.0000000000000000e+00         9.3969597879587696e-02         0.0000000000000000e+00
1                                      1.3076242295778473e+00         1.0546701780077168e+04         9.4816372061359550e+02         2.2966277241198600e+01        -1.0139350333616466e-01         0.0000000000000000e+00         1.4343570969815922e-02         0.0000000000000000e+00
2                                      2.1452249120414226e+00         1.7302407592888838e+04         5.7795424979526706e+02        -1.3935826303899292e+00         2.5949541791182396e-01         0.0000000000000000e+00         1.3621419864870456e-02         0.0000000000000000e+00
3                                      2.8789960492177036e+00         2.3220671558619069e+04         4.3065076626899668e+02         1.2534193541030878e+00        -2.3471690782916826e-01         0.0000000000000000e+00         1.1569140863443376e-01         0.0000000000000000e+00
4                                      3.1580052272735437e+00         2.5471032578473674e+04         3.9260285067717655e+02        -1.6565561423683942e+01         2.5807275490575810e-02         0.0000000000000000e+00         9.4311703893784730e-03         0.0000000000000000e+00
5                                      3.2376163637764570e+00         2.6113139764985743e+04         3.8294897090118110e+02        -8.4562461666942941e+00         3.0560806058074974e-01         0.0000000000000000e+00        -1.8869329879576749e-01         0.0000000000000000e+00
6                                      3.6067828557533859e+00         2.9090668637584629e+04         3.4375284131765113e+02        -1.5868063036849842e+00        -4.1499898440101574e-02         0.0000000000000000e+00         1.8939008641521184e-02         0.0000000000000000e+00
7                                      4.2050892826740549e+00         3.3916335916534481e+04         2.9484317010567526e+02        -2.7705069630861207e+01         4.8678894022871365e-02         0.0000000000000000e+00        -9.6740609113708780e-03         0.0000000000000000e+00
                                                         8                           9

0                                      7.3330215644728414e-02         0.0000000000000000e+00
1                                     -5.8675513196965556e-01         0.0000000000000000e+00
2                                     -6.2684030610372241e-02         0.0000000000000000e+00
3                                     -2.0109251960205781e-02         0.0000000000000000e+00
4                                     -1.7438139685682252e-01         0.0000000000000000e+00
5                                     -8.5338245317689534e-02         0.0000000000000000e+00
6                                     -2.6764140709743939e-01         0.0000000000000000e+00
7                                     -7.9921810024999693e-02         0.0000000000000000e+00
   &States [&Type "ArrayOfIntegers", &Dim (8,4)] "The initial and Final states. Col1: Initial State  Col2: Initial Irrep Col3: Final State Col4: Final Irrep"
                                                         0                           1                           2                           3

0                                                        0                           0                           1                           0
1                                                        0                           0                           2                           0
2                                                        0                           0                           3                           0
3                                                        0                           0                           4                           0
4                                                        0                           0                           5                           0
5                                                        0                           0                           6                           0
6                                                        0                           0                           7                           0
7                                                        0                           0                           8                           0
   &Multiplicities [&Type "ArrayOfDoubles", &Dim (8,2)] "Col1: Multiplicity of the initial state  Col2: Multiplicity of the final state"
                                                         0                           1

0                                      1.0000000000000000e+00         1.0000000000000000e+00
1                                      1.0000000000000000e+00         1.0000000000000000e+00
2                                      1.0000000000000000e+00         1.0000000000000000e+00
3                                      1.0000000000000000e+00         1.0000000000000000e+00
4                                      1.0000000000000000e+00         1.0000000000000000e+00
5                                      1.0000000000000000e+00         1.0000000000000000e+00
6                                      1.0000000000000000e+00         1.0000000000000000e+00
7                                      1.0000000000000000e+00         1.0000000000000000e+00
   &Temperature [&Type "Double"]       2.9814999999999998e+02
$End
$CIS_Energies
   &GeometryIndex 1
   &e0 [&Type "Double"]      -9.2836818004821362e+02  "Ground state energy"
   &multP1 [&Type "Boolean"] false "Do the higher multiplicity too?"
   &mode [&Type "String"] "TDA" "CIS mode: CIS, RPA, TDA, TD-DFT, sTDA, sTD-DFT"
   &dCorr [&Type "Integer"] 0 "(D) Correction algorithm"
   &Method [&Type "String"] "TDA/CIS"
   &totalEnergy [&Type "ArrayOfDoubles", &Dim (8,1)] "Total energy of each state"
                                                         0

0                                     -9.2833322875534168e+02
1                                     -9.2832012573909026e+02
2                                     -9.2828934447853646e+02
3                                     -9.2826237888379296e+02
4                                     -9.2825212548454624e+02
5                                     -9.2824919982893607e+02
6                                     -9.2823563320916708e+02
7                                     -9.2821364585122478e+02
   &Mult [&Type "ArrayOfIntegers", &Dim (8,1)] "Multiplicity of each state"
                                                         0

0                                                        1
1                                                        1
2                                                        1
3                                                        1
4                                                        1
5                                                        1
6                                                        1
7                                                        1
   &RelCorr [&Type "String"] "None" "Relativistic correction (SOC and/or SSC)"
   &NBlocks [&Type "Integer"] 1 "Number of multiplicity blocks"
   &NRoots [&Type "ArrayOfIntegers", &Dim (1,1)] "Number of roots in each block"
                                                         0

0                                                        8
   &NTotalRoots [&Type "Integer"] 8 "Total number of roots"
   &Block [&Type "ArrayOfIntegers", &Dim (8,1)] "Block index of each state"
                                                         0

0                                                        0
1                                                        0
2                                                        0
3                                                        0
4                                                        0
5                                                        0
6                                                        0
7                                                        0
   &Root [&Type "ArrayOfIntegers", &Dim (8,1)] "Root index within the block"
                                                         0

0                                                        0
1                                                        1
2                                                        2
3                                                        3
4                                                        4
5                                                        5
6                                                        6
7                                                        7
$End
$Single_Point_Data
   &GeometryIndex 1
   &FinalEnergy [&Type "Double"]      -9.2833322875534168e+02  "Final single point energy"
   &Converged [&Type "Boolean"] true
$End
$Calculation_Info
   &GeometryIndex 1
   &Mult [&Type "Integer"] 1
   &Charge [&Type "Integer"] 0
   &NumOfAtoms [&Type "Integer"] 30
   &NumOfElectrons [&Type "Integer"] 136
   &NumOfBasisFuncts [&Type "Integer"] 364
   &NumOfAuxCBasisFuncts [&Type "Integer"] 0
   &NumOfAuxJBasisFuncts [&Type "Integer"] 1052
   &NumOfAuxJKBasisFuncts [&Type "Integer"] 0
   &NumOfCABSBasisFuncts [&Type "Integer"] 0
$End
$SCF_Dipole_Moment
   &GeometryIndex 1
   &dipoleMagnitude [&Type "Double", &Units "a.u."]       5.1459532675193840e+00
   &dipoleElecContrib [&Type "ArrayOfDoubles", &Dim (3,1)] "Electronic contribution"
                                                         0

0                                      2.0929958631745230e+01
1                                      4.6848329013997991e-01
2                                     -2.3765988335480057e+00
   &dipoleNucContrib [&Type "ArrayOfDoubles", &Dim (3,1)] "Nuclear contribution"
                                                         0

0                                     -2.4661836144674751e+01
1                                      2.5985749316946460e+00
2                                      4.1505997140046658e+00
   &dipoleTotal [&Type "ArrayOfDoubles", &Dim (3,1)] "Total"
                                                         0

0                                     -3.7318775129295219e+00
1                                      3.0670582218346261e+00
2                                      1.7740008804566600e+00
   &doAtomicDipole [&Type "Boolean"] false
   &Method [&Type "String"] "SCF"
   &Level [&Type "String"] "Relaxed density"
   &Mult [&Type "Integer"] 1
   &State [&Type "Integer"] -1
   &Irrep [&Type "Integer"] 0
$End
$Calculation_Timings
   &GeometryIndex 1
   &GTOINT [&Type "Double"]       3.3382959999999997e+00
   &SCF [&Type "Double"]       1.3831368399999999e+02
   &CIS [&Type "Double"]       4.9149943000000007e+01
   &PROPINT [&Type "Double"]       1.5612370000000055e+00
   &PROP [&Type "Double"]       1.4908760000000143e+00
   &SUM [&Type "Double"]       1.9385403600000001e+02
$End
