*************************************************
******************* ORCA 6.1.1 ******************
*************************************************
$Calculation_Status
   &GeometryIndex 1
   &version [&Type "String"] "6.1.1"
   &progName [&Type "String"] "ProgCIS"
   &Status [&Type "String"] "NORMAL TERMINATION"
$End
$Geometry
   &GeometryIndex 1
   &NAtoms [&Type "Integer"] 52
   &NCorelessECP [&Type "Integer"] 0
   &NGhostAtoms [&Type "Integer"] 0
   &CartesianCoordinates [&Type "Coordinates", &Dim(52,4), &Units "Bohr"] 
              C     13.954348156824    1.054915603733    1.811497083691
              C     11.588848991283   -0.072915737259    0.611107445230
              O     11.697331570835   -2.058529466886   -0.568708098401
              N      9.351913149020    1.271486395113    0.912668069276
              C      7.014632457889    0.276705490216   -0.019031153689
              C      6.820607448446   -0.754449716839   -2.454787256690
              C      4.512235642281   -1.630503739060   -3.343164523044
              C      2.324241894436   -1.512656837680   -1.844856955758
              C      2.516770291795   -0.487188844382    0.584904901852
              C      4.835917995809    0.384900862822    1.478267674876
              N      0.080407667189   -2.532128766691   -2.842693499624
              C     -2.324456618689   -2.636296962332   -1.751735755558
              C     -3.441366907803   -5.054369866878   -1.668020682848
              C     -5.783831041815   -5.472951175870   -0.616427358785
              C     -7.232026570296   -3.478741827937    0.493032964472
              C     -6.159429838777   -0.994576119221    0.353695789402
              C     -3.752617501836   -0.571007891990   -0.819180388062
              C     -2.868059576237    2.068302719285   -1.292812031181
              O     -0.943054517443    2.511511757963   -2.513355163949
              C     -4.399331667448    4.197336983425   -0.288707064349
              C     -3.539693658286    6.678654906509   -0.640665772439
              C     -4.926391922694    8.698992086292    0.312294185065
              C     -7.185012364687    8.258936503039    1.625776175355
              C     -8.051065240921    5.801242250367    1.975480268857
              C     -6.661474828166    3.757334444493    1.017653040055
              C     -7.635131167778    1.151250772718    1.371356284020
              O     -9.679334037566    0.864609728935    2.490590818125
              N     -9.473529789641   -3.955071780388    1.619723995683
              S     -6.847435245104   -8.676709416268   -0.547101144249
              O     -9.571484943462   -8.731959270502   -0.978075680633
              O     -5.107258774602  -10.241157537065   -2.012100042774
              O     -6.488993753120   -9.451722952820    2.439927278506
              C      9.238397041740    3.567913837491    2.451889057339
              H     13.724763088552    1.415048985396    3.837881265177
              H     14.485964093406    2.844800857451    0.910869502982
              H     15.480403696961   -0.302204453394    1.531977161298
              H      8.479786220290   -0.877923232695   -3.642842120710
              H      4.391391705993   -2.399031373185   -5.246355183807
              H      0.874305530298   -0.407470942148    1.808743730708
              H      4.936008882036    1.135385170031    3.385847025959
              H      0.405129643037   -3.960456989508   -4.072275897527
              H     -2.407228265458   -6.659574413915   -2.420571582484
              H     -1.786066486001    6.964205759996   -1.663543755361
              H     -4.256902622110   10.621060182981    0.037508823041
              H     -8.265551519856    9.839678691050    2.368265775546
              H     -9.798239014935    5.413276257296    2.974499010030
              H    -10.375112455233   -5.599616928593    1.246947175944
              H    -10.432989085647   -2.425139582897    2.273230132204
              H     -4.913169938884  -10.402259042883    2.576569323167
              H      9.050622724610    3.169893608976    4.482260805245
              H     10.931472944855    4.712607967577    2.170870386782
              H      7.610738554706    4.686563027231    1.853288957412
$End
$SCF_Mulliken_Population_Analysis
   &GeometryIndex 1
   &NAtoms [&Type "Integer"] 52
   &ATNO [&Type "ArrayOfIntegers", &Dim (52,1)] 
                                                         0

0                                                        6
1                                                        6
2                                                        8
3                                                        7
4                                                        6
5                                                        6
6                                                        6
7                                                        6
8                                                        6
9                                                        6
10                                                       7
11                                                       6
12                                                       6
13                                                       6
14                                                       6
15                                                       6
16                                                       6
17                                                       6
18                                                       8
19                                                       6
20                                                       6
21                                                       6
22                                                       6
23                                                       6
24                                                       6
25                                                       6
26                                                       8
27                                                       7
28                                                      16
29                                                       8
30                                                       8
31                                                       8
32                                                       6
33                                                       1
34                                                       1
35                                                       1
36                                                       1
37                                                       1
38                                                       1
39                                                       1
40                                                       1
41                                                       1
42                                                       1
43                                                       1
44                                                       1
45                                                       1
46                                                       1
47                                                       1
48                                                       1
49                                                       1
50                                                       1
51                                                       1
   &AtomicCharges [&Type "ArrayOfDoubles", &Dim (52,1)] 
                                                         0

0                                     -5.5923358106860643e-01
1                                      5.0684791851490640e-01
2                                     -4.7932044208718949e-01
3                                     -4.6429723874737938e-01
4                                      2.5463339795158113e-01
5                                     -1.4610690319257813e-01
6                                     -2.2284456374823947e-01
7                                      3.4173399349424383e-01
8                                     -1.8596010093660453e-01
9                                     -1.9456275399527634e-01
10                                    -7.1098290814273746e-01
11                                     2.6826018151149178e-01
12                                    -1.9851299140006073e-01
13                                    -2.4606881281371074e-01
14                                     3.1535194044703818e-01
15                                    -2.6734004043438730e-02
16                                     7.8583817686945778e-03
17                                     2.9681824956238501e-01
18                                    -4.1609564535168886e-01
19                                     4.1156853419148653e-02
20                                    -1.8170827334212092e-01
21                                    -1.3836108648260659e-01
22                                    -1.3836981860879405e-01
23                                    -1.8065493382222364e-01
24                                     4.4041665346545855e-02
25                                     3.1222613291024270e-01
26                                    -4.7997451090539656e-01
27                                    -8.2187057007213582e-01
28                                     1.2581317818492366e+00
29                                    -5.3179540375956336e-01
30                                    -5.2972893357822493e-01
31                                    -6.6283092904601659e-01
32                                    -3.3664973986316404e-01
33                                     1.8107544352189930e-01
34                                     1.8738323897091302e-01
35                                     1.8731982272325820e-01
36                                     1.6446313830744086e-01
37                                     1.5035840515628296e-01
38                                     1.4449292384996792e-01
39                                     1.5171391694919723e-01
40                                     3.5354841133612558e-01
41                                     2.1000737183562834e-01
42                                     1.7680446473368250e-01
43                                     1.6566406869237393e-01
44                                     1.6580654260816752e-01
45                                     1.7656993929486231e-01
46                                     3.8293345006696811e-01
47                                     3.9541107053024716e-01
48                                     4.7668481325056578e-01
49                                     1.7009075374941074e-01
50                                     1.8027894767204744e-01
51                                     1.8499692498306275e-01
   &Method [&Type "String"] "SCF"
   &Level [&Type "String"] "Relaxed density"
   &Mult [&Type "Integer"] 1
   &State [&Type "Integer"] -1
   &Irrep [&Type "Integer"] 0
$End
$SCF_Loewdin_Population_Analysis
   &GeometryIndex 1
   &NAtoms [&Type "Integer"] 52
   &ATNO [&Type "ArrayOfIntegers", &Dim (52,1)] 
                                                         0

0                                                        6
1                                                        6
2                                                        8
3                                                        7
4                                                        6
5                                                        6
6                                                        6
7                                                        6
8                                                        6
9                                                        6
10                                                       7
11                                                       6
12                                                       6
13                                                       6
14                                                       6
15                                                       6
16                                                       6
17                                                       6
18                                                       8
19                                                       6
20                                                       6
21                                                       6
22                                                       6
23                                                       6
24                                                       6
25                                                       6
26                                                       8
27                                                       7
28                                                      16
29                                                       8
30                                                       8
31                                                       8
32                                                       6
33                                                       1
34                                                       1
35                                                       1
36                                                       1
37                                                       1
38                                                       1
39                                                       1
40                                                       1
41                                                       1
42                                                       1
43                                                       1
44                                                       1
45                                                       1
46                                                       1
47                                                       1
48                                                       1
49                                                       1
50                                                       1
51                                                       1
   &AtomicCharges [&Type "ArrayOfDoubles", &Dim (52,1)] 
                                                         0

0                                     -3.9829255191577673e-01
1                                      1.2489637222008554e-01
2                                     -2.9198908184740091e-01
3                                     -7.6697373707449223e-02
4                                      1.0659034922598565e-02
5                                     -1.2256913142213133e-01
6                                     -1.5894659093832697e-01
7                                      3.5626190150463088e-02
8                                     -1.5930320374587215e-01
9                                     -1.4204308919627540e-01
10                                    -1.8472478367231560e-01
11                                     2.4971944062361473e-02
12                                    -9.0437285595753814e-02
13                                    -2.1547315358202734e-01
14                                     7.7777904300990741e-02
15                                    -9.3678371452337927e-02
16                                    -4.2965158426765626e-02
17                                     1.2408334835354484e-01
18                                    -2.0435903469364547e-01
19                                    -4.6043474829854603e-02
20                                    -1.0124416769901945e-01
21                                    -1.1416180007699150e-01
22                                    -1.1493307894583804e-01
23                                    -1.0102198224206038e-01
24                                    -4.5556034354505393e-02
25                                     1.3815807856622264e-01
26                                    -2.5734133276004556e-01
27                                    -3.6206050108505838e-01
28                                     1.3012938407862880e+00
29                                    -5.5461305521055237e-01
30                                    -5.6203327404513992e-01
31                                    -5.2515492877307857e-01
32                                    -2.7995810224758344e-01
33                                     1.4883809571316209e-01
34                                     1.5247148530976473e-01
35                                     1.5330319300243911e-01
36                                     1.5131767939221719e-01
37                                     1.4060096909645359e-01
38                                     1.4022038752443833e-01
39                                     1.4262552712253229e-01
40                                     2.6906869032212444e-01
41                                     1.7059950336023932e-01
42                                     1.5600694474104437e-01
43                                     1.4779979207620486e-01
44                                     1.4788431160522197e-01
45                                     1.5586132036395361e-01
46                                     2.6930306560016559e-01
47                                     2.7768453800734560e-01
48                                     3.6649134070087630e-01
49                                     1.2895616604835269e-01
50                                     1.4268593560586529e-01
51                                     1.4641488351063425e-01
   &Method [&Type "String"] "SCF"
   &Level [&Type "String"] "Relaxed density"
   &Mult [&Type "Integer"] 1
   &State [&Type "Integer"] -1
   &Irrep [&Type "Integer"] 0
$End
$SCF_Mayer_Population_Analysis
   &GeometryIndex 1
   &NAtoms [&Type "Integer"] 52 "Total number of atoms"
   &NBondOrdersPrint [&Type "Integer"] 56 "The number of bond orders larger than threshold"
   &bondThresh [&Type "Double"]       1.0000000000000001e-01  "The threshold for printing"
   &components [&Type "ArrayOfIntegers", &Dim (56,4)] "The indices and atomic numbers of the bonding atoms"
                                                         0                           1                           2                           3

0                                                        0                           6                           1                           6
1                                                        0                           6                          33                           1
2                                                        0                           6                          34                           1
3                                                        0                           6                          35                           1
4                                                        1                           6                           2                           8
5                                                        1                           6                           3                           7
6                                                        3                           7                           4                           6
7                                                        3                           7                          32                           6
8                                                        4                           6                           5                           6
9                                                        4                           6                           9                           6
10                                                       5                           6                           6                           6
11                                                       5                           6                          36                           1
12                                                       6                           6                           7                           6
13                                                       6                           6                          37                           1
14                                                       7                           6                           8                           6
15                                                       7                           6                          10                           7
16                                                       8                           6                           9                           6
17                                                       8                           6                          38                           1
18                                                       9                           6                          39                           1
19                                                      10                           7                          11                           6
20                                                      10                           7                          40                           1
21                                                      11                           6                          12                           6
22                                                      11                           6                          16                           6
23                                                      12                           6                          13                           6
24                                                      12                           6                          41                           1
25                                                      13                           6                          14                           6
26                                                      13                           6                          28                          16
27                                                      14                           6                          15                           6
28                                                      14                           6                          27                           7
29                                                      15                           6                          16                           6
30                                                      15                           6                          25                           6
31                                                      16                           6                          17                           6
32                                                      17                           6                          18                           8
33                                                      17                           6                          19                           6
34                                                      19                           6                          20                           6
35                                                      19                           6                          24                           6
36                                                      20                           6                          21                           6
37                                                      20                           6                          42                           1
38                                                      21                           6                          22                           6
39                                                      21                           6                          43                           1
40                                                      22                           6                          23                           6
41                                                      22                           6                          44                           1
42                                                      23                           6                          24                           6
43                                                      23                           6                          45                           1
44                                                      24                           6                          25                           6
45                                                      25                           6                          26                           8
46                                                      26                           8                          47                           1
47                                                      27                           7                          46                           1
48                                                      27                           7                          47                           1
49                                                      28                          16                          29                           8
50                                                      28                          16                          30                           8
51                                                      28                          16                          31                           8
52                                                      31                           8                          48                           1
53                                                      32                           6                          49                           1
54                                                      32                           6                          50                           1
55                                                      32                           6                          51                           1
   &BondOrders [&Type "ArrayOfDoubles", &Dim (56,1)] "The bond orders"
                                                         0

0                                      9.8354279196046956e-01
1                                      9.3211477376004015e-01
2                                      9.3012827769546402e-01
3                                      9.4214797738339406e-01
4                                      1.8774235723789225e+00
5                                      1.1035692540161310e+00
6                                      8.9148222875167771e-01
7                                      9.4796882387467352e-01
8                                      1.4190319993561842e+00
9                                      1.4283778938699678e+00
10                                     1.4646436342209723e+00
11                                     9.1536485710285898e-01
12                                     1.3794203499277289e+00
13                                     9.2503971596980961e-01
14                                     1.4173660231641374e+00
15                                     9.3494534526612671e-01
16                                     1.4359863865831544e+00
17                                     9.1800269470105056e-01
18                                     9.2135661079537989e-01
19                                     9.8472056230565086e-01
20                                     8.2677695212094782e-01
21                                     1.2977610168265596e+00
22                                     1.3820057702212452e+00
23                                     1.4810493925531785e+00
24                                     8.9338634961064400e-01
25                                     1.1951569903756578e+00
26                                     8.2401195610038158e-01
27                                     1.2909341062334225e+00
28                                     1.2094057824563851e+00
29                                     1.2798995996128428e+00
30                                     1.0228494814769495e+00
31                                     9.5995116208861553e-01
32                                     1.8853925346369027e+00
33                                     9.7496172917703872e-01
34                                     1.3874735663741182e+00
35                                     1.3825589011091748e+00
36                                     1.4347475933344636e+00
37                                     9.1086176359058002e-01
38                                     1.4093809297705813e+00
39                                     9.3087932530776496e-01
40                                     1.4353313989302579e+00
41                                     9.3086476822160513e-01
42                                     1.3843845239357273e+00
43                                     9.1113046765244343e-01
44                                     9.9353256547053237e-01
45                                     1.7551490959778810e+00
46                                     1.1455260293589081e-01
47                                     7.7272106624951009e-01
48                                     7.2646724462358547e-01
49                                     1.6719450959640385e+00
50                                     1.6901908362921347e+00
51                                     9.4921756436482241e-01
52                                     7.2583493610985195e-01
53                                     9.3615732809026209e-01
54                                     9.3551570610734236e-01
55                                     9.3869116250517148e-01
   &ATNO [&Type "ArrayOfIntegers", &Dim (52,1)] "Atomic number of the elements"
                                                         0

0                                                        6
1                                                        6
2                                                        8
3                                                        7
4                                                        6
5                                                        6
6                                                        6
7                                                        6
8                                                        6
9                                                        6
10                                                       7
11                                                       6
12                                                       6
13                                                       6
14                                                       6
15                                                       6
16                                                       6
17                                                       6
18                                                       8
19                                                       6
20                                                       6
21                                                       6
22                                                       6
23                                                       6
24                                                       6
25                                                       6
26                                                       8
27                                                       7
28                                                      16
29                                                       8
30                                                       8
31                                                       8
32                                                       6
33                                                       1
34                                                       1
35                                                       1
36                                                       1
37                                                       1
38                                                       1
39                                                       1
40                                                       1
41                                                       1
42                                                       1
43                                                       1
44                                                       1
45                                                       1
46                                                       1
47                                                       1
48                                                       1
49                                                       1
50                                                       1
51                                                       1
   &NA [&Type "ArrayOfDoubles", &Dim (52,1)] "Mulliken gross atomic population"
                                                         0

0                                      6.5592335810686064e+00
1                                      5.4931520814850971e+00
2                                      8.4793204420871859e+00
3                                      7.4642972387473820e+00
4                                      5.7453666020484180e+00
5                                      6.1461069031925790e+00
6                                      6.2228445637482430e+00
7                                      5.6582660065057588e+00
8                                      6.1859601009366063e+00
9                                      6.1945627539952763e+00
10                                     7.7109829081427366e+00
11                                     5.7317398184885064e+00
12                                     6.1985129914000598e+00
13                                     6.2460688128137125e+00
14                                     5.6846480595529600e+00
15                                     6.0267340040434378e+00
16                                     5.9921416182313099e+00
17                                     5.7031817504376150e+00
18                                     8.4160956453516835e+00
19                                     5.9588431465808469e+00
20                                     6.1817082733421218e+00
21                                     6.1383610864826093e+00
22                                     6.1383698186087958e+00
23                                     6.1806549338222219e+00
24                                     5.9559583346534604e+00
25                                     5.6877738670897582e+00
26                                     8.4799745109053983e+00
27                                     7.8218705700721358e+00
28                                     1.4741868218150765e+01
29                                     8.5317954037595598e+00
30                                     8.5297289335782267e+00
31                                     8.6628309290460237e+00
32                                     6.3366497398631623e+00
33                                     8.1892455647810070e-01
34                                     8.1261676102908675e-01
35                                     8.1268017727674191e-01
36                                     8.3553686169255981e-01
37                                     8.4964159484371704e-01
38                                     8.5550707615003196e-01
39                                     8.4828608305080255e-01
40                                     6.4645158866387453e-01
41                                     7.8999262816437144e-01
42                                     8.2319553526631750e-01
43                                     8.3433593130762596e-01
44                                     8.3419345739183237e-01
45                                     8.2343006070513769e-01
46                                     6.1706654993303212e-01
47                                     6.0458892946975296e-01
48                                     5.2331518674943422e-01
49                                     8.2990924625058926e-01
50                                     8.1972105232795234e-01
51                                     8.1500307501693747e-01
   &ZA [&Type "ArrayOfDoubles", &Dim (52,1)] "Total nuclear charge"
                                                         0

0                                      6.0000000000000000e+00
1                                      6.0000000000000000e+00
2                                      8.0000000000000000e+00
3                                      7.0000000000000000e+00
4                                      6.0000000000000000e+00
5                                      6.0000000000000000e+00
6                                      6.0000000000000000e+00
7                                      6.0000000000000000e+00
8                                      6.0000000000000000e+00
9                                      6.0000000000000000e+00
10                                     7.0000000000000000e+00
11                                     6.0000000000000000e+00
12                                     6.0000000000000000e+00
13                                     6.0000000000000000e+00
14                                     6.0000000000000000e+00
15                                     6.0000000000000000e+00
16                                     6.0000000000000000e+00
17                                     6.0000000000000000e+00
18                                     8.0000000000000000e+00
19                                     6.0000000000000000e+00
20                                     6.0000000000000000e+00
21                                     6.0000000000000000e+00
22                                     6.0000000000000000e+00
23                                     6.0000000000000000e+00
24                                     6.0000000000000000e+00
25                                     6.0000000000000000e+00
26                                     8.0000000000000000e+00
27                                     7.0000000000000000e+00
28                                     1.6000000000000000e+01
29                                     8.0000000000000000e+00
30                                     8.0000000000000000e+00
31                                     8.0000000000000000e+00
32                                     6.0000000000000000e+00
33                                     1.0000000000000000e+00
34                                     1.0000000000000000e+00
35                                     1.0000000000000000e+00
36                                     1.0000000000000000e+00
37                                     1.0000000000000000e+00
38                                     1.0000000000000000e+00
39                                     1.0000000000000000e+00
40                                     1.0000000000000000e+00
41                                     1.0000000000000000e+00
42                                     1.0000000000000000e+00
43                                     1.0000000000000000e+00
44                                     1.0000000000000000e+00
45                                     1.0000000000000000e+00
46                                     1.0000000000000000e+00
47                                     1.0000000000000000e+00
48                                     1.0000000000000000e+00
49                                     1.0000000000000000e+00
50                                     1.0000000000000000e+00
51                                     1.0000000000000000e+00
   &QA [&Type "ArrayOfDoubles", &Dim (52,1)] "Mulliken gross atomic charge"
                                                         0

0                                     -5.5923358106860643e-01
1                                      5.0684791851490285e-01
2                                     -4.7932044208718594e-01
3                                     -4.6429723874738205e-01
4                                      2.5463339795158202e-01
5                                     -1.4610690319257902e-01
6                                     -2.2284456374824302e-01
7                                      3.4173399349424116e-01
8                                     -1.8596010093660631e-01
9                                     -1.9456275399527634e-01
10                                    -7.1098290814273657e-01
11                                     2.6826018151149356e-01
12                                    -1.9851299140005985e-01
13                                    -2.4606881281371251e-01
14                                     3.1535194044703996e-01
15                                    -2.6734004043437842e-02
16                                     7.8583817686901369e-03
17                                     2.9681824956238501e-01
18                                    -4.1609564535168353e-01
19                                     4.1156853419153094e-02
20                                    -1.8170827334212181e-01
21                                    -1.3836108648260925e-01
22                                    -1.3836981860879582e-01
23                                    -1.8065493382222186e-01
24                                     4.4041665346539638e-02
25                                     3.1222613291024182e-01
26                                    -4.7997451090539833e-01
27                                    -8.2187057007213582e-01
28                                     1.2581317818492348e+00
29                                    -5.3179540375955980e-01
30                                    -5.2972893357822670e-01
31                                    -6.6283092904602370e-01
32                                    -3.3664973986316227e-01
33                                     1.8107544352189930e-01
34                                     1.8738323897091325e-01
35                                     1.8731982272325809e-01
36                                     1.6446313830744019e-01
37                                     1.5035840515628296e-01
38                                     1.4449292384996804e-01
39                                     1.5171391694919745e-01
40                                     3.5354841133612547e-01
41                                     2.1000737183562856e-01
42                                     1.7680446473368250e-01
43                                     1.6566406869237404e-01
44                                     1.6580654260816763e-01
45                                     1.7656993929486231e-01
46                                     3.8293345006696788e-01
47                                     3.9541107053024704e-01
48                                     4.7668481325056578e-01
49                                     1.7009075374941074e-01
50                                     1.8027894767204766e-01
51                                     1.8499692498306253e-01
   &VA [&Type "ArrayOfDoubles", &Dim (52,1)] "Mayer's total valence"
                                                         0

0                                      3.8024373151577517e+00
1                                      4.0090452118879476e+00
2                                      2.0647971979888617e+00
3                                      3.0216333484635882e+00
4                                      3.9234512634237584e+00
5                                      3.9447843029029608e+00
6                                      3.9219293499267271e+00
7                                      3.9060035188806204e+00
8                                      3.9425813170770727e+00
9                                      3.9383007779734984e+00
10                                     2.9305116531146354e+00
11                                     3.8552475359858636e+00
12                                     3.9337211341191720e+00
13                                     3.7666894122336689e+00
14                                     3.8847611497927574e+00
15                                     3.7948524920651661e+00
16                                     3.8270699488262672e+00
17                                     3.9311037593380411e+00
18                                     2.1109724655951889e+00
19                                     3.8802281662412099e+00
20                                     3.9007577850313053e+00
21                                     3.9022510783236433e+00
22                                     3.9025355458223823e+00
23                                     3.8985306240960829e+00
24                                     3.8970963285894573e+00
25                                     3.9016311683244576e+00
26                                     2.0767986265173750e+00
27                                     2.8790048721543693e+00
28                                     5.2498907098493142e+00
29                                     1.9172227805913531e+00
30                                     1.9268159185235807e+00
31                                     1.8030371351853995e+00
32                                     3.8029842632886464e+00
33                                     9.2898732453187804e-01
34                                     9.2756316217104440e-01
35                                     9.3991047834852393e-01
36                                     9.4676432905453278e-01
37                                     9.3789095870484196e-01
38                                     9.4495346589982188e-01
39                                     9.3850425963499728e-01
40                                     8.4776327506768812e-01
41                                     9.3415180264032793e-01
42                                     9.4466476290961299e-01
43                                     9.3418281112083912e-01
44                                     9.3417332507799788e-01
45                                     9.4432213324957526e-01
46                                     8.5065220836722777e-01
47                                     8.5710590942979659e-01
48                                     7.5811434939297195e-01
49                                     9.2364034151229746e-01
50                                     9.3156273923789912e-01
51                                     9.3431051389513087e-01
   &BVA [&Type "ArrayOfDoubles", &Dim (52,1)] "Mayer's bonded valence"
                                                         0

0                                      3.8024373151577366e+00
1                                      4.0090452118879654e+00
2                                      2.0647971979888684e+00
3                                      3.0216333484636024e+00
4                                      3.9234512634237744e+00
5                                      3.9447843029029395e+00
6                                      3.9219293499267573e+00
7                                      3.9060035188806657e+00
8                                      3.9425813170770962e+00
9                                      3.9383007779735539e+00
10                                     2.9305116531147268e+00
11                                     3.8552475359858751e+00
12                                     3.9337211341191525e+00
13                                     3.7666894122336725e+00
14                                     3.8847611497927437e+00
15                                     3.7948524920651456e+00
16                                     3.8270699488262010e+00
17                                     3.9311037593380544e+00
18                                     2.1109724655952249e+00
19                                     3.8802281662411922e+00
20                                     3.9007577850312805e+00
21                                     3.9022510783236433e+00
22                                     3.9025355458223858e+00
23                                     3.8985306240960558e+00
24                                     3.8970963285894875e+00
25                                     3.9016311683245251e+00
26                                     2.0767986265173928e+00
27                                     2.8790048721543755e+00
28                                     5.2498907098493177e+00
29                                     1.9172227805913167e+00
30                                     1.9268159185236033e+00
31                                     1.8030371351854804e+00
32                                     3.8029842632886224e+00
33                                     9.2898732453186939e-01
34                                     9.2756316217103219e-01
35                                     9.3991047834851571e-01
36                                     9.4676432905452135e-01
37                                     9.3789095870484807e-01
38                                     9.4495346589982865e-01
39                                     9.3850425963500195e-01
40                                     8.4776327506769333e-01
41                                     9.3415180264032083e-01
42                                     9.4466476290962109e-01
43                                     9.3418281112083634e-01
44                                     9.3417332507799911e-01
45                                     9.4432213324956704e-01
46                                     8.5065220836723099e-01
47                                     8.5710590942979759e-01
48                                     7.5811434939297495e-01
49                                     9.2364034151228580e-01
50                                     9.3156273923789656e-01
51                                     9.3431051389513142e-01
   &FA [&Type "ArrayOfDoubles", &Dim (52,1)] "Mayer's free valence"
                                                         0

0                                      0.0000000000000000e+00
1                                      0.0000000000000000e+00
2                                      0.0000000000000000e+00
3                                      0.0000000000000000e+00
4                                      0.0000000000000000e+00
5                                      0.0000000000000000e+00
6                                      0.0000000000000000e+00
7                                      0.0000000000000000e+00
8                                      0.0000000000000000e+00
9                                      0.0000000000000000e+00
10                                     0.0000000000000000e+00
11                                     0.0000000000000000e+00
12                                     0.0000000000000000e+00
13                                     0.0000000000000000e+00
14                                     0.0000000000000000e+00
15                                     0.0000000000000000e+00
16                                     0.0000000000000000e+00
17                                     0.0000000000000000e+00
18                                     0.0000000000000000e+00
19                                     0.0000000000000000e+00
20                                     0.0000000000000000e+00
21                                     0.0000000000000000e+00
22                                     0.0000000000000000e+00
23                                     0.0000000000000000e+00
24                                     0.0000000000000000e+00
25                                     0.0000000000000000e+00
26                                     0.0000000000000000e+00
27                                     0.0000000000000000e+00
28                                     0.0000000000000000e+00
29                                     0.0000000000000000e+00
30                                     0.0000000000000000e+00
31                                     0.0000000000000000e+00
32                                     0.0000000000000000e+00
33                                     0.0000000000000000e+00
34                                     0.0000000000000000e+00
35                                     0.0000000000000000e+00
36                                     0.0000000000000000e+00
37                                     0.0000000000000000e+00
38                                     0.0000000000000000e+00
39                                     0.0000000000000000e+00
40                                     0.0000000000000000e+00
41                                     0.0000000000000000e+00
42                                     0.0000000000000000e+00
43                                     0.0000000000000000e+00
44                                     0.0000000000000000e+00
45                                     0.0000000000000000e+00
46                                     0.0000000000000000e+00
47                                     0.0000000000000000e+00
48                                     0.0000000000000000e+00
49                                     0.0000000000000000e+00
50                                     0.0000000000000000e+00
51                                     0.0000000000000000e+00
   &Method [&Type "String"] "SCF"
   &Level [&Type "String"] "Relaxed density"
   &Mult [&Type "Integer"] 1
   &State [&Type "Integer"] -1
   &Irrep [&Type "Integer"] 0
$End
$SCF_Energy
   &GeometryIndex 1
   &Method [&Type "String"] "SCF"
   &totalEnergy [&Type "ArrayOfDoubles", &Dim (1,1)] "Total energy of each state"
                                                         0

0                                     -1.9009066055765934e+03
   &Mult [&Type "ArrayOfIntegers", &Dim (1,1)] "Multiplicity of each state"
                                                         0

0                                                        1
$End
$DFT_Energy
   &GeometryIndex 1
   &nAlphaEl [&Type "Integer"] 121
   &nBetaEl [&Type "Integer"] 121
   &nTotalEl [&Type "Integer"] 242
   &finalEn [&Type "Double"]      -1.9009066055765934e+03  "No Van der Waals correction"
   &eExchange [&Type "Double"]       0.0000000000000000e+00
   &eCorr [&Type "Double"]       0.0000000000000000e+00
   &eXC [&Type "Double"]      -1.6856185796959306e+02
   &eCNL [&Type "Double"]       0.0000000000000000e+00
$End
$Solvation_Details
   &GeometryIndex 1
   &Solvent [&Type "String"] "TOLUENE"
   &Epsilon [&Type "Double"]       2.3870000000000000e+00
   &Refrac [&Type "Double"]       1.4961000000000000e+00
   &RSolv [&Type "Double"]       1.3000000000000000e+00
   &SurfaceType [&Type "String"] "GAUSSIAN VDW"
   &CPCMDielEnergy [&Type "Double"]      -2.2965360000000001e-02
   &NPoints [&Type "Integer"] 4433
   &SurfaceArea [&Type "Double"]       1.6376601045830000e+03
$End
$SCF_Timings
   &GeometryIndex 1
   &TOTAL [&Type "Double"]       1.6406764200000001e+02
   &PREP [&Type "Double"]       1.4565950000000001e+00
   &FOCK [&Type "Double"]       1.5530507899999998e+02
   &DENS [&Type "Double"]       2.1123500000000206e-01
   &ETOT [&Type "Double"]       1.0959499999998634e-01
   &POP [&Type "Double"]       8.1535999999999831e-02
   &TRAFO [&Type "Double"]       1.6123100000000434e-01
   &DIIS [&Type "Double"]       7.7921300000000393e-01
   &SOSCF [&Type "Double"]       6.4748499999998543e-01
   &XC [&Type "Double"]       7.7557150000000323e+00
   &FOCKSTART [&Type "Double"]       2.6317000000023238e-02
   &SOLV [&Type "Double"]       1.6119909000000021e+01
   &SOLV_INIT [&Type "Double"]       7.3755000000000015e-01
   &SOLV_FINAL [&Type "Double"]       9.9999999747524271e-07
   &INT_PREP [&Type "Double"]       8.0000000295399332e-06
   &INT_BF [&Type "Double"]       1.8843299999998031e+00
   &INT_DENS [&Type "Double"]       1.7238000000004039e+00
   &INT_DENSIO [&Type "Double"]       4.9760505395800085e+05
   &INT_FUNC [&Type "Double"]       5.9891399999923145e-01
   &INT_POT [&Type "Double"]       1.6415790000004566e+00
   &INT_POTIO [&Type "Double"]       5.5187000000294972e-02
   &INT_SUM [&Type "Double"]       1.4860000000158635e-03
   &SPLITRIJ [&Type "Double"]       9.9965110000000035e+00
   &COSX [&Type "Double"]       1.2788300200000000e+02
   &FROZCORE [&Type "Double"]       1.6026999999979807e-02
$End
$CIS_Absorption_Spectrum
   &GeometryIndex 1
   &Method [&Type "Integer"] 20
   &RelCorrection [&Type "Integer"] 1 "Type of relativistic treatment in QDPT. 0->Unknow, 1->None, 2->SOC, 3->SSC, 4->SOC/SSC"
   &DensType [&Type "Integer"] 3 "Type of density (electron/spin ...). 0->Unknow, 1->Electronic, 2->Spin, 3->Trans/Electronic, 4->Tran/Spin"
   &DeriType [&Type "Integer"] 0 "Type of derivative (w.r.t. to what perturbation). 0->Unknown, 1->No Derivative, 2->Electric/Dipole, 3->Electric/Quad, 4->Magnetic/Dipole, 5->Magnetic/Quad"
   &DensLevel [&Type "Integer"] 0 "// Source of density: relaxed, unrelaxed, ... 0->Unknown, 1->Linearized, 2->Unrelaxed, 3->Relaxed"
   &Density_name [&Type "String"] "Tdens-CIS"
   &Representation [&Type "String"] "Length" "Possible values: Unknown,  Length, Velocity"
   &PointGroup [&Type "String"] "C1"
   &DoHigherMoments [&Type "Boolean"] false
   &NTrans [&Type "Integer"] 8
   &ExcitationEnergies [&Type "ArrayOfDoubles", &Dim (8,11)] 
                                                         0                           1                           2                           3                           4                           5                           6                           7

0                                      2.4838984563048867e+00         2.0033994230207165e+04         4.9915158630334662e+02         2.6619706686256855e-01         4.3743276388571930e+00         1.3090823899398174e+00         0.0000000000000000e+00        -1.6001122748062500e+00
1                                      3.2313809672288603e+00         2.6062847894905251e+04         3.8368792391083218e+02         1.9844621226039447e-02         2.5066663545058215e-01        -5.0065110747650066e-01         0.0000000000000000e+00         3.5086541152492641e-03
2                                      3.5060604949337808e+00         2.8278287925969449e+04         3.5362819793685139e+02         2.1398113181479167e-01         2.4911389691900658e+00         7.7372688488638974e-01         0.0000000000000000e+00         1.3723225745086236e+00
3                                      3.6726277468128252e+00         2.9621743555009318e+04         3.3758985123307855e+02         2.7340024442375020e-03         3.0385323747245827e-02        -1.6674360274748698e-01         0.0000000000000000e+00         3.6970311933455825e-02
4                                      4.1132467748414765e+00         3.3175576056832804e+04         3.0142656702837905e+02         1.9550011433037226e-01         1.9400107227918337e+00        -1.3795879332363583e+00         0.0000000000000000e+00        -1.2977674548652868e-01
5                                      4.3348938868392519e+00         3.4963280764178729e+04         2.8601434938123418e+02         1.0946709871220171e-01         1.0307349858505865e+00        -7.1177162970213559e-01         0.0000000000000000e+00        -6.8714346554421279e-01
6                                      4.3664973949521144e+00         3.5218180274092374e+04         2.8394425612490608e+02         6.9355026659346120e-02         6.4831581830087825e-01        -3.1532552380447187e-01         0.0000000000000000e+00         7.3679488230853574e-01
7                                      4.4972648683541152e+00         3.6272891186684086e+04         2.7568797724265875e+02         3.4065298770528684e-03         3.0917588777231057e-02        -1.1397746583420448e-01         0.0000000000000000e+00        -1.2689145227217954e-01
                                                         8                           9                          10

0                                      0.0000000000000000e+00        -3.1665698037626855e-01         0.0000000000000000e+00
1                                      0.0000000000000000e+00        -1.6713406101451546e-03         0.0000000000000000e+00
2                                      0.0000000000000000e+00         9.6002230641231756e-02         0.0000000000000000e+00
3                                      0.0000000000000000e+00         3.4858151493976988e-02         0.0000000000000000e+00
4                                      0.0000000000000000e+00         1.4108810577575917e-01         0.0000000000000000e+00
5                                      0.0000000000000000e+00        -2.2792540613464274e-01         0.0000000000000000e+00
6                                      0.0000000000000000e+00         7.7581787439221978e-02         0.0000000000000000e+00
7                                      0.0000000000000000e+00         4.2723358944504686e-02         0.0000000000000000e+00
   &States [&Type "ArrayOfIntegers", &Dim (8,4)] "The initial and Final states. Col1: Initial State  Col2: Initial Irrep Col3: Final State Col4: Final Irrep"
                                                         0                           1                           2                           3

0                                                        0                           0                           1                           0
1                                                        0                           0                           2                           0
2                                                        0                           0                           3                           0
3                                                        0                           0                           4                           0
4                                                        0                           0                           5                           0
5                                                        0                           0                           6                           0
6                                                        0                           0                           7                           0
7                                                        0                           0                           8                           0
   &Multiplicities [&Type "ArrayOfDoubles", &Dim (8,2)] "Col1: Multiplicity of the initial state  Col2: Multiplicity of the final state"
                                                         0                           1

0                                      1.0000000000000000e+00         1.0000000000000000e+00
1                                      1.0000000000000000e+00         1.0000000000000000e+00
2                                      1.0000000000000000e+00         1.0000000000000000e+00
3                                      1.0000000000000000e+00         1.0000000000000000e+00
4                                      1.0000000000000000e+00         1.0000000000000000e+00
5                                      1.0000000000000000e+00         1.0000000000000000e+00
6                                      1.0000000000000000e+00         1.0000000000000000e+00
7                                      1.0000000000000000e+00         1.0000000000000000e+00
   &Temperature [&Type "Double"]       2.9814999999999998e+02
$End
$CIS_Absorption_Spectrum
   &GeometryIndex 1
   &Method [&Type "Integer"] 20
   &RelCorrection [&Type "Integer"] 1 "Type of relativistic treatment in QDPT. 0->Unknow, 1->None, 2->SOC, 3->SSC, 4->SOC/SSC"
   &DensType [&Type "Integer"] 3 "Type of density (electron/spin ...). 0->Unknow, 1->Electronic, 2->Spin, 3->Trans/Electronic, 4->Tran/Spin"
   &DeriType [&Type "Integer"] 0 "Type of derivative (w.r.t. to what perturbation). 0->Unknown, 1->No Derivative, 2->Electric/Dipole, 3->Electric/Quad, 4->Magnetic/Dipole, 5->Magnetic/Quad"
   &DensLevel [&Type "Integer"] 0 "// Source of density: relaxed, unrelaxed, ... 0->Unknown, 1->Linearized, 2->Unrelaxed, 3->Relaxed"
   &Density_name [&Type "String"] "Tdens-CIS"
   &Representation [&Type "String"] "Velocity" "Possible values: Unknown,  Length, Velocity"
   &PointGroup [&Type "String"] "C1"
   &DoHigherMoments [&Type "Boolean"] false
   &NTrans [&Type "Integer"] 8
   &ExcitationEnergies [&Type "ArrayOfDoubles", &Dim (8,11)] 
                                                         0                           1                           2                           3                           4                           5                           6                           7

0                                      2.4838984563048867e+00         2.0033994230207165e+04         4.9915158630334662e+02         4.3669702638142904e-02         5.9793601105655268e-03        -7.0992882209887198e-02         0.0000000000000000e+00         1.7711065400073205e-02
1                                      3.2313809672288603e+00         2.6062847894905251e+04         3.8368792391083218e+02         1.1532979458348552e-02         2.0543305224137698e-03         4.5271791006506509e-02         0.0000000000000000e+00        -1.6923802079263455e-03
2                                      3.5060604949337808e+00         2.8278287925969449e+04         3.5362819793685139e+02         5.2032023921346350e-02         1.0056127293885503e-02        -6.4386437712290287e-02         0.0000000000000000e+00        -7.6765457965871461e-02
3                                      3.6726277468128252e+00         2.9621743555009318e+04         3.3758985123307855e+02         1.1576874095289690e-03         2.3437369059148722e-04         1.4757926042902053e-02         0.0000000000000000e+00         2.3037779347484201e-03
4                                      4.1132467748414765e+00         3.3175576056832804e+04         3.0142656702837905e+02         1.1883247407555633e-01         2.6943905252041437e-02         1.6321099445926104e-01         0.0000000000000000e+00         1.6582456477376835e-02
5                                      4.3348938868392519e+00         3.4963280764178729e+04         2.8601434938123418e+02         9.1898320480454515e-02         2.1959714164781315e-02         1.2809189358108006e-01         0.0000000000000000e+00         7.4240919111293088e-02
6                                      4.3664973949521144e+00         3.5218180274092374e+04         2.8394425612490608e+02         3.1164787069661821e-02         7.5013254317262499e-03         4.8079038949740104e-02         0.0000000000000000e+00        -7.1408541523055480e-02
7                                      4.4972648683541152e+00         3.6272891186684086e+04         2.7568797724265875e+02         1.1149990745350758e-03         2.7641627544856552e-04        -1.0213852245771858e-02         0.0000000000000000e+00         1.2126486170750390e-02
                                                         8                           9                          10

0                                      0.0000000000000000e+00        -2.5013775174749973e-02         0.0000000000000000e+00
1                                      0.0000000000000000e+00        -1.3897160532947571e-03         0.0000000000000000e+00
2                                      0.0000000000000000e+00        -4.1926597640265456e-03         0.0000000000000000e+00
3                                      0.0000000000000000e+00         3.3570696643184044e-03         0.0000000000000000e+00
4                                      0.0000000000000000e+00         5.5766187637673621e-03         0.0000000000000000e+00
5                                      0.0000000000000000e+00        -6.3613593755589386e-03         0.0000000000000000e+00
6                                      0.0000000000000000e+00        -9.5158627010736834e-03         0.0000000000000000e+00
7                                      0.0000000000000000e+00         5.0041813417087723e-03         0.0000000000000000e+00
   &States [&Type "ArrayOfIntegers", &Dim (8,4)] "The initial and Final states. Col1: Initial State  Col2: Initial Irrep Col3: Final State Col4: Final Irrep"
                                                         0                           1                           2                           3

0                                                        0                           0                           1                           0
1                                                        0                           0                           2                           0
2                                                        0                           0                           3                           0
3                                                        0                           0                           4                           0
4                                                        0                           0                           5                           0
5                                                        0                           0                           6                           0
6                                                        0                           0                           7                           0
7                                                        0                           0                           8                           0
   &Multiplicities [&Type "ArrayOfDoubles", &Dim (8,2)] "Col1: Multiplicity of the initial state  Col2: Multiplicity of the final state"
                                                         0                           1

0                                      1.0000000000000000e+00         1.0000000000000000e+00
1                                      1.0000000000000000e+00         1.0000000000000000e+00
2                                      1.0000000000000000e+00         1.0000000000000000e+00
3                                      1.0000000000000000e+00         1.0000000000000000e+00
4                                      1.0000000000000000e+00         1.0000000000000000e+00
5                                      1.0000000000000000e+00         1.0000000000000000e+00
6                                      1.0000000000000000e+00         1.0000000000000000e+00
7                                      1.0000000000000000e+00         1.0000000000000000e+00
   &Temperature [&Type "Double"]       2.9814999999999998e+02
$End
$CIS_ECD_Spectrum
   &GeometryIndex 1
   &Method [&Type "Integer"] 20
   &RelCorrection [&Type "Integer"] 1 "Type of relativistic treatment in QDPT. 0->Unknow, 1->None, 2->SOC, 3->SSC, 4->SOC/SSC"
   &DensType [&Type "Integer"] 3 "Type of density (electron/spin ...). 0->Unknow, 1->Electronic, 2->Spin, 3->Trans/Electronic, 4->Tran/Spin"
   &DeriType [&Type "Integer"] 0 "Type of derivative (w.r.t. to what perturbation). 0->Unknown, 1->No Derivative, 2->Electric/Dipole, 3->Electric/Quad, 4->Magnetic/Dipole, 5->Magnetic/Quad"
   &DensLevel [&Type "Integer"] 0 "// Source of density: relaxed, unrelaxed, ... 0->Unknown, 1->Linearized, 2->Unrelaxed, 3->Relaxed"
   &Density_name [&Type "String"] "Tdens-CIS"
   &Representation [&Type "String"] "Length" "Possible values: Unknown,  Length, Velocity"
   &PointGroup [&Type "String"] "C1"
   &DoHigherMoments [&Type "Boolean"] false
   &NTrans [&Type "Integer"] 8
   &ExcitationEnergies [&Type "ArrayOfDoubles", &Dim (8,10)] 
                                                         0                           1                           2                           3                           4                           5                           6                           7

0                                      2.4838984563048867e+00         2.0033994230207165e+04         4.9915158630334662e+02         1.1377709247525385e+02        -1.8165362184602754e-02         0.0000000000000000e+00         1.6179079458724452e-01         0.0000000000000000e+00
1                                      3.2313809672288603e+00         2.6062847894905251e+04         3.8368792391083218e+02        -6.6051733221585621e+01        -2.8136636426516265e-01         0.0000000000000000e+00        -1.5390980461464560e-01         0.0000000000000000e+00
2                                      3.5060604949337808e+00         2.8278287925969449e+04         3.5362819793685139e+02        -4.6686595854615568e+01        -8.0405407659832770e-02         0.0000000000000000e+00         1.0293246914695264e-01         0.0000000000000000e+00
3                                      3.6726277468128252e+00         2.9621743555009318e+04         3.3758985123307855e+02        -1.3961386555780381e+01        -1.5554233459056202e-01         0.0000000000000000e+00        -2.9335737671372250e-02         0.0000000000000000e+00
4                                      4.1132467748414765e+00         3.3175576056832804e+04         3.0142656702837905e+02        -8.8854806603258794e+01        -1.1993414781280062e-01         0.0000000000000000e+00        -1.9730030370103427e-01         0.0000000000000000e+00
5                                      4.3348938868392519e+00         3.4963280764178729e+04         2.8601434938123418e+02         9.4258204246603256e+01         3.3061834506692872e-01         0.0000000000000000e+00        -2.0963491570097853e-01         0.0000000000000000e+00
6                                      4.3664973949521144e+00         3.5218180274092374e+04         2.8394425612490608e+02         2.9114650017185941e+01         7.1071051697782842e-02         0.0000000000000000e+00        -7.5422606405871659e-02         0.0000000000000000e+00
7                                      4.4972648683541152e+00         3.6272891186684086e+04         2.7568797724265875e+02         2.3595665236054510e+00         1.2838045539098155e-03         0.0000000000000000e+00        -5.5617725529549886e-03         0.0000000000000000e+00
                                                         8                           9

0                                     -1.3051764181953643e-01         0.0000000000000000e+00
1                                      1.3353095290214567e-01         0.0000000000000000e+00
2                                      2.0814953694953481e-01         0.0000000000000000e+00
3                                      1.3662631028871430e-01         0.0000000000000000e+00
4                                     -1.8382904311271351e-02         0.0000000000000000e+00
5                                      4.7672090738367717e-01         0.0000000000000000e+00
6                                      2.0914759706843963e-01         0.0000000000000000e+00
7                                     -1.3024078555665944e-01         0.0000000000000000e+00
   &States [&Type "ArrayOfIntegers", &Dim (8,4)] "The initial and Final states. Col1: Initial State  Col2: Initial Irrep Col3: Final State Col4: Final Irrep"
                                                         0                           1                           2                           3

0                                                        0                           0                           1                           0
1                                                        0                           0                           2                           0
2                                                        0                           0                           3                           0
3                                                        0                           0                           4                           0
4                                                        0                           0                           5                           0
5                                                        0                           0                           6                           0
6                                                        0                           0                           7                           0
7                                                        0                           0                           8                           0
   &Multiplicities [&Type "ArrayOfDoubles", &Dim (8,2)] "Col1: Multiplicity of the initial state  Col2: Multiplicity of the final state"
                                                         0                           1

0                                      1.0000000000000000e+00         1.0000000000000000e+00
1                                      1.0000000000000000e+00         1.0000000000000000e+00
2                                      1.0000000000000000e+00         1.0000000000000000e+00
3                                      1.0000000000000000e+00         1.0000000000000000e+00
4                                      1.0000000000000000e+00         1.0000000000000000e+00
5                                      1.0000000000000000e+00         1.0000000000000000e+00
6                                      1.0000000000000000e+00         1.0000000000000000e+00
7                                      1.0000000000000000e+00         1.0000000000000000e+00
   &Temperature [&Type "Double"]       2.9814999999999998e+02
$End
$CIS_ECD_Spectrum
   &GeometryIndex 1
   &Method [&Type "Integer"] 20
   &RelCorrection [&Type "Integer"] 1 "Type of relativistic treatment in QDPT. 0->Unknow, 1->None, 2->SOC, 3->SSC, 4->SOC/SSC"
   &DensType [&Type "Integer"] 3 "Type of density (electron/spin ...). 0->Unknow, 1->Electronic, 2->Spin, 3->Trans/Electronic, 4->Tran/Spin"
   &DeriType [&Type "Integer"] 0 "Type of derivative (w.r.t. to what perturbation). 0->Unknown, 1->No Derivative, 2->Electric/Dipole, 3->Electric/Quad, 4->Magnetic/Dipole, 5->Magnetic/Quad"
   &DensLevel [&Type "Integer"] 0 "// Source of density: relaxed, unrelaxed, ... 0->Unknown, 1->Linearized, 2->Unrelaxed, 3->Relaxed"
   &Density_name [&Type "String"] "Tdens-CIS"
   &Representation [&Type "String"] "Velocity" "Possible values: Unknown,  Length, Velocity"
   &PointGroup [&Type "String"] "C1"
   &DoHigherMoments [&Type "Boolean"] false
   &NTrans [&Type "Integer"] 8
   &ExcitationEnergies [&Type "ArrayOfDoubles", &Dim (8,10)] 
                                                         0                           1                           2                           3                           4                           5                           6                           7

0                                      2.4838984563048867e+00         2.0033994230207165e+04         4.9915158630334662e+02         3.8321931023526012e+01        -1.8165362184602754e-02         0.0000000000000000e+00         1.6179079458724452e-01         0.0000000000000000e+00
1                                      3.2313809672288603e+00         2.6062847894905251e+04         3.8368792391083218e+02        -5.0273273135519361e+01        -2.8136636426516265e-01         0.0000000000000000e+00        -1.5390980461464560e-01         0.0000000000000000e+00
2                                      3.5060604949337808e+00         2.8278287925969449e+04         3.5362819793685139e+02        -1.3162820653183172e+01        -8.0405407659832770e-02         0.0000000000000000e+00         1.0293246914695264e-01         0.0000000000000000e+00
3                                      3.6726277468128252e+00         2.9621743555009318e+04         3.3758985123307855e+02        -6.6522469617055302e+00        -1.5554233459056202e-01         0.0000000000000000e+00        -2.9335737671372250e-02         0.0000000000000000e+00
4                                      4.1132467748414765e+00         3.3175576056832804e+04         3.0142656702837905e+02        -7.1575141377675706e+01        -1.1993414781280062e-01         0.0000000000000000e+00        -1.9730030370103427e-01         0.0000000000000000e+00
5                                      4.3348938868392519e+00         3.4963280764178729e+04         2.8601434938123418e+02         7.0296710948752491e+01         3.3061834506692872e-01         0.0000000000000000e+00        -2.0963491570097853e-01         0.0000000000000000e+00
6                                      4.3664973949521144e+00         3.5218180274092374e+04         2.8394425612490608e+02         2.0015580107182004e+01         7.1071051697782842e-02         0.0000000000000000e+00        -7.5422606405871659e-02         0.0000000000000000e+00
7                                      4.4972648683541152e+00         3.6272891186684086e+04         2.7568797724265875e+02        -2.0889635275053142e+00         1.2838045539098155e-03         0.0000000000000000e+00        -5.5617725529549886e-03         0.0000000000000000e+00
                                                         8                           9

0                                     -1.3051764181953643e-01         0.0000000000000000e+00
1                                      1.3353095290214567e-01         0.0000000000000000e+00
2                                      2.0814953694953481e-01         0.0000000000000000e+00
3                                      1.3662631028871430e-01         0.0000000000000000e+00
4                                     -1.8382904311271351e-02         0.0000000000000000e+00
5                                      4.7672090738367717e-01         0.0000000000000000e+00
6                                      2.0914759706843963e-01         0.0000000000000000e+00
7                                     -1.3024078555665944e-01         0.0000000000000000e+00
   &States [&Type "ArrayOfIntegers", &Dim (8,4)] "The initial and Final states. Col1: Initial State  Col2: Initial Irrep Col3: Final State Col4: Final Irrep"
                                                         0                           1                           2                           3

0                                                        0                           0                           1                           0
1                                                        0                           0                           2                           0
2                                                        0                           0                           3                           0
3                                                        0                           0                           4                           0
4                                                        0                           0                           5                           0
5                                                        0                           0                           6                           0
6                                                        0                           0                           7                           0
7                                                        0                           0                           8                           0
   &Multiplicities [&Type "ArrayOfDoubles", &Dim (8,2)] "Col1: Multiplicity of the initial state  Col2: Multiplicity of the final state"
                                                         0                           1

0                                      1.0000000000000000e+00         1.0000000000000000e+00
1                                      1.0000000000000000e+00         1.0000000000000000e+00
2                                      1.0000000000000000e+00         1.0000000000000000e+00
3                                      1.0000000000000000e+00         1.0000000000000000e+00
4                                      1.0000000000000000e+00         1.0000000000000000e+00
5                                      1.0000000000000000e+00         1.0000000000000000e+00
6                                      1.0000000000000000e+00         1.0000000000000000e+00
7                                      1.0000000000000000e+00         1.0000000000000000e+00
   &Temperature [&Type "Double"]       2.9814999999999998e+02
$End
$CIS_Energies
   &GeometryIndex 1
   &e0 [&Type "Double"]      -1.9009066055765934e+03  "Ground state energy"
   &multP1 [&Type "Boolean"] false "Do the higher multiplicity too?"
   &mode [&Type "String"] "TDA" "CIS mode: CIS, RPA, TDA, TD-DFT, sTDA, sTD-DFT"
   &dCorr [&Type "Integer"] 0 "(D) Correction algorithm"
   &Method [&Type "String"] "TDA/CIS"
   &totalEnergy [&Type "ArrayOfDoubles", &Dim (8,1)] "Total energy of each state"
                                                         0

0                                     -1.9008153239824242e+03
1                                     -1.9007878545039364e+03
2                                     -1.9007777602164219e+03
3                                     -1.9007716389821785e+03
4                                     -1.9007554465298674e+03
5                                     -1.9007473011478874e+03
6                                     -1.9007461397402644e+03
7                                     -1.9007413341237516e+03
   &Mult [&Type "ArrayOfIntegers", &Dim (8,1)] "Multiplicity of each state"
                                                         0

0                                                        1
1                                                        1
2                                                        1
3                                                        1
4                                                        1
5                                                        1
6                                                        1
7                                                        1
   &RelCorr [&Type "String"] "None" "Relativistic correction (SOC and/or SSC)"
   &NBlocks [&Type "Integer"] 1 "Number of multiplicity blocks"
   &NRoots [&Type "ArrayOfIntegers", &Dim (1,1)] "Number of roots in each block"
                                                         0

0                                                        8
   &NTotalRoots [&Type "Integer"] 8 "Total number of roots"
   &Block [&Type "ArrayOfIntegers", &Dim (8,1)] "Block index of each state"
                                                         0

0                                                        0
1                                                        0
2                                                        0
3                                                        0
4                                                        0
5                                                        0
6                                                        0
7                                                        0
   &Root [&Type "ArrayOfIntegers", &Dim (8,1)] "Root index within the block"
                                                         0

0                                                        0
1                                                        1
2                                                        2
3                                                        3
4                                                        4
5                                                        5
6                                                        6
7                                                        7
$End
$Single_Point_Data
   &GeometryIndex 1
   &FinalEnergy [&Type "Double"]      -1.9008153239824242e+03  "Final single point energy"
   &Converged [&Type "Boolean"] true
$End
$Calculation_Info
   &GeometryIndex 1
   &Mult [&Type "Integer"] 1
   &Charge [&Type "Integer"] 0
   &NumOfAtoms [&Type "Integer"] 52
   &NumOfElectrons [&Type "Integer"] 242
   &NumOfBasisFuncts [&Type "Integer"] 504
   &NumOfAuxCBasisFuncts [&Type "Integer"] 0
   &NumOfAuxJBasisFuncts [&Type "Integer"] 1828
   &NumOfAuxJKBasisFuncts [&Type "Integer"] 0
   &NumOfCABSBasisFuncts [&Type "Integer"] 0
$End
$SCF_Dipole_Moment
   &GeometryIndex 1
   &dipoleMagnitude [&Type "Double", &Units "a.u."]       2.5346409989737153e+00
   &dipoleElecContrib [&Type "ArrayOfDoubles", &Dim (3,1)] "Electronic contribution"
                                                         0

0                                     -3.1207097111776861e+01
1                                     -1.6629116955569366e+01
2                                     -6.4571859054973215e+00
   &dipoleNucContrib [&Type "ArrayOfDoubles", &Dim (3,1)] "Nuclear contribution"
                                                         0

0                                      3.1846093745930276e+01
1                                      1.8658265579177566e+01
2                                      7.8350988775416468e+00
   &dipoleTotal [&Type "ArrayOfDoubles", &Dim (3,1)] "Total"
                                                         0

0                                      6.3899663415341479e-01
1                                      2.0291486236082008e+00
2                                      1.3779129720443253e+00
   &doAtomicDipole [&Type "Boolean"] false
   &Method [&Type "String"] "SCF"
   &Level [&Type "String"] "Relaxed density"
   &Mult [&Type "Integer"] 1
   &State [&Type "Integer"] -1
   &Irrep [&Type "Integer"] 0
$End
$Calculation_Timings
   &GeometryIndex 1
   &GTOINT [&Type "Double"]       7.3480310000000006e+00
   &SCF [&Type "Double"]       1.7260678799999999e+02
   &CIS [&Type "Double"]       1.2013520099999997e+02
   &PROPINT [&Type "Double"]       3.2798850000000073e+00
   &PROP [&Type "Double"]       3.1058580000000120e+00
   &SUM [&Type "Double"]       3.0647576300000003e+02
$End
