*************************************************
******************* ORCA 6.1.1 ******************
*************************************************
$Calculation_Status
   &GeometryIndex 1
   &version [&Type "String"] "6.1.1"
   &progName [&Type "String"] "ProgCIS"
   &Status [&Type "String"] "NORMAL TERMINATION"
$End
$Geometry
   &GeometryIndex 1
   &NAtoms [&Type "Integer"] 42
   &NCorelessECP [&Type "Integer"] 0
   &NGhostAtoms [&Type "Integer"] 0
   &CartesianCoordinates [&Type "Coordinates", &Dim(42,4), &Units "Bohr"] 
              O     -5.512622938027   -7.528721854997   -1.979044613921
              C     -3.596338525489   -8.095990377316   -0.195350399845
              C     -3.785608765461   -6.477584601544    2.211211806251
              N     -3.645696145921   -3.781031173508    1.772003107372
              C     -1.489475250243   -2.419843262320    1.356548984202
              C      0.927992282189   -3.525559612052    1.780725147423
              C      3.123607042368   -2.193326227716    1.466727828896
              C      3.134001223366    0.383986293779    0.691316938978
              C      0.752942370143    1.553493864596    0.214587270755
              C     -1.560780074584    0.148017606392    0.544033321450
              C     -4.013220584587    1.344498772781    0.031093261405
              O     -6.070218556754    0.218910833521    0.286510003468
              C     -4.054987799992    4.013082018524   -0.831313660923
              C     -1.804161429218    5.381828864988   -1.140778887455
              C      0.683945142899    4.197134311136   -0.623805354125
              O      2.629020426214    5.499170804987   -0.928646902071
              C     -1.897907478429    7.904527581499   -1.951443014773
              C     -4.212445526908    9.046065670011   -2.448216437236
              C     -6.461400630440    7.678333044636   -2.139955010220
              C     -6.382869024739    5.177462137232   -1.335775362375
              N      5.361185650333    1.664073380152    0.444260052069
              C      7.875181565882    0.647322830679    0.806514870324
              C      8.899375110475   -0.812796018506   -1.494783693088
              O     11.425709850413   -1.631670456007   -1.108265474296
              H     -7.129397898050   -7.990789783237   -1.247204620470
              H     -1.808908218040   -7.714389925916   -1.165426925221
              H     -3.606373411671  -10.111549331758    0.341533411789
              H     -5.612898904799   -6.845640212422    3.125643517669
              H     -2.340984187937   -7.079775520028    3.571881717431
              H     -5.238048213628   -2.864114303934    1.194570227715
              H      1.052276827504   -5.483698506987    2.370725934989
              H      4.903862648168   -3.145804724628    1.816230686693
              H     -0.130980561351    8.919328384780   -2.174866426537
              H     -4.277132063129   11.000731267990   -3.076240718265
              H     -8.268906291107    8.573049691702   -2.529564976111
              H     -8.093943371748    4.077792389425   -1.081599352023
              H      5.144056827345    3.478803921300   -0.164021817711
              H      7.937131588686   -0.567025664270    2.492454520696
              H      9.150579101034    2.231770543037    1.185502830527
              H      7.633909708301   -2.396638610878   -1.967208389897
              H      8.947365066871    0.443737727262   -3.136431516586
              H     11.413163438959   -2.917171829080    0.198375371457
$End
$SCF_Mulliken_Population_Analysis
   &GeometryIndex 1
   &NAtoms [&Type "Integer"] 42
   &ATNO [&Type "ArrayOfIntegers", &Dim (42,1)] 
                                                         0

0                                                        8
1                                                        6
2                                                        6
3                                                        7
4                                                        6
5                                                        6
6                                                        6
7                                                        6
8                                                        6
9                                                        6
10                                                       6
11                                                       8
12                                                       6
13                                                       6
14                                                       6
15                                                       8
16                                                       6
17                                                       6
18                                                       6
19                                                       6
20                                                       7
21                                                       6
22                                                       6
23                                                       8
24                                                       1
25                                                       1
26                                                       1
27                                                       1
28                                                       1
29                                                       1
30                                                       1
31                                                       1
32                                                       1
33                                                       1
34                                                       1
35                                                       1
36                                                       1
37                                                       1
38                                                       1
39                                                       1
40                                                       1
41                                                       1
   &AtomicCharges [&Type "ArrayOfDoubles", &Dim (42,1)] 
                                                         0

0                                     -6.7005439415782675e-01
1                                     -2.5180833732546759e-02
2                                     -1.8488004622970866e-01
3                                     -6.2789195922321728e-01
4                                      2.7300313854093528e-01
5                                     -1.9498000220118072e-01
6                                     -1.9628914412098286e-01
7                                      2.8286277013904471e-01
8                                     -3.5848508236173693e-02
9                                     -3.5053610542425062e-02
10                                     2.9059582950413620e-01
11                                    -5.1665454955479184e-01
12                                     4.5601300871915385e-02
13                                     4.5762271102241847e-02
14                                     2.9172728852629159e-01
15                                    -5.1882493072872471e-01
16                                    -1.9322272201683344e-01
17                                    -1.4707640086406926e-01
18                                    -1.4722548216304876e-01
19                                    -1.9327189504154152e-01
20                                    -6.4660579173521349e-01
21                                    -1.7451440568071064e-01
22                                    -2.8779650265369661e-02
23                                    -6.7130498427257201e-01
24                                     4.3164582211009672e-01
25                                     1.5597630579610811e-01
26                                     1.4378748121599982e-01
27                                     1.7448971641209443e-01
28                                     1.7454164305905107e-01
29                                     3.7594016989827139e-01
30                                     1.8630422881316000e-01
31                                     1.8649762550890403e-01
32                                     1.6987026346604139e-01
33                                     1.7310614767014831e-01
34                                     1.7308560115934757e-01
35                                     1.6991411081443830e-01
36                                     3.8197395973046511e-01
37                                     1.6953703606130055e-01
38                                     1.7544701260466100e-01
39                                     1.4434861253262832e-01
40                                     1.5697550930526760e-01
41                                     4.3466546592418820e-01
   &Method [&Type "String"] "SCF"
   &Level [&Type "String"] "Relaxed density"
   &Mult [&Type "Integer"] 1
   &State [&Type "Integer"] -1
   &Irrep [&Type "Integer"] 0
$End
$SCF_Loewdin_Population_Analysis
   &GeometryIndex 1
   &NAtoms [&Type "Integer"] 42
   &ATNO [&Type "ArrayOfIntegers", &Dim (42,1)] 
                                                         0

0                                                        8
1                                                        6
2                                                        6
3                                                        7
4                                                        6
5                                                        6
6                                                        6
7                                                        6
8                                                        6
9                                                        6
10                                                       6
11                                                       8
12                                                       6
13                                                       6
14                                                       6
15                                                       8
16                                                       6
17                                                       6
18                                                       6
19                                                       6
20                                                       7
21                                                       6
22                                                       6
23                                                       8
24                                                       1
25                                                       1
26                                                       1
27                                                       1
28                                                       1
29                                                       1
30                                                       1
31                                                       1
32                                                       1
33                                                       1
34                                                       1
35                                                       1
36                                                       1
37                                                       1
38                                                       1
39                                                       1
40                                                       1
41                                                       1
   &AtomicCharges [&Type "ArrayOfDoubles", &Dim (42,1)] 
                                                         0

0                                     -4.3972136615595048e-01
1                                     -1.2028141952347138e-01
2                                     -1.8915009985537701e-01
3                                     -2.1414761053793097e-01
4                                      5.4371374809784712e-02
5                                     -1.2987454072957139e-01
6                                     -1.3074848413274598e-01
7                                      5.5413535963914740e-02
8                                     -1.0666308634045318e-01
9                                     -1.0541436149962635e-01
10                                     1.2400691968440647e-01
11                                    -2.9754197543732275e-01
12                                    -4.5512407675680322e-02
13                                    -4.5353186680964441e-02
14                                     1.2406726825219305e-01
15                                    -2.9950497992670755e-01
16                                    -1.0988297219705867e-01
17                                    -1.1990599685988901e-01
18                                    -1.1999493437367104e-01
19                                    -1.0984996327663854e-01
20                                    -2.1173889612783725e-01
21                                    -1.8813690282887663e-01
22                                    -1.2136773146861923e-01
23                                    -4.3723612772083875e-01
24                                     3.3126418351509768e-01
25                                     1.2763266011867835e-01
26                                     1.1812021512370763e-01
27                                     1.4223390092843979e-01
28                                     1.4029122260404048e-01
29                                     2.7194367257734675e-01
30                                     1.5849201608438634e-01
31                                     1.5880456217870997e-01
32                                     1.5263345746544510e-01
33                                     1.5092536886794750e-01
34                                     1.5091045077801035e-01
35                                     1.5262521083060410e-01
36                                     2.7520202858966369e-01
37                                     1.3306966639761342e-01
38                                     1.4360268810656751e-01
39                                     1.1503837708731812e-01
40                                     1.2837559618057437e-01
41                                     3.3300266720457339e-01
   &Method [&Type "String"] "SCF"
   &Level [&Type "String"] "Relaxed density"
   &Mult [&Type "Integer"] 1
   &State [&Type "Integer"] -1
   &Irrep [&Type "Integer"] 0
$End
$SCF_Mayer_Population_Analysis
   &GeometryIndex 1
   &NAtoms [&Type "Integer"] 42 "Total number of atoms"
   &NBondOrdersPrint [&Type "Integer"] 46 "The number of bond orders larger than threshold"
   &bondThresh [&Type "Double"]       1.0000000000000001e-01  "The threshold for printing"
   &components [&Type "ArrayOfIntegers", &Dim (46,4)] "The indices and atomic numbers of the bonding atoms"
                                                         0                           1                           2                           3

0                                                        0                           8                           1                           6
1                                                        0                           8                          24                           1
2                                                        1                           6                           2                           6
3                                                        1                           6                          25                           1
4                                                        1                           6                          26                           1
5                                                        2                           6                           3                           7
6                                                        2                           6                          27                           1
7                                                        2                           6                          28                           1
8                                                        3                           7                           4                           6
9                                                        3                           7                          29                           1
10                                                       4                           6                           5                           6
11                                                       4                           6                           9                           6
12                                                       5                           6                           6                           6
13                                                       5                           6                          30                           1
14                                                       6                           6                           7                           6
15                                                       6                           6                          31                           1
16                                                       7                           6                           8                           6
17                                                       7                           6                          20                           7
18                                                       8                           6                           9                           6
19                                                       8                           6                          14                           6
20                                                       9                           6                          10                           6
21                                                      10                           6                          11                           8
22                                                      10                           6                          12                           6
23                                                      11                           8                          29                           1
24                                                      12                           6                          13                           6
25                                                      12                           6                          19                           6
26                                                      13                           6                          14                           6
27                                                      13                           6                          16                           6
28                                                      14                           6                          15                           8
29                                                      15                           8                          36                           1
30                                                      16                           6                          17                           6
31                                                      16                           6                          32                           1
32                                                      17                           6                          18                           6
33                                                      17                           6                          33                           1
34                                                      18                           6                          19                           6
35                                                      18                           6                          34                           1
36                                                      19                           6                          35                           1
37                                                      20                           7                          21                           6
38                                                      20                           7                          36                           1
39                                                      21                           6                          22                           6
40                                                      21                           6                          37                           1
41                                                      21                           6                          38                           1
42                                                      22                           6                          23                           8
43                                                      22                           6                          39                           1
44                                                      22                           6                          40                           1
45                                                      23                           8                          41                           1
   &BondOrders [&Type "ArrayOfDoubles", &Dim (46,1)] "The bond orders"
                                                         0

0                                      9.6770218513436457e-01
1                                      7.6886593240982715e-01
2                                      9.7093898818827840e-01
3                                      9.4014842535278986e-01
4                                      9.3179488720963466e-01
5                                      9.6518355663406141e-01
6                                      9.3829567554062465e-01
7                                      9.2111339004214543e-01
8                                      1.1516564642639466e+00
9                                      7.1995609548234474e-01
10                                     1.2238635549143428e+00
11                                     1.3256539619081016e+00
12                                     1.6046602876192995e+00
13                                     9.0870598143569614e-01
14                                     1.2244990337006461e+00
15                                     9.0794787213779293e-01
16                                     1.3226801220294284e+00
17                                     1.1476523216716679e+00
18                                     1.2198815202518638e+00
19                                     1.0646109236281103e+00
20                                     1.0615173470280699e+00
21                                     1.6961881349342671e+00
22                                     1.0012960295724926e+00
23                                     1.2855581326081897e-01
24                                     1.3854326391251517e+00
25                                     1.3733317435965020e+00
26                                     1.0014660841276428e+00
27                                     1.3730395287010144e+00
28                                     1.6919409827847312e+00
29                                     1.3150204594132123e-01
30                                     1.4393158528480030e+00
31                                     9.1265644072586138e-01
32                                     1.4043658233902694e+00
33                                     9.2908252774266853e-01
34                                     1.4393606264993246e+00
35                                     9.2908439450382285e-01
36                                     9.1258409810516483e-01
37                                     9.3920457039408056e-01
38                                     7.1905052269414871e-01
39                                     9.6894434435167609e-01
40                                     9.2899902400175138e-01
41                                     9.3756964801907849e-01
42                                     9.5571342416827587e-01
43                                     9.3455635308962837e-01
44                                     9.4291889941418705e-01
45                                     7.6766404919623910e-01
   &ATNO [&Type "ArrayOfIntegers", &Dim (42,1)] "Atomic number of the elements"
                                                         0

0                                                        8
1                                                        6
2                                                        6
3                                                        7
4                                                        6
5                                                        6
6                                                        6
7                                                        6
8                                                        6
9                                                        6
10                                                       6
11                                                       8
12                                                       6
13                                                       6
14                                                       6
15                                                       8
16                                                       6
17                                                       6
18                                                       6
19                                                       6
20                                                       7
21                                                       6
22                                                       6
23                                                       8
24                                                       1
25                                                       1
26                                                       1
27                                                       1
28                                                       1
29                                                       1
30                                                       1
31                                                       1
32                                                       1
33                                                       1
34                                                       1
35                                                       1
36                                                       1
37                                                       1
38                                                       1
39                                                       1
40                                                       1
41                                                       1
   &NA [&Type "ArrayOfDoubles", &Dim (42,1)] "Mulliken gross atomic population"
                                                         0

0                                      8.6700543941578321e+00
1                                      6.0251808337325476e+00
2                                      6.1848800462297069e+00
3                                      7.6278919592232119e+00
4                                      5.7269968614590656e+00
5                                      6.1949800022011816e+00
6                                      6.1962891441209811e+00
7                                      5.7171372298609571e+00
8                                      6.0358485082361764e+00
9                                      6.0350536105424277e+00
10                                     5.7094041704958620e+00
11                                     8.5166545495547936e+00
12                                     5.9543986991280864e+00
13                                     5.9542377288977590e+00
14                                     5.7082727114737093e+00
15                                     8.5188249307287283e+00
16                                     6.1932227220168370e+00
17                                     6.1470764008640684e+00
18                                     6.1472254821630496e+00
19                                     6.1932718950415424e+00
20                                     7.6466057917352153e+00
21                                     6.1745144056807124e+00
22                                     6.0287796502653697e+00
23                                     8.6713049842725667e+00
24                                     5.6835417788990328e-01
25                                     8.4402369420389223e-01
26                                     8.5621251878400029e-01
27                                     8.2551028358790612e-01
28                                     8.2545835694094882e-01
29                                     6.2405983010172872e-01
30                                     8.1369577118683989e-01
31                                     8.1350237449109619e-01
32                                     8.3012973653395883e-01
33                                     8.2689385232985169e-01
34                                     8.2691439884065243e-01
35                                     8.3008588918556181e-01
36                                     6.1802604026953478e-01
37                                     8.3046296393869945e-01
38                                     8.2455298739533922e-01
39                                     8.5565138746737190e-01
40                                     8.4302449069473218e-01
41                                     5.6533453407581180e-01
   &ZA [&Type "ArrayOfDoubles", &Dim (42,1)] "Total nuclear charge"
                                                         0

0                                      8.0000000000000000e+00
1                                      6.0000000000000000e+00
2                                      6.0000000000000000e+00
3                                      7.0000000000000000e+00
4                                      6.0000000000000000e+00
5                                      6.0000000000000000e+00
6                                      6.0000000000000000e+00
7                                      6.0000000000000000e+00
8                                      6.0000000000000000e+00
9                                      6.0000000000000000e+00
10                                     6.0000000000000000e+00
11                                     8.0000000000000000e+00
12                                     6.0000000000000000e+00
13                                     6.0000000000000000e+00
14                                     6.0000000000000000e+00
15                                     8.0000000000000000e+00
16                                     6.0000000000000000e+00
17                                     6.0000000000000000e+00
18                                     6.0000000000000000e+00
19                                     6.0000000000000000e+00
20                                     7.0000000000000000e+00
21                                     6.0000000000000000e+00
22                                     6.0000000000000000e+00
23                                     8.0000000000000000e+00
24                                     1.0000000000000000e+00
25                                     1.0000000000000000e+00
26                                     1.0000000000000000e+00
27                                     1.0000000000000000e+00
28                                     1.0000000000000000e+00
29                                     1.0000000000000000e+00
30                                     1.0000000000000000e+00
31                                     1.0000000000000000e+00
32                                     1.0000000000000000e+00
33                                     1.0000000000000000e+00
34                                     1.0000000000000000e+00
35                                     1.0000000000000000e+00
36                                     1.0000000000000000e+00
37                                     1.0000000000000000e+00
38                                     1.0000000000000000e+00
39                                     1.0000000000000000e+00
40                                     1.0000000000000000e+00
41                                     1.0000000000000000e+00
   &QA [&Type "ArrayOfDoubles", &Dim (42,1)] "Mulliken gross atomic charge"
                                                         0

0                                     -6.7005439415783208e-01
1                                     -2.5180833732547647e-02
2                                     -1.8488004622970688e-01
3                                     -6.2789195922321195e-01
4                                      2.7300313854093439e-01
5                                     -1.9498000220118161e-01
6                                     -1.9628914412098108e-01
7                                      2.8286277013904293e-01
8                                     -3.5848508236176357e-02
9                                     -3.5053610542427727e-02
10                                     2.9059582950413798e-01
11                                    -5.1665454955479362e-01
12                                     4.5601300871913608e-02
13                                     4.5762271102240959e-02
14                                     2.9172728852629071e-01
15                                    -5.1882493072872826e-01
16                                    -1.9322272201683699e-01
17                                    -1.4707640086406837e-01
18                                    -1.4722548216304965e-01
19                                    -1.9327189504154241e-01
20                                    -6.4660579173521526e-01
21                                    -1.7451440568071241e-01
22                                    -2.8779650265369661e-02
23                                    -6.7130498427256668e-01
24                                     4.3164582211009672e-01
25                                     1.5597630579610777e-01
26                                     1.4378748121599971e-01
27                                     1.7448971641209388e-01
28                                     1.7454164305905118e-01
29                                     3.7594016989827128e-01
30                                     1.8630422881316011e-01
31                                     1.8649762550890381e-01
32                                     1.6987026346604117e-01
33                                     1.7310614767014831e-01
34                                     1.7308560115934757e-01
35                                     1.6991411081443819e-01
36                                     3.8197395973046522e-01
37                                     1.6953703606130055e-01
38                                     1.7544701260466078e-01
39                                     1.4434861253262810e-01
40                                     1.5697550930526782e-01
41                                     4.3466546592418820e-01
   &VA [&Type "ArrayOfDoubles", &Dim (42,1)] "Mayer's total valence"
                                                         0

0                                      1.7702971663409262e+00
1                                      3.7984964581606753e+00
2                                      3.8250073462163203e+00
3                                      2.9776577668237674e+00
4                                      3.8792094696451733e+00
5                                      3.9111624989858949e+00
6                                      3.9117674158864788e+00
7                                      3.8728896087693490e+00
8                                      3.8049359463647354e+00
9                                      3.8040733892100658e+00
10                                     3.9036008077248350e+00
11                                     2.0499918763141878e+00
12                                     3.8935372484117914e+00
13                                     3.8931703199994017e+00
14                                     3.9018523146685062e+00
15                                     2.0489402768227198e+00
16                                     3.8916748884062109e+00
17                                     3.8983305516173159e+00
18                                     3.8982763599540067e+00
19                                     3.8921068307818985e+00
20                                     2.9646116590616938e+00
21                                     3.8143875032590850e+00
22                                     3.7976988619011491e+00
23                                     1.7714528811465784e+00
24                                     7.8245170274520559e-01
25                                     9.3622183249397706e-01
26                                     9.3050001334096832e-01
27                                     9.3104395340892587e-01
28                                     9.2945658259385300e-01
29                                     8.7383235176166763e-01
30                                     9.3198696438129369e-01
31                                     9.3252991751483405e-01
32                                     9.4789359497945402e-01
33                                     9.3228972102040042e-01
34                                     9.3230421723777956e-01
35                                     9.4788772715779746e-01
36                                     8.6700924472716434e-01
37                                     9.3194595111674094e-01
38                                     9.3237782784258216e-01
39                                     9.3261348775155162e-01
40                                     9.3394527254817916e-01
41                                     7.7916848697084551e-01
   &BVA [&Type "ArrayOfDoubles", &Dim (42,1)] "Mayer's bonded valence"
                                                         0

0                                      1.7702971663409954e+00
1                                      3.7984964581607281e+00
2                                      3.8250073462163279e+00
3                                      2.9776577668238424e+00
4                                      3.8792094696452786e+00
5                                      3.9111624989859033e+00
6                                      3.9117674158864526e+00
7                                      3.8728896087693196e+00
8                                      3.8049359463647550e+00
9                                      3.8040733892101115e+00
10                                     3.9036008077248692e+00
11                                     2.0499918763141292e+00
12                                     3.8935372484118718e+00
13                                     3.8931703199993701e+00
14                                     3.9018523146684969e+00
15                                     2.0489402768227301e+00
16                                     3.8916748884061390e+00
17                                     3.8983305516173070e+00
18                                     3.8982763599540187e+00
19                                     3.8921068307819100e+00
20                                     2.9646116590617426e+00
21                                     3.8143875032590930e+00
22                                     3.7976988619011331e+00
23                                     1.7714528811465797e+00
24                                     7.8245170274521103e-01
25                                     9.3622183249398305e-01
26                                     9.3050001334097199e-01
27                                     9.3104395340893575e-01
28                                     9.2945658259386277e-01
29                                     8.7383235176167218e-01
30                                     9.3198696438128636e-01
31                                     9.3252991751481507e-01
32                                     9.4789359497945069e-01
33                                     9.3228972102039775e-01
34                                     9.3230421723777779e-01
35                                     9.4788772715780556e-01
36                                     8.6700924472716689e-01
37                                     9.3194595111673051e-01
38                                     9.3237782784258760e-01
39                                     9.3261348775155373e-01
40                                     9.3394527254817861e-01
41                                     7.7916848697084840e-01
   &FA [&Type "ArrayOfDoubles", &Dim (42,1)] "Mayer's free valence"
                                                         0

0                                      0.0000000000000000e+00
1                                      0.0000000000000000e+00
2                                      0.0000000000000000e+00
3                                      0.0000000000000000e+00
4                                      0.0000000000000000e+00
5                                      0.0000000000000000e+00
6                                      0.0000000000000000e+00
7                                      0.0000000000000000e+00
8                                      0.0000000000000000e+00
9                                      0.0000000000000000e+00
10                                     0.0000000000000000e+00
11                                     0.0000000000000000e+00
12                                     0.0000000000000000e+00
13                                     0.0000000000000000e+00
14                                     0.0000000000000000e+00
15                                     0.0000000000000000e+00
16                                     0.0000000000000000e+00
17                                     0.0000000000000000e+00
18                                     0.0000000000000000e+00
19                                     0.0000000000000000e+00
20                                     0.0000000000000000e+00
21                                     0.0000000000000000e+00
22                                     0.0000000000000000e+00
23                                     0.0000000000000000e+00
24                                     0.0000000000000000e+00
25                                     0.0000000000000000e+00
26                                     0.0000000000000000e+00
27                                     0.0000000000000000e+00
28                                     0.0000000000000000e+00
29                                     0.0000000000000000e+00
30                                     0.0000000000000000e+00
31                                     0.0000000000000000e+00
32                                     0.0000000000000000e+00
33                                     0.0000000000000000e+00
34                                     0.0000000000000000e+00
35                                     0.0000000000000000e+00
36                                     0.0000000000000000e+00
37                                     0.0000000000000000e+00
38                                     0.0000000000000000e+00
39                                     0.0000000000000000e+00
40                                     0.0000000000000000e+00
41                                     0.0000000000000000e+00
   &Method [&Type "String"] "SCF"
   &Level [&Type "String"] "Relaxed density"
   &Mult [&Type "Integer"] 1
   &State [&Type "Integer"] -1
   &Irrep [&Type "Integer"] 0
$End
$SCF_Energy
   &GeometryIndex 1
   &Method [&Type "String"] "SCF"
   &totalEnergy [&Type "ArrayOfDoubles", &Dim (1,1)] "Total energy of each state"
                                                         0

0                                     -1.1066138233114643e+03
   &Mult [&Type "ArrayOfIntegers", &Dim (1,1)] "Multiplicity of each state"
                                                         0

0                                                        1
$End
$DFT_Energy
   &GeometryIndex 1
   &nAlphaEl [&Type "Integer"] 85
   &nBetaEl [&Type "Integer"] 85
   &nTotalEl [&Type "Integer"] 171
   &finalEn [&Type "Double"]      -1.1066138233114643e+03  "No Van der Waals correction"
   &eExchange [&Type "Double"]       0.0000000000000000e+00
   &eCorr [&Type "Double"]       0.0000000000000000e+00
   &eXC [&Type "Double"]      -1.1104724280392952e+02
   &eCNL [&Type "Double"]       0.0000000000000000e+00
$End
$Solvation_Details
   &GeometryIndex 1
   &Solvent [&Type "String"] "WATER"
   &Epsilon [&Type "Double"]       8.0150999999999996e+01
   &Refrac [&Type "Double"]       1.3328000000000000e+00
   &RSolv [&Type "Double"]       1.3000000000000000e+00
   &SurfaceType [&Type "String"] "GAUSSIAN VDW"
   &CPCMDielEnergy [&Type "Double"]      -3.4181863000000000e-02
   &NPoints [&Type "Integer"] 3563
   &SurfaceArea [&Type "Double"]       1.2798638928870000e+03
$End
$SCF_Timings
   &GeometryIndex 1
   &TOTAL [&Type "Double"]       9.0818696000000003e+01
   &PREP [&Type "Double"]       1.0608590000000000e+00
   &FOCK [&Type "Double"]       8.7379524000000018e+01
   &DENS [&Type "Double"]       1.1640900000000443e-01
   &ETOT [&Type "Double"]       6.4405999999998187e-02
   &POP [&Type "Double"]       4.4623000000001412e-02
   &TRAFO [&Type "Double"]       7.7797000000003891e-02
   &DIIS [&Type "Double"]       3.6961100000000258e-01
   &SOSCF [&Type "Double"]       3.7310399999999788e-01
   &XC [&Type "Double"]       5.3842499999999802e+00
   &FOCKSTART [&Type "Double"]       1.3963999999996757e-02
   &SOLV [&Type "Double"]       9.0300269999999809e+00
   &SOLV_INIT [&Type "Double"]       4.5602299999999996e-01
   &INT_PREP [&Type "Double"]       4.9999999998107114e-06
   &INT_BF [&Type "Double"]       1.4193109999997464e+00
   &INT_DENS [&Type "Double"]       1.2048259999997004e+00
   &INT_DENSIO [&Type "Double"]       2.7935436134000035e+05
   &INT_FUNC [&Type "Double"]       5.0335900000022882e-01
   &INT_POT [&Type "Double"]       1.1468389999999982e+00
   &INT_POTIO [&Type "Double"]       4.5098000000223237e-02
   &INT_SUM [&Type "Double"]       9.0499999999416048e-04
   &SPLITRIJ [&Type "Double"]       5.2981379999999918e+00
   &COSX [&Type "Double"]       6.9755267000000003e+01
   &FROZCORE [&Type "Double"]       8.1890000000015561e-03
$End
$CIS_Absorption_Spectrum
   &GeometryIndex 1
   &Method [&Type "Integer"] 20
   &RelCorrection [&Type "Integer"] 1 "Type of relativistic treatment in QDPT. 0->Unknow, 1->None, 2->SOC, 3->SSC, 4->SOC/SSC"
   &DensType [&Type "Integer"] 3 "Type of density (electron/spin ...). 0->Unknow, 1->Electronic, 2->Spin, 3->Trans/Electronic, 4->Tran/Spin"
   &DeriType [&Type "Integer"] 0 "Type of derivative (w.r.t. to what perturbation). 0->Unknown, 1->No Derivative, 2->Electric/Dipole, 3->Electric/Quad, 4->Magnetic/Dipole, 5->Magnetic/Quad"
   &DensLevel [&Type "Integer"] 0 "// Source of density: relaxed, unrelaxed, ... 0->Unknown, 1->Linearized, 2->Unrelaxed, 3->Relaxed"
   &Density_name [&Type "String"] "Tdens-CIS"
   &Representation [&Type "String"] "Length" "Possible values: Unknown,  Length, Velocity"
   &PointGroup [&Type "String"] "C1"
   &DoHigherMoments [&Type "Boolean"] false
   &NTrans [&Type "Integer"] 8
   &ExcitationEnergies [&Type "ArrayOfDoubles", &Dim (8,11)] 
                                                         0                           1                           2                           3                           4                           5                           6                           7

0                                      2.6290296492281233e+00         2.1204556365815784e+04         4.7159675625759212e+02         4.8521845626186988e-01         7.5332730366740313e+00         1.4477257027266122e+00         0.0000000000000000e+00        -2.2215038090898811e+00
1                                      3.5418636251312474e+00         2.8567059675868779e+04         3.5005352715551675e+02         6.3203268913342007e-04         7.2836586804094694e-03         6.6194209422244091e-02         0.0000000000000000e+00        -5.3802811253455617e-02
2                                      3.7798166501452877e+00         3.0486280454838688e+04         3.2801640117473988e+02         1.1534932811724180e-04         1.2456218447302271e-03        -3.3018796319824621e-02         0.0000000000000000e+00         1.0731901051049089e-02
3                                      3.9298864973184289e+00         3.1696675527456646e+04         3.1549049966889078e+02         3.9595994139672332e-02         4.1125683084256504e-01         5.4893758437520546e-01         0.0000000000000000e+00         3.2389349530792105e-01
4                                      4.2468978701153883e+00         3.4253544950763207e+04         2.9194058642322182e+02         2.1139843676545450e-03         2.0317573281421333e-02         1.2533045286310174e-01         0.0000000000000000e+00         6.6387648270939181e-02
5                                      4.5583698395065868e+00         3.6765736067841870e+04         2.7199237848924139e+02         4.0581400808401509e-02         3.6337860743634198e-01         3.1277994373470724e-01         0.0000000000000000e+00        -4.8599159444342799e-01
6                                      4.6572951109724841e+00         3.7563622274799680e+04         2.6621500788300449e+02         6.2467569008285108e-03         5.4747302774919002e-02        -1.1650089987208184e-01         0.0000000000000000e+00         1.8739294610103485e-01
7                                      4.7201158907910656e+00         3.8070306087589204e+04         2.6267190962407227e+02         1.9281817079124328e-01         1.6673899412481985e+00        -1.1093047150022042e+00         0.0000000000000000e+00        -6.4511892953525674e-01
                                                         8                           9                          10

0                                      0.0000000000000000e+00         7.0872008052398006e-01         0.0000000000000000e+00
1                                      0.0000000000000000e+00         2.6912488919814139e-03         0.0000000000000000e+00
2                                      0.0000000000000000e+00        -6.3409174533859492e-03         0.0000000000000000e+00
3                                      0.0000000000000000e+00        -7.0833346667350056e-02         0.0000000000000000e+00
4                                      0.0000000000000000e+00        -1.4231339487385915e-02         0.0000000000000000e+00
5                                      0.0000000000000000e+00         1.7134609526916544e-01         0.0000000000000000e+00
6                                      0.0000000000000000e+00        -7.7837824067022901e-02         0.0000000000000000e+00
7                                      0.0000000000000000e+00         1.4371693455317511e-01         0.0000000000000000e+00
   &States [&Type "ArrayOfIntegers", &Dim (8,4)] "The initial and Final states. Col1: Initial State  Col2: Initial Irrep Col3: Final State Col4: Final Irrep"
                                                         0                           1                           2                           3

0                                                        0                           0                           1                           0
1                                                        0                           0                           2                           0
2                                                        0                           0                           3                           0
3                                                        0                           0                           4                           0
4                                                        0                           0                           5                           0
5                                                        0                           0                           6                           0
6                                                        0                           0                           7                           0
7                                                        0                           0                           8                           0
   &Multiplicities [&Type "ArrayOfDoubles", &Dim (8,2)] "Col1: Multiplicity of the initial state  Col2: Multiplicity of the final state"
                                                         0                           1

0                                      1.0000000000000000e+00         1.0000000000000000e+00
1                                      1.0000000000000000e+00         1.0000000000000000e+00
2                                      1.0000000000000000e+00         1.0000000000000000e+00
3                                      1.0000000000000000e+00         1.0000000000000000e+00
4                                      1.0000000000000000e+00         1.0000000000000000e+00
5                                      1.0000000000000000e+00         1.0000000000000000e+00
6                                      1.0000000000000000e+00         1.0000000000000000e+00
7                                      1.0000000000000000e+00         1.0000000000000000e+00
   &Temperature [&Type "Double"]       2.9814999999999998e+02
$End
$CIS_Absorption_Spectrum
   &GeometryIndex 1
   &Method [&Type "Integer"] 20
   &RelCorrection [&Type "Integer"] 1 "Type of relativistic treatment in QDPT. 0->Unknow, 1->None, 2->SOC, 3->SSC, 4->SOC/SSC"
   &DensType [&Type "Integer"] 3 "Type of density (electron/spin ...). 0->Unknow, 1->Electronic, 2->Spin, 3->Trans/Electronic, 4->Tran/Spin"
   &DeriType [&Type "Integer"] 0 "Type of derivative (w.r.t. to what perturbation). 0->Unknown, 1->No Derivative, 2->Electric/Dipole, 3->Electric/Quad, 4->Magnetic/Dipole, 5->Magnetic/Quad"
   &DensLevel [&Type "Integer"] 0 "// Source of density: relaxed, unrelaxed, ... 0->Unknown, 1->Linearized, 2->Unrelaxed, 3->Relaxed"
   &Density_name [&Type "String"] "Tdens-CIS"
   &Representation [&Type "String"] "Velocity" "Possible values: Unknown,  Length, Velocity"
   &PointGroup [&Type "String"] "C1"
   &DoHigherMoments [&Type "Boolean"] false
   &NTrans [&Type "Integer"] 8
   &ExcitationEnergies [&Type "ArrayOfDoubles", &Dim (8,11)] 
                                                         0                           1                           2                           3                           4                           5                           6                           7

0                                      2.6290296492281233e+00         2.1204556365815784e+04         4.7159675625759212e+02         1.5040460298838610e-02         2.1797026348733075e-03        -1.9692812254845850e-02         0.0000000000000000e+00         3.7858562918032759e-02
1                                      3.5418636251312474e+00         2.8567059675868779e+04         3.5005352715551675e+02         8.0280050532608856e-05         1.5674009657580240e-05        -3.4389956285319615e-03         0.0000000000000000e+00         1.9584348301096718e-03
2                                      3.7798166501452877e+00         3.0486280454838688e+04         3.2801640117473988e+02         1.3174005024814832e-04         2.7449168686087154e-05         5.0131092878885359e-03         0.0000000000000000e+00         1.5171695891461538e-03
3                                      3.9298864973184289e+00         3.1696675527456646e+04         3.1549049966889078e+02         2.3272237358839886e-02         5.0414885205116609e-03        -6.2077941190478547e-02         0.0000000000000000e+00        -3.4464658628416876e-02
4                                      4.2468978701153883e+00         3.4253544950763207e+04         2.9194058642322182e+02         1.2251407827624993e-02         2.8681274879094670e-03        -4.6521688345201005e-02         0.0000000000000000e+00        -2.6370249215413179e-02
5                                      4.5583698395065868e+00         3.6765736067841870e+04         2.7199237848924139e+02         2.6084737344163389e-02         6.5544561755588046e-03        -4.2028941011613551e-02         0.0000000000000000e+00         6.6188622347403470e-02
6                                      4.6572951109724841e+00         3.7563622274799680e+04         2.6621500788300449e+02         2.2301910235847093e-04         5.7255400789412570e-05        -1.5151426531127433e-03         0.0000000000000000e+00         4.4985839609192344e-03
7                                      4.7201158907910656e+00         3.8070306087589204e+04         2.6267190962407227e+02         3.0495565459594514e-02         7.9346904754109947e-03         7.8652968120030281e-02         0.0000000000000000e+00         4.1790973742153383e-02
                                                         8                           9                          10

0                                      0.0000000000000000e+00         1.8937396709950802e-02         0.0000000000000000e+00
1                                      0.0000000000000000e+00        -1.0886570043683159e-04         0.0000000000000000e+00
2                                      0.0000000000000000e+00         1.2688731829043725e-04         0.0000000000000000e+00
3                                      0.0000000000000000e+00         7.1018939996610189e-05         0.0000000000000000e+00
4                                      0.0000000000000000e+00         2.9103191815429475e-03         0.0000000000000000e+00
5                                      0.0000000000000000e+00        -2.0176485441075098e-02         0.0000000000000000e+00
6                                      0.0000000000000000e+00         5.8925788816689808e-03         0.0000000000000000e+00
7                                      0.0000000000000000e+00        -1.3840502169864103e-03         0.0000000000000000e+00
   &States [&Type "ArrayOfIntegers", &Dim (8,4)] "The initial and Final states. Col1: Initial State  Col2: Initial Irrep Col3: Final State Col4: Final Irrep"
                                                         0                           1                           2                           3

0                                                        0                           0                           1                           0
1                                                        0                           0                           2                           0
2                                                        0                           0                           3                           0
3                                                        0                           0                           4                           0
4                                                        0                           0                           5                           0
5                                                        0                           0                           6                           0
6                                                        0                           0                           7                           0
7                                                        0                           0                           8                           0
   &Multiplicities [&Type "ArrayOfDoubles", &Dim (8,2)] "Col1: Multiplicity of the initial state  Col2: Multiplicity of the final state"
                                                         0                           1

0                                      1.0000000000000000e+00         1.0000000000000000e+00
1                                      1.0000000000000000e+00         1.0000000000000000e+00
2                                      1.0000000000000000e+00         1.0000000000000000e+00
3                                      1.0000000000000000e+00         1.0000000000000000e+00
4                                      1.0000000000000000e+00         1.0000000000000000e+00
5                                      1.0000000000000000e+00         1.0000000000000000e+00
6                                      1.0000000000000000e+00         1.0000000000000000e+00
7                                      1.0000000000000000e+00         1.0000000000000000e+00
   &Temperature [&Type "Double"]       2.9814999999999998e+02
$End
$CIS_ECD_Spectrum
   &GeometryIndex 1
   &Method [&Type "Integer"] 20
   &RelCorrection [&Type "Integer"] 1 "Type of relativistic treatment in QDPT. 0->Unknow, 1->None, 2->SOC, 3->SSC, 4->SOC/SSC"
   &DensType [&Type "Integer"] 3 "Type of density (electron/spin ...). 0->Unknow, 1->Electronic, 2->Spin, 3->Trans/Electronic, 4->Tran/Spin"
   &DeriType [&Type "Integer"] 0 "Type of derivative (w.r.t. to what perturbation). 0->Unknown, 1->No Derivative, 2->Electric/Dipole, 3->Electric/Quad, 4->Magnetic/Dipole, 5->Magnetic/Quad"
   &DensLevel [&Type "Integer"] 0 "// Source of density: relaxed, unrelaxed, ... 0->Unknown, 1->Linearized, 2->Unrelaxed, 3->Relaxed"
   &Density_name [&Type "String"] "Tdens-CIS"
   &Representation [&Type "String"] "Length" "Possible values: Unknown,  Length, Velocity"
   &PointGroup [&Type "String"] "C1"
   &DoHigherMoments [&Type "Boolean"] false
   &NTrans [&Type "Integer"] 8
   &ExcitationEnergies [&Type "ArrayOfDoubles", &Dim (8,10)] 
                                                         0                           1                           2                           3                           4                           5                           6                           7

0                                      2.6290296492281233e+00         2.1204556365815784e+04         4.7159675625759212e+02         3.2017872623109504e+01        -8.5558446182172024e-02         0.0000000000000000e+00        -1.6777233813305911e-02         0.0000000000000000e+00
1                                      3.5418636251312474e+00         2.8567059675868779e+04         3.5005352715551675e+02        -4.4777004133867742e+00         2.7943070279880372e-01         0.0000000000000000e+00         1.6516742874011084e-01         0.0000000000000000e+00
2                                      3.7798166501452877e+00         3.0486280454838688e+04         3.2801640117473988e+02        -3.7414413500700011e-01        -8.6234762781403230e-03         0.0000000000000000e+00         2.5654621896376552e-02         0.0000000000000000e+00
3                                      3.9298864973184289e+00         3.1696675527456646e+04         3.1549049966889078e+02        -5.2818661362253385e+00         4.6619710720623417e-02         0.0000000000000000e+00         6.7928984732309447e-02         0.0000000000000000e+00
4                                      4.2468978701153883e+00         3.4253544950763207e+04         2.9194058642322182e+02        -8.7137313110572390e-01         5.4417172330778252e-02         0.0000000000000000e+00        -1.3071468341134257e-01         0.0000000000000000e+00
5                                      4.5583698395065868e+00         3.6765736067841870e+04         2.7199237848924139e+02        -5.9708125945150647e-01        -2.5441596227963107e-02         0.0000000000000000e+00        -1.6062316988672262e-02         0.0000000000000000e+00
6                                      4.6572951109724841e+00         3.7563622274799680e+04         2.6621500788300449e+02         5.7058645162802513e-01        -1.5250748374028001e-02         0.0000000000000000e+00        -1.3152065507033180e-02         0.0000000000000000e+00
7                                      4.7201158907910656e+00         3.8070306087589204e+04         2.6267190962407227e+02        -1.2853026979129536e+01        -9.9749549800050241e-02         0.0000000000000000e+00         2.3411335629568333e-01         0.0000000000000000e+00
                                                         8                           9

0                                      2.6358709895187855e-02         0.0000000000000000e+00
1                                     -4.1807324829665114e-02         0.0000000000000000e+00
2                                     -3.6830997921048783e-02         0.0000000000000000e+00
3                                      5.1373589530532537e-01         0.0000000000000000e+00
4                                     -2.6041065582987794e-01         0.0000000000000000e+00
5                                      8.2753377671771263e-03         0.0000000000000000e+00
6                                      6.7113893808570290e-03         0.0000000000000000e+00
7                                      4.7065458705473134e-01         0.0000000000000000e+00
   &States [&Type "ArrayOfIntegers", &Dim (8,4)] "The initial and Final states. Col1: Initial State  Col2: Initial Irrep Col3: Final State Col4: Final Irrep"
                                                         0                           1                           2                           3

0                                                        0                           0                           1                           0
1                                                        0                           0                           2                           0
2                                                        0                           0                           3                           0
3                                                        0                           0                           4                           0
4                                                        0                           0                           5                           0
5                                                        0                           0                           6                           0
6                                                        0                           0                           7                           0
7                                                        0                           0                           8                           0
   &Multiplicities [&Type "ArrayOfDoubles", &Dim (8,2)] "Col1: Multiplicity of the initial state  Col2: Multiplicity of the final state"
                                                         0                           1

0                                      1.0000000000000000e+00         1.0000000000000000e+00
1                                      1.0000000000000000e+00         1.0000000000000000e+00
2                                      1.0000000000000000e+00         1.0000000000000000e+00
3                                      1.0000000000000000e+00         1.0000000000000000e+00
4                                      1.0000000000000000e+00         1.0000000000000000e+00
5                                      1.0000000000000000e+00         1.0000000000000000e+00
6                                      1.0000000000000000e+00         1.0000000000000000e+00
7                                      1.0000000000000000e+00         1.0000000000000000e+00
   &Temperature [&Type "Double"]       2.9814999999999998e+02
$End
$CIS_ECD_Spectrum
   &GeometryIndex 1
   &Method [&Type "Integer"] 20
   &RelCorrection [&Type "Integer"] 1 "Type of relativistic treatment in QDPT. 0->Unknow, 1->None, 2->SOC, 3->SSC, 4->SOC/SSC"
   &DensType [&Type "Integer"] 3 "Type of density (electron/spin ...). 0->Unknow, 1->Electronic, 2->Spin, 3->Trans/Electronic, 4->Tran/Spin"
   &DeriType [&Type "Integer"] 0 "Type of derivative (w.r.t. to what perturbation). 0->Unknown, 1->No Derivative, 2->Electric/Dipole, 3->Electric/Quad, 4->Magnetic/Dipole, 5->Magnetic/Quad"
   &DensLevel [&Type "Integer"] 0 "// Source of density: relaxed, unrelaxed, ... 0->Unknown, 1->Linearized, 2->Unrelaxed, 3->Relaxed"
   &Density_name [&Type "String"] "Tdens-CIS"
   &Representation [&Type "String"] "Velocity" "Possible values: Unknown,  Length, Velocity"
   &PointGroup [&Type "String"] "C1"
   &DoHigherMoments [&Type "Boolean"] false
   &NTrans [&Type "Integer"] 8
   &ExcitationEnergies [&Type "ArrayOfDoubles", &Dim (8,10)] 
                                                         0                           1                           2                           3                           4                           5                           6                           7

0                                      2.6290296492281233e+00         2.1204556365815784e+04         4.7159675625759212e+02         7.5580864024239149e+00        -8.5558446182172024e-02         0.0000000000000000e+00        -1.6777233813305911e-02         0.0000000000000000e+00
1                                      3.5418636251312474e+00         2.8567059675868779e+04         3.5005352715551675e+02        -2.2925429456811530e+00         2.7943070279880372e-01         0.0000000000000000e+00         1.6516742874011084e-01         0.0000000000000000e+00
2                                      3.7798166501452877e+00         3.0486280454838688e+04         3.2801640117473988e+02        -3.0483181108475834e-02        -8.6234762781403230e-03         0.0000000000000000e+00         2.5654621896376552e-02         0.0000000000000000e+00
3                                      3.9298864973184289e+00         3.1696675527456646e+04         3.1549049966889078e+02        -1.6970835817394807e+01         4.6619710720623417e-02         0.0000000000000000e+00         6.7928984732309447e-02         0.0000000000000000e+00
4                                      4.2468978701153883e+00         3.4253544950763207e+04         2.9194058642322182e+02         4.7583457252331834e-01         5.4417172330778252e-02         0.0000000000000000e+00        -1.3071468341134257e-01         0.0000000000000000e+00
5                                      4.5583698395065868e+00         3.6765736067841870e+04         2.7199237848924139e+02        -4.5262122650157155e-01        -2.5441596227963107e-02         0.0000000000000000e+00        -1.6062316988672262e-02         0.0000000000000000e+00
6                                      4.6572951109724841e+00         3.7563622274799680e+04         2.6621500788300449e+02         9.6100713046517183e-03        -1.5250748374028001e-02         0.0000000000000000e+00        -1.3152065507033180e-02         0.0000000000000000e+00
7                                      4.7201158907910656e+00         3.8070306087589204e+04         2.6267190962407227e+02         3.4974464435128132e+00        -9.9749549800050241e-02         0.0000000000000000e+00         2.3411335629568333e-01         0.0000000000000000e+00
                                                         8                           9

0                                      2.6358709895187855e-02         0.0000000000000000e+00
1                                     -4.1807324829665114e-02         0.0000000000000000e+00
2                                     -3.6830997921048783e-02         0.0000000000000000e+00
3                                      5.1373589530532537e-01         0.0000000000000000e+00
4                                     -2.6041065582987794e-01         0.0000000000000000e+00
5                                      8.2753377671771263e-03         0.0000000000000000e+00
6                                      6.7113893808570290e-03         0.0000000000000000e+00
7                                      4.7065458705473134e-01         0.0000000000000000e+00
   &States [&Type "ArrayOfIntegers", &Dim (8,4)] "The initial and Final states. Col1: Initial State  Col2: Initial Irrep Col3: Final State Col4: Final Irrep"
                                                         0                           1                           2                           3

0                                                        0                           0                           1                           0
1                                                        0                           0                           2                           0
2                                                        0                           0                           3                           0
3                                                        0                           0                           4                           0
4                                                        0                           0                           5                           0
5                                                        0                           0                           6                           0
6                                                        0                           0                           7                           0
7                                                        0                           0                           8                           0
   &Multiplicities [&Type "ArrayOfDoubles", &Dim (8,2)] "Col1: Multiplicity of the initial state  Col2: Multiplicity of the final state"
                                                         0                           1

0                                      1.0000000000000000e+00         1.0000000000000000e+00
1                                      1.0000000000000000e+00         1.0000000000000000e+00
2                                      1.0000000000000000e+00         1.0000000000000000e+00
3                                      1.0000000000000000e+00         1.0000000000000000e+00
4                                      1.0000000000000000e+00         1.0000000000000000e+00
5                                      1.0000000000000000e+00         1.0000000000000000e+00
6                                      1.0000000000000000e+00         1.0000000000000000e+00
7                                      1.0000000000000000e+00         1.0000000000000000e+00
   &Temperature [&Type "Double"]       2.9814999999999998e+02
$End
$CIS_Energies
   &GeometryIndex 1
   &e0 [&Type "Double"]      -1.1066138233114643e+03  "Ground state energy"
   &multP1 [&Type "Boolean"] false "Do the higher multiplicity too?"
   &mode [&Type "String"] "TDA" "CIS mode: CIS, RPA, TDA, TD-DFT, sTDA, sTD-DFT"
   &dCorr [&Type "Integer"] 0 "(D) Correction algorithm"
   &Method [&Type "String"] "TDA/CIS"
   &totalEnergy [&Type "ArrayOfDoubles", &Dim (8,1)] "Total energy of each state"
                                                         0

0                                     -1.1065172082437707e+03
1                                     -1.1064836622103887e+03
2                                     -1.1064749175970953e+03
3                                     -1.1064694026313559e+03
4                                     -1.1064577526770652e+03
5                                     -1.1064463062921163e+03
6                                     -1.1064426708550636e+03
7                                     -1.1064403622337452e+03
   &Mult [&Type "ArrayOfIntegers", &Dim (8,1)] "Multiplicity of each state"
                                                         0

0                                                        1
1                                                        1
2                                                        1
3                                                        1
4                                                        1
5                                                        1
6                                                        1
7                                                        1
   &RelCorr [&Type "String"] "None" "Relativistic correction (SOC and/or SSC)"
   &NBlocks [&Type "Integer"] 1 "Number of multiplicity blocks"
   &NRoots [&Type "ArrayOfIntegers", &Dim (1,1)] "Number of roots in each block"
                                                         0

0                                                        8
   &NTotalRoots [&Type "Integer"] 8 "Total number of roots"
   &Block [&Type "ArrayOfIntegers", &Dim (8,1)] "Block index of each state"
                                                         0

0                                                        0
1                                                        0
2                                                        0
3                                                        0
4                                                        0
5                                                        0
6                                                        0
7                                                        0
   &Root [&Type "ArrayOfIntegers", &Dim (8,1)] "Root index within the block"
                                                         0

0                                                        0
1                                                        1
2                                                        2
3                                                        3
4                                                        4
5                                                        5
6                                                        6
7                                                        7
$End
$Single_Point_Data
   &GeometryIndex 1
   &FinalEnergy [&Type "Double"]      -1.1065172082437707e+03  "Final single point energy"
   &Converged [&Type "Boolean"] true
$End
$Calculation_Info
   &GeometryIndex 1
   &Mult [&Type "Integer"] 1
   &Charge [&Type "Integer"] 0
   &NumOfAtoms [&Type "Integer"] 42
   &NumOfElectrons [&Type "Integer"] 172
   &NumOfBasisFuncts [&Type "Integer"] 372
   &NumOfAuxCBasisFuncts [&Type "Integer"] 0
   &NumOfAuxJBasisFuncts [&Type "Integer"] 1374
   &NumOfAuxJKBasisFuncts [&Type "Integer"] 0
   &NumOfCABSBasisFuncts [&Type "Integer"] 0
$End
$SCF_Dipole_Moment
   &GeometryIndex 1
   &dipoleMagnitude [&Type "Double", &Units "a.u."]       2.4280709564601279e+00
   &dipoleElecContrib [&Type "ArrayOfDoubles", &Dim (3,1)] "Electronic contribution"
                                                         0

0                                     -7.2824087740424259e+00
1                                      1.2244458008880493e+01
2                                     -2.7189830513015889e-01
   &dipoleNucContrib [&Type "ArrayOfDoubles", &Dim (3,1)] "Nuclear contribution"
                                                         0

0                                      7.3893046706407421e+00
1                                     -1.4234217577663543e+01
2                                      1.6593271124323330e+00
   &dipoleTotal [&Type "ArrayOfDoubles", &Dim (3,1)] "Total"
                                                         0

0                                      1.0689589659831622e-01
1                                     -1.9897595687830503e+00
2                                      1.3874288073021741e+00
   &doAtomicDipole [&Type "Boolean"] false
   &Method [&Type "String"] "SCF"
   &Level [&Type "String"] "Relaxed density"
   &Mult [&Type "Integer"] 1
   &State [&Type "Integer"] -1
   &Irrep [&Type "Integer"] 0
$End
$Calculation_Timings
   &GeometryIndex 1
   &GTOINT [&Type "Double"]       4.1187269999999998e+00
   &SCF [&Type "Double"]       9.5224399000000005e+01
   &CIS [&Type "Double"]       4.5980619000000004e+01
   &PROPINT [&Type "Double"]       1.5480780000000038e+00
   &PROP [&Type "Double"]       1.5823859999999854e+00
   &SUM [&Type "Double"]       1.4845420900000002e+02
$End
