*************************************************
******************* ORCA 6.1.1 ******************
*************************************************
$Calculation_Status
   &GeometryIndex 1
   &version [&Type "String"] "6.1.1"
   &progName [&Type "String"] "ProgCIS"
   &Status [&Type "String"] "NORMAL TERMINATION"
$End
$Geometry
   &GeometryIndex 1
   &NAtoms [&Type "Integer"] 41
   &NCorelessECP [&Type "Integer"] 0
   &NGhostAtoms [&Type "Integer"] 0
   &CartesianCoordinates [&Type "Coordinates", &Dim(41,4), &Units "Bohr"] 
              O     -5.315865833146  -10.469696572463   -0.929350339383
              N     -3.886398164826   -9.280551986746   -2.327914124149
              C     -2.905781544812   -7.005201927991   -1.296468387000
              C     -1.257034860866   -5.625130709053   -2.839361901103
              C     -0.172464435769   -3.392470176334   -1.999207252909
              C     -0.723395436374   -2.453283989056    0.447626553258
              C     -2.453465588540   -3.840073022052    1.968472064466
              C     -3.503137037023   -6.070357703735    1.117018406278
              N      0.382296779375   -0.233428612891    1.331965464125
              C      1.913456597959    1.358195922945   -0.320894391352
              C      4.671976438711    0.456019670667   -0.465480759368
              O      6.236095886113    2.209773730148   -1.877390996631
              S      5.954624208632    2.144091447656   -4.981794889637
              O      4.244055285339    4.156013007630   -5.774454375140
              O      5.486189445873   -0.469571742614   -5.762821719646
              C      9.147826120629    3.031005362424   -5.708723363992
              C      0.449785532676    0.409299678039    4.009882937597
              C     -1.258572859208    2.614265271226    4.778190468603
              O     -3.897962300295    2.058008736854    4.357029057889
              S     -5.296822774114    3.257937614189    1.824376356956
              O     -6.168384000421    1.175510660374    0.254108021192
              O     -3.682029650001    5.251198738163    0.788862990917
              C     -7.976629314828    4.648939856163    3.380742057339
              H     -0.823798583285   -6.357411922069   -4.707925101598
              H      1.120155386086   -2.409308372699   -3.246019253754
              H     -3.050278661696   -3.097997679174    3.780095340638
              H     -4.832783234126   -7.126594558498    2.267522526381
              H      1.061532150482    1.431111518906   -2.200448953524
              H      1.875890834453    3.298788443274    0.392648121752
              H      4.821467359856   -1.426312180534   -1.300487556439
              H      5.542420462466    0.422596338059    1.407929451960
              H     10.420561628638    1.559723025362   -5.027072116235
              H      9.263980231650    3.208296659328   -7.762160646821
              H      9.544965643104    4.842276710100   -4.805927683532
              H     -0.004902789179   -1.259180577371    5.133015788558
              H      2.387987826631    0.951568606017    4.538031899195
              H     -0.760035374932    4.347461966527    3.771153089468
              H     -1.077805853300    2.949626589762    6.812921351066
              H     -8.966847747250    3.168830362425    4.421021331598
              H     -7.318342276160    6.138066589903    4.645959317099
              H     -9.192529422935    5.427965208242    1.905331178081
$End
$SCF_Mulliken_Population_Analysis
   &GeometryIndex 1
   &NAtoms [&Type "Integer"] 41
   &ATNO [&Type "ArrayOfIntegers", &Dim (41,1)] 
                                                         0

0                                                        8
1                                                        7
2                                                        6
3                                                        6
4                                                        6
5                                                        6
6                                                        6
7                                                        6
8                                                        7
9                                                        6
10                                                       6
11                                                       8
12                                                      16
13                                                       8
14                                                       8
15                                                       6
16                                                       6
17                                                       6
18                                                       8
19                                                      16
20                                                       8
21                                                       8
22                                                       6
23                                                       1
24                                                       1
25                                                       1
26                                                       1
27                                                       1
28                                                       1
29                                                       1
30                                                       1
31                                                       1
32                                                       1
33                                                       1
34                                                       1
35                                                       1
36                                                       1
37                                                       1
38                                                       1
39                                                       1
40                                                       1
   &AtomicCharges [&Type "ArrayOfDoubles", &Dim (41,1)] 
                                                         0

0                                     -3.4602567270560591e-01
1                                     -6.0032506930093987e-02
2                                      1.8778096990324400e-01
3                                     -1.4436176986514759e-01
4                                     -2.1573871642658737e-01
5                                      3.4800527695793804e-01
6                                     -1.9277537820185842e-01
7                                     -1.4460015633183154e-01
8                                     -4.4838301138794190e-01
9                                     -2.0017547868866625e-01
10                                    -6.5994050812173910e-02
11                                    -5.5744566307512322e-01
12                                     1.2492824812317966e+00
13                                    -5.1829921522255162e-01
14                                    -5.4076782802157375e-01
15                                    -6.4862176325289234e-01
16                                    -1.7264208819108884e-01
17                                    -6.7767399200543643e-02
18                                    -5.5977613153829431e-01
19                                     1.2584320497105601e+00
20                                    -5.0718814188659778e-01
21                                    -5.4544035879044195e-01
22                                    -6.4515619675033076e-01
23                                     1.5997861175943773e-01
24                                     1.6669735816697839e-01
25                                     1.6011320692279996e-01
26                                     1.5999833622934390e-01
27                                     2.0717041781138279e-01
28                                     1.8763870859930543e-01
29                                     1.9568673667058334e-01
30                                     1.8214720611042334e-01
31                                     2.2963540935724103e-01
32                                     2.3450907362677809e-01
33                                     2.3304535891999079e-01
34                                     1.8727057046515294e-01
35                                     1.7153174048967101e-01
36                                     1.9640754553383866e-01
37                                     1.7767990724502347e-01
38                                     2.3172488841073480e-01
39                                     2.2399196706114632e-01
40                                     2.3246370609596068e-01
   &Method [&Type "String"] "SCF"
   &Level [&Type "String"] "Relaxed density"
   &Mult [&Type "Integer"] 1
   &State [&Type "Integer"] -1
   &Irrep [&Type "Integer"] 0
$End
$SCF_Loewdin_Population_Analysis
   &GeometryIndex 1
   &NAtoms [&Type "Integer"] 41
   &ATNO [&Type "ArrayOfIntegers", &Dim (41,1)] 
                                                         0

0                                                        8
1                                                        7
2                                                        6
3                                                        6
4                                                        6
5                                                        6
6                                                        6
7                                                        6
8                                                        7
9                                                        6
10                                                       6
11                                                       8
12                                                      16
13                                                       8
14                                                       8
15                                                       6
16                                                       6
17                                                       6
18                                                       8
19                                                      16
20                                                       8
21                                                       8
22                                                       6
23                                                       1
24                                                       1
25                                                       1
26                                                       1
27                                                       1
28                                                       1
29                                                       1
30                                                       1
31                                                       1
32                                                       1
33                                                       1
34                                                       1
35                                                       1
36                                                       1
37                                                       1
38                                                       1
39                                                       1
40                                                       1
   &AtomicCharges [&Type "ArrayOfDoubles", &Dim (41,1)] 
                                                         0

0                                     -2.1992465232846214e-01
1                                      1.1580929606569867e-02
2                                     -7.8674836192599074e-02
3                                     -8.7364371802624241e-02
4                                     -1.8032372869944702e-01
5                                      6.6541727988453481e-02
6                                     -1.5978077320296524e-01
7                                     -9.6297369936890753e-02
8                                     -6.9621026867213054e-02
9                                     -1.7745215622607002e-01
10                                    -1.0980074438349252e-01
11                                    -3.8354775884118908e-01
12                                     1.2789666146140348e+00
13                                    -5.5951488100359903e-01
14                                    -5.7088158831240854e-01
15                                    -4.9446241622234410e-01
16                                    -1.6833834343818754e-01
17                                    -1.0945025104160955e-01
18                                    -3.8743568489886115e-01
19                                     1.2821819566377055e+00
20                                    -5.4844496587722347e-01
21                                    -5.6952682096714824e-01
22                                    -4.9587442225169109e-01
23                                     1.5061535537319592e-01
24                                     1.4826705146079089e-01
25                                     1.4423714533204413e-01
26                                     1.4992347898279679e-01
27                                     1.5241582686296828e-01
28                                     1.4580977874406853e-01
29                                     1.4308195125707934e-01
30                                     1.4312807244930936e-01
31                                     1.7832541878063124e-01
32                                     1.8114768408349691e-01
33                                     1.8060403140933312e-01
34                                     1.4798314334883478e-01
35                                     1.3977296613043355e-01
36                                     1.4492501056422791e-01
37                                     1.4293473261937217e-01
38                                     1.7950930394791609e-01
39                                     1.7502598677271775e-01
40                                     1.7973862552799902e-01
   &Method [&Type "String"] "SCF"
   &Level [&Type "String"] "Relaxed density"
   &Mult [&Type "Integer"] 1
   &State [&Type "Integer"] -1
   &Irrep [&Type "Integer"] 0
$End
$SCF_Mayer_Population_Analysis
   &GeometryIndex 1
   &NAtoms [&Type "Integer"] 41 "Total number of atoms"
   &NBondOrdersPrint [&Type "Integer"] 41 "The number of bond orders larger than threshold"
   &bondThresh [&Type "Double"]       1.0000000000000001e-01  "The threshold for printing"
   &components [&Type "ArrayOfIntegers", &Dim (41,4)] "The indices and atomic numbers of the bonding atoms"
                                                         0                           1                           2                           3

0                                                        0                           8                           1                           7
1                                                        1                           7                           2                           6
2                                                        2                           6                           3                           6
3                                                        2                           6                           7                           6
4                                                        3                           6                           4                           6
5                                                        3                           6                          23                           1
6                                                        4                           6                           5                           6
7                                                        4                           6                          24                           1
8                                                        5                           6                           6                           6
9                                                        5                           6                           8                           7
10                                                       6                           6                           7                           6
11                                                       6                           6                          25                           1
12                                                       7                           6                          26                           1
13                                                       8                           7                           9                           6
14                                                       8                           7                          16                           6
15                                                       9                           6                          10                           6
16                                                       9                           6                          27                           1
17                                                       9                           6                          28                           1
18                                                      10                           6                          11                           8
19                                                      10                           6                          29                           1
20                                                      10                           6                          30                           1
21                                                      11                           8                          12                          16
22                                                      12                          16                          13                           8
23                                                      12                          16                          14                           8
24                                                      12                          16                          15                           6
25                                                      15                           6                          31                           1
26                                                      15                           6                          32                           1
27                                                      15                           6                          33                           1
28                                                      16                           6                          17                           6
29                                                      16                           6                          34                           1
30                                                      16                           6                          35                           1
31                                                      17                           6                          18                           8
32                                                      17                           6                          36                           1
33                                                      17                           6                          37                           1
34                                                      18                           8                          19                          16
35                                                      19                          16                          20                           8
36                                                      19                          16                          21                           8
37                                                      19                          16                          22                           6
38                                                      22                           6                          38                           1
39                                                      22                           6                          39                           1
40                                                      22                           6                          40                           1
   &BondOrders [&Type "ArrayOfDoubles", &Dim (41,1)] "The bond orders"
                                                         0

0                                      1.6416698614409810e+00
1                                      1.0793295083047658e+00
2                                      1.3373700410878613e+00
3                                      1.3070240485945965e+00
4                                      1.4875891875398406e+00
5                                      9.1017444035398953e-01
6                                      1.3338541120782395e+00
7                                      8.9753651929416112e-01
8                                      1.3006977425467168e+00
9                                      1.0431681247103586e+00
10                                     1.5175131738197625e+00
11                                     9.0578439454456960e-01
12                                     9.0189423613455089e-01
13                                     9.5019577300048275e-01
14                                     9.6842102437925948e-01
15                                     9.6137486341326106e-01
16                                     9.0895620628444440e-01
17                                     9.1983171185184709e-01
18                                     8.4566017720674003e-01
19                                     9.0846241904111458e-01
20                                     9.2591177960192250e-01
21                                     8.5928535143444895e-01
22                                     1.7247028329299834e+00
23                                     1.6562019359134652e+00
24                                     8.8159582500929945e-01
25                                     9.0916123823367034e-01
26                                     9.1219048490333898e-01
27                                     9.0806308861411544e-01
28                                     9.7604032794088158e-01
29                                     9.1682177627182548e-01
30                                     9.1471778040704099e-01
31                                     8.7119483274379927e-01
32                                     9.0305354309708641e-01
33                                     9.2281342911785336e-01
34                                     8.3417988791459918e-01
35                                     1.7357995476610588e+00
36                                     1.6519150348433187e+00
37                                     8.8433603973414265e-01
38                                     9.0858851884089975e-01
39                                     9.1082347078401904e-01
40                                     9.1210073715353512e-01
   &ATNO [&Type "ArrayOfIntegers", &Dim (41,1)] "Atomic number of the elements"
                                                         0

0                                                        8
1                                                        7
2                                                        6
3                                                        6
4                                                        6
5                                                        6
6                                                        6
7                                                        6
8                                                        7
9                                                        6
10                                                       6
11                                                       8
12                                                      16
13                                                       8
14                                                       8
15                                                       6
16                                                       6
17                                                       6
18                                                       8
19                                                      16
20                                                       8
21                                                       8
22                                                       6
23                                                       1
24                                                       1
25                                                       1
26                                                       1
27                                                       1
28                                                       1
29                                                       1
30                                                       1
31                                                       1
32                                                       1
33                                                       1
34                                                       1
35                                                       1
36                                                       1
37                                                       1
38                                                       1
39                                                       1
40                                                       1
   &NA [&Type "ArrayOfDoubles", &Dim (41,1)] "Mulliken gross atomic population"
                                                         0

0                                      8.3460256727056059e+00
1                                      7.0600325069300958e+00
2                                      5.8122190300967507e+00
3                                      6.1443617698651467e+00
4                                      6.2157387164265883e+00
5                                      5.6519947230420620e+00
6                                      6.1927753782018611e+00
7                                      6.1446001563318324e+00
8                                      7.4483830113879446e+00
9                                      6.2001754786886680e+00
10                                     6.0659940508121757e+00
11                                     8.5574456630751250e+00
12                                     1.4750717518768198e+01
13                                     8.5182992152225516e+00
14                                     8.5407678280215684e+00
15                                     6.6486217632528879e+00
16                                     6.1726420881910888e+00
17                                     6.0677673992005436e+00
18                                     8.5597761315382908e+00
19                                     1.4741567950289433e+01
20                                     8.5071881418866031e+00
21                                     8.5454403587904402e+00
22                                     6.6451561967503352e+00
23                                     8.4002138824056216e-01
24                                     8.3330264183302138e-01
25                                     8.3988679307719971e-01
26                                     8.4000166377065599e-01
27                                     7.9282958218861754e-01
28                                     8.1236129140069457e-01
29                                     8.0431326332941655e-01
30                                     8.1785279388957655e-01
31                                     7.7036459064275908e-01
32                                     7.6549092637322191e-01
33                                     7.6695464108000921e-01
34                                     8.1272942953484728e-01
35                                     8.2846825951032899e-01
36                                     8.0359245446616157e-01
37                                     8.2232009275497653e-01
38                                     7.6827511158926531e-01
39                                     7.7600803293885379e-01
40                                     7.6753629390403932e-01
   &ZA [&Type "ArrayOfDoubles", &Dim (41,1)] "Total nuclear charge"
                                                         0

0                                      8.0000000000000000e+00
1                                      7.0000000000000000e+00
2                                      6.0000000000000000e+00
3                                      6.0000000000000000e+00
4                                      6.0000000000000000e+00
5                                      6.0000000000000000e+00
6                                      6.0000000000000000e+00
7                                      6.0000000000000000e+00
8                                      7.0000000000000000e+00
9                                      6.0000000000000000e+00
10                                     6.0000000000000000e+00
11                                     8.0000000000000000e+00
12                                     1.6000000000000000e+01
13                                     8.0000000000000000e+00
14                                     8.0000000000000000e+00
15                                     6.0000000000000000e+00
16                                     6.0000000000000000e+00
17                                     6.0000000000000000e+00
18                                     8.0000000000000000e+00
19                                     1.6000000000000000e+01
20                                     8.0000000000000000e+00
21                                     8.0000000000000000e+00
22                                     6.0000000000000000e+00
23                                     1.0000000000000000e+00
24                                     1.0000000000000000e+00
25                                     1.0000000000000000e+00
26                                     1.0000000000000000e+00
27                                     1.0000000000000000e+00
28                                     1.0000000000000000e+00
29                                     1.0000000000000000e+00
30                                     1.0000000000000000e+00
31                                     1.0000000000000000e+00
32                                     1.0000000000000000e+00
33                                     1.0000000000000000e+00
34                                     1.0000000000000000e+00
35                                     1.0000000000000000e+00
36                                     1.0000000000000000e+00
37                                     1.0000000000000000e+00
38                                     1.0000000000000000e+00
39                                     1.0000000000000000e+00
40                                     1.0000000000000000e+00
   &QA [&Type "ArrayOfDoubles", &Dim (41,1)] "Mulliken gross atomic charge"
                                                         0

0                                     -3.4602567270560591e-01
1                                     -6.0032506930095764e-02
2                                      1.8778096990324933e-01
3                                     -1.4436176986514671e-01
4                                     -2.1573871642658826e-01
5                                      3.4800527695793804e-01
6                                     -1.9277537820186108e-01
7                                     -1.4460015633183243e-01
8                                     -4.4838301138794456e-01
9                                     -2.0017547868866803e-01
10                                    -6.5994050812175686e-02
11                                    -5.5744566307512500e-01
12                                     1.2492824812318020e+00
13                                    -5.1829921522255162e-01
14                                    -5.4076782802156842e-01
15                                    -6.4862176325288790e-01
16                                    -1.7264208819108884e-01
17                                    -6.7767399200543643e-02
18                                    -5.5977613153829076e-01
19                                     1.2584320497105672e+00
20                                    -5.0718814188660311e-01
21                                    -5.4544035879044017e-01
22                                    -6.4515619675033520e-01
23                                     1.5997861175943784e-01
24                                     1.6669735816697862e-01
25                                     1.6011320692280029e-01
26                                     1.5999833622934401e-01
27                                     2.0717041781138246e-01
28                                     1.8763870859930543e-01
29                                     1.9568673667058345e-01
30                                     1.8214720611042345e-01
31                                     2.2963540935724092e-01
32                                     2.3450907362677809e-01
33                                     2.3304535891999079e-01
34                                     1.8727057046515272e-01
35                                     1.7153174048967101e-01
36                                     1.9640754553383843e-01
37                                     1.7767990724502347e-01
38                                     2.3172488841073469e-01
39                                     2.2399196706114621e-01
40                                     2.3246370609596068e-01
   &VA [&Type "ArrayOfDoubles", &Dim (41,1)] "Mayer's total valence"
                                                         0

0                                      1.9138034533766826e+00
1                                      2.8283511523221669e+00
2                                      3.9061564759585066e+00
3                                      3.9035009259117541e+00
4                                      3.8848736497311696e+00
5                                      3.8632118225721097e+00
6                                      3.8908719345855820e+00
7                                      3.8818291584750844e+00
8                                      3.1043774549079615e+00
9                                      3.8047712129734603e+00
10                                     3.7027582997610091e+00
11                                     1.8671068186957638e+00
12                                     5.1980563821295487e+00
13                                     1.9293127492713844e+00
14                                     1.9056443493229853e+00
15                                     3.7410929638641788e+00
16                                     3.8116603830188946e+00
17                                     3.7221712532536726e+00
18                                     1.8669723363993680e+00
19                                     5.1830190952290458e+00
20                                     1.9412668140247971e+00
21                                     1.9016704322317968e+00
22                                     3.7499782457953854e+00
23                                     9.4034743671142551e-01
24                                     9.4505679852343372e-01
25                                     9.4158453776793016e-01
26                                     9.5133940534992445e-01
27                                     9.2662599598504203e-01
28                                     9.2817451057691058e-01
29                                     9.2984667953854383e-01
30                                     9.2839910230686307e-01
31                                     9.1658837757808398e-01
32                                     9.1418264438323149e-01
33                                     9.1517817234276766e-01
34                                     9.3195525845832072e-01
35                                     9.2529571974183300e-01
36                                     9.3248687265039387e-01
37                                     9.2501227660138796e-01
38                                     9.1536853398657514e-01
39                                     9.1792596511237368e-01
40                                     9.1452505417780972e-01
   &BVA [&Type "ArrayOfDoubles", &Dim (41,1)] "Mayer's bonded valence"
                                                         0

0                                      1.9138034533766781e+00
1                                      2.8283511523221581e+00
2                                      3.9061564759584866e+00
3                                      3.9035009259117874e+00
4                                      3.8848736497311696e+00
5                                      3.8632118225721319e+00
6                                      3.8908719345855358e+00
7                                      3.8818291584750355e+00
8                                      3.1043774549080005e+00
9                                      3.8047712129734870e+00
10                                     3.7027582997609656e+00
11                                     1.8671068186957509e+00
12                                     5.1980563821296570e+00
13                                     1.9293127492714142e+00
14                                     1.9056443493229551e+00
15                                     3.7410929638641557e+00
16                                     3.8116603830188778e+00
17                                     3.7221712532536873e+00
18                                     1.8669723363993782e+00
19                                     5.1830190952290423e+00
20                                     1.9412668140247877e+00
21                                     1.9016704322318212e+00
22                                     3.7499782457953907e+00
23                                     9.4034743671142218e-01
24                                     9.4505679852343372e-01
25                                     9.4158453776792672e-01
26                                     9.5133940534992489e-01
27                                     9.2662599598505080e-01
28                                     9.2817451057691847e-01
29                                     9.2984667953853628e-01
30                                     9.2839910230685696e-01
31                                     9.1658837757808276e-01
32                                     9.1418264438323471e-01
33                                     9.1517817234277299e-01
34                                     9.3195525845832394e-01
35                                     9.2529571974183145e-01
36                                     9.3248687265039765e-01
37                                     9.2501227660139063e-01
38                                     9.1536853398657214e-01
39                                     9.1792596511237790e-01
40                                     9.1452505417780250e-01
   &FA [&Type "ArrayOfDoubles", &Dim (41,1)] "Mayer's free valence"
                                                         0

0                                      0.0000000000000000e+00
1                                      0.0000000000000000e+00
2                                      0.0000000000000000e+00
3                                      0.0000000000000000e+00
4                                      0.0000000000000000e+00
5                                      0.0000000000000000e+00
6                                      0.0000000000000000e+00
7                                      0.0000000000000000e+00
8                                      0.0000000000000000e+00
9                                      0.0000000000000000e+00
10                                     0.0000000000000000e+00
11                                     0.0000000000000000e+00
12                                     0.0000000000000000e+00
13                                     0.0000000000000000e+00
14                                     0.0000000000000000e+00
15                                     0.0000000000000000e+00
16                                     0.0000000000000000e+00
17                                     0.0000000000000000e+00
18                                     0.0000000000000000e+00
19                                     0.0000000000000000e+00
20                                     0.0000000000000000e+00
21                                     0.0000000000000000e+00
22                                     0.0000000000000000e+00
23                                     0.0000000000000000e+00
24                                     0.0000000000000000e+00
25                                     0.0000000000000000e+00
26                                     0.0000000000000000e+00
27                                     0.0000000000000000e+00
28                                     0.0000000000000000e+00
29                                     0.0000000000000000e+00
30                                     0.0000000000000000e+00
31                                     0.0000000000000000e+00
32                                     0.0000000000000000e+00
33                                     0.0000000000000000e+00
34                                     0.0000000000000000e+00
35                                     0.0000000000000000e+00
36                                     0.0000000000000000e+00
37                                     0.0000000000000000e+00
38                                     0.0000000000000000e+00
39                                     0.0000000000000000e+00
40                                     0.0000000000000000e+00
   &Method [&Type "String"] "SCF"
   &Level [&Type "String"] "Relaxed density"
   &Mult [&Type "Integer"] 1
   &State [&Type "Integer"] -1
   &Irrep [&Type "Integer"] 0
$End
$SCF_Energy
   &GeometryIndex 1
   &Method [&Type "String"] "SCF"
   &totalEnergy [&Type "ArrayOfDoubles", &Dim (1,1)] "Total energy of each state"
                                                         0

0                                     -1.8996216150053638e+03
   &Mult [&Type "ArrayOfIntegers", &Dim (1,1)] "Multiplicity of each state"
                                                         0

0                                                        1
$End
$DFT_Energy
   &GeometryIndex 1
   &nAlphaEl [&Type "Integer"] 96
   &nBetaEl [&Type "Integer"] 96
   &nTotalEl [&Type "Integer"] 192
   &finalEn [&Type "Double"]      -1.8996216150053638e+03  "No Van der Waals correction"
   &eExchange [&Type "Double"]      -1.5075073775125583e+02
   &eCorr [&Type "Double"]      -8.0873666158859585e+00
   &eXC [&Type "Double"]      -1.5883810436714180e+02
   &eCNL [&Type "Double"]       0.0000000000000000e+00
$End
$Solvation_Details
   &GeometryIndex 1
   &Solvent [&Type "String"] "TOLUENE"
   &Epsilon [&Type "Double"]       2.3870000000000000e+00
   &Refrac [&Type "Double"]       1.4961000000000000e+00
   &RSolv [&Type "Double"]       1.3000000000000000e+00
   &SurfaceType [&Type "String"] "GAUSSIAN VDW"
   &CPCMDielEnergy [&Type "Double"]      -2.3419421999999999e-02
   &NPoints [&Type "Integer"] 3556
   &SurfaceArea [&Type "Double"]       1.3561639047450001e+03
$End
$SCF_Timings
   &GeometryIndex 1
   &TOTAL [&Type "Double"]       4.9721823000000001e+01
   &PREP [&Type "Double"]       1.0568830000000000e+00
   &FOCK [&Type "Double"]       4.7130056000000003e+01
   &DENS [&Type "Double"]       1.1234300000000275e-01
   &ETOT [&Type "Double"]       6.1254000000002584e-02
   &POP [&Type "Double"]       4.2028000000001953e-02
   &TRAFO [&Type "Double"]       7.1854000000000973e-02
   &DIIS [&Type "Double"]       3.7058199999999886e-01
   &SOSCF [&Type "Double"]       3.6728500000000253e-01
   &XC [&Type "Double"]       4.7374729999999881e+00
   &FOCKSTART [&Type "Double"]       1.2308000000005537e-02
   &SOLV [&Type "Double"]       8.8208209999999934e+00
   &SOLV_INIT [&Type "Double"]       4.0020400000000000e-01
   &SOLV_FINAL [&Type "Double"]       1.0000000045806701e-06
   &INT_PREP [&Type "Double"]       8.0000000011182237e-06
   &INT_BF [&Type "Double"]       1.3601779999999888e+00
   &INT_DENS [&Type "Double"]       1.0677610000003765e+00
   &INT_DENSIO [&Type "Double"]       1.5772900654700029e+05
   &INT_FUNC [&Type "Double"]       1.6023000000002074e-01
   &INT_POT [&Type "Double"]       9.9756299999996934e-01
   &INT_POTIO [&Type "Double"]       3.9864000000072508e-02
   &INT_SUM [&Type "Double"]       6.8099999999660099e-04
   &SPLITRIJ [&Type "Double"]       4.9862770000000030e+00
   &COSX [&Type "Double"]       2.9885887000000015e+01
   &FROZCORE [&Type "Double"]       6.3310000000029731e-03
$End
$CIS_Absorption_Spectrum
   &GeometryIndex 1
   &Method [&Type "Integer"] 20
   &RelCorrection [&Type "Integer"] 1 "Type of relativistic treatment in QDPT. 0->Unknow, 1->None, 2->SOC, 3->SSC, 4->SOC/SSC"
   &DensType [&Type "Integer"] 3 "Type of density (electron/spin ...). 0->Unknow, 1->Electronic, 2->Spin, 3->Trans/Electronic, 4->Tran/Spin"
   &DeriType [&Type "Integer"] 0 "Type of derivative (w.r.t. to what perturbation). 0->Unknown, 1->No Derivative, 2->Electric/Dipole, 3->Electric/Quad, 4->Magnetic/Dipole, 5->Magnetic/Quad"
   &DensLevel [&Type "Integer"] 0 "// Source of density: relaxed, unrelaxed, ... 0->Unknown, 1->Linearized, 2->Unrelaxed, 3->Relaxed"
   &Density_name [&Type "String"] "Tdens-CIS"
   &Representation [&Type "String"] "Length" "Possible values: Unknown,  Length, Velocity"
   &PointGroup [&Type "String"] "C1"
   &DoHigherMoments [&Type "Boolean"] false
   &NTrans [&Type "Integer"] 8
   &ExcitationEnergies [&Type "ArrayOfDoubles", &Dim (8,11)] 
                                                         0                           1                           2                           3                           4                           5                           6                           7

0                                      1.7044245730157117e+00         1.3747112719099319e+04         7.2742547503132550e+02         6.7545956347914789e-04         1.6175713590399786e-02         1.0333469517479481e-01         0.0000000000000000e+00        -5.8610650567757251e-02
1                                      3.7977691248547840e+00         3.0631076943533735e+04         3.2646583136578272e+02         7.7921287158849606e-01         8.3747034779873406e+00        -1.2254239498845625e+00         0.0000000000000000e+00        -2.4971770325725440e+00
2                                      4.2343766490140977e+00         3.4152554481260850e+04         2.9280386641318131e+02         2.0070000938747706e-02         1.9346383269062098e-01         2.7673849408175338e-01         0.0000000000000000e+00         2.9858469706695839e-01
3                                      4.3649446072184963e+00         3.5205656195091855e+04         2.8404526660673736e+02         8.9700390863800019e-04         8.3879817955357736e-03         3.5622897461039540e-02         0.0000000000000000e+00         8.1996504859551692e-02
4                                      4.9926479372682326e+00         4.0268425512645095e+04         2.4833352366508095e+02         1.2438310337618005e-01         1.0168861364685973e+00        -6.3079924017632527e-01         0.0000000000000000e+00        -5.3726192827970909e-01
5                                      5.3169369723251254e+00         4.2883993246808452e+04         2.3318723940766003e+02         1.7441081015596245e-03         1.3389173453516812e-02         9.1121665749128083e-02         0.0000000000000000e+00        -5.8693587931777313e-02
6                                      5.5288122500087269e+00         4.4592882786903159e+04         2.2425103234045633e+02         9.2735504243924349e-02         6.8463023701965176e-01         3.9049098941722021e-01         0.0000000000000000e+00         7.2415514371945655e-01
7                                      5.7834385791531719e+00         4.6646582846980215e+04         2.1437797561300624e+02         2.8144908956469479e-03         1.9863492052976675e-02         5.3028935484884757e-02         0.0000000000000000e+00        -8.4280661689852474e-02
                                                         8                           9                          10

0                                      0.0000000000000000e+00         4.5414160826291634e-02         0.0000000000000000e+00
1                                      0.0000000000000000e+00        -7.9821456327784590e-01         0.0000000000000000e+00
2                                      0.0000000000000000e+00        -1.6651371493488759e-01         0.0000000000000000e+00
3                                      0.0000000000000000e+00         1.9888794906518400e-02         0.0000000000000000e+00
4                                      0.0000000000000000e+00         5.7474174677217993e-01         0.0000000000000000e+00
5                                      0.0000000000000000e+00         4.0510223651761219e-02         0.0000000000000000e+00
6                                      0.0000000000000000e+00         8.8013362782394536e-02         0.0000000000000000e+00
7                                      0.0000000000000000e+00        -9.9740634244209800e-02         0.0000000000000000e+00
   &States [&Type "ArrayOfIntegers", &Dim (8,4)] "The initial and Final states. Col1: Initial State  Col2: Initial Irrep Col3: Final State Col4: Final Irrep"
                                                         0                           1                           2                           3

0                                                        0                           0                           1                           0
1                                                        0                           0                           2                           0
2                                                        0                           0                           3                           0
3                                                        0                           0                           4                           0
4                                                        0                           0                           5                           0
5                                                        0                           0                           6                           0
6                                                        0                           0                           7                           0
7                                                        0                           0                           8                           0
   &Multiplicities [&Type "ArrayOfDoubles", &Dim (8,2)] "Col1: Multiplicity of the initial state  Col2: Multiplicity of the final state"
                                                         0                           1

0                                      1.0000000000000000e+00         1.0000000000000000e+00
1                                      1.0000000000000000e+00         1.0000000000000000e+00
2                                      1.0000000000000000e+00         1.0000000000000000e+00
3                                      1.0000000000000000e+00         1.0000000000000000e+00
4                                      1.0000000000000000e+00         1.0000000000000000e+00
5                                      1.0000000000000000e+00         1.0000000000000000e+00
6                                      1.0000000000000000e+00         1.0000000000000000e+00
7                                      1.0000000000000000e+00         1.0000000000000000e+00
   &Temperature [&Type "Double"]       2.9814999999999998e+02
$End
$CIS_Absorption_Spectrum
   &GeometryIndex 1
   &Method [&Type "Integer"] 20
   &RelCorrection [&Type "Integer"] 1 "Type of relativistic treatment in QDPT. 0->Unknow, 1->None, 2->SOC, 3->SSC, 4->SOC/SSC"
   &DensType [&Type "Integer"] 3 "Type of density (electron/spin ...). 0->Unknow, 1->Electronic, 2->Spin, 3->Trans/Electronic, 4->Tran/Spin"
   &DeriType [&Type "Integer"] 0 "Type of derivative (w.r.t. to what perturbation). 0->Unknown, 1->No Derivative, 2->Electric/Dipole, 3->Electric/Quad, 4->Magnetic/Dipole, 5->Magnetic/Quad"
   &DensLevel [&Type "Integer"] 0 "// Source of density: relaxed, unrelaxed, ... 0->Unknown, 1->Linearized, 2->Unrelaxed, 3->Relaxed"
   &Density_name [&Type "String"] "Tdens-CIS"
   &Representation [&Type "String"] "Velocity" "Possible values: Unknown,  Length, Velocity"
   &PointGroup [&Type "String"] "C1"
   &DoHigherMoments [&Type "Boolean"] false
   &NTrans [&Type "Integer"] 8
   &ExcitationEnergies [&Type "ArrayOfDoubles", &Dim (8,11)] 
                                                         0                           1                           2                           3                           4                           5                           6                           7

0                                      1.7044245730157117e+00         1.3747112719099319e+04         7.2742547503132550e+02         2.2976295214779128e-03         2.1587304981120247e-04         1.1646436796025008e-02         0.0000000000000000e+00        -7.3765937909186221e-03
1                                      3.7977691248547840e+00         3.0631076943533735e+04         3.2646583136578272e+02         7.1617596156291402e-02         1.4993013667141350e-02         4.6528214309131413e-02         0.0000000000000000e+00         1.1160590657727947e-01
2                                      4.2343766490140977e+00         3.4152554481260850e+04         2.9280386641318131e+02         1.3536894455193180e-03         3.1597241275082557e-04        -5.6906366775594779e-03         0.0000000000000000e+00        -1.6092739364798405e-02
3                                      4.3649446072184963e+00         3.5205656195091855e+04         2.8404526660673736e+02         1.3598730287543367e-04         3.2720334479740886e-05        -1.1872534096132713e-03         0.0000000000000000e+00        -5.5876902011811908e-03
4                                      4.9926479372682326e+00         4.0268425512645095e+04         2.4833352366508095e+02         7.8015125852940737e-03         2.1470907125879873e-03         2.3706999095295719e-02         0.0000000000000000e+00         3.8133079758497244e-02
5                                      5.3169369723251254e+00         4.2883993246808452e+04         2.3318723940766003e+02         2.8259358972090583e-04         8.2825574314378397e-05         7.0238538825587492e-03         0.0000000000000000e+00        -4.4556915872949439e-03
6                                      5.5288122500087269e+00         4.4592882786903159e+04         2.2425103234045633e+02         1.4722295617947792e-02         4.4869167710576349e-03        -1.1674789917544200e-02         0.0000000000000000e+00        -5.6522011563527048e-02
7                                      5.7834385791531719e+00         4.6646582846980215e+04         2.1437797561300624e+02         1.8438459770754091e-03         5.8782953816127715e-04        -1.2803595977609357e-02         0.0000000000000000e+00         8.2080883744209809e-03
                                                         8                           9                          10

0                                      0.0000000000000000e+00         5.0812817094880733e-03         0.0000000000000000e+00
1                                      0.0000000000000000e+00         1.9294054975780954e-02         0.0000000000000000e+00
2                                      0.0000000000000000e+00        -4.9611295781815867e-03         0.0000000000000000e+00
3                                      0.0000000000000000e+00        -2.9745930263862296e-04         0.0000000000000000e+00
4                                      0.0000000000000000e+00         1.1442776525639341e-02         0.0000000000000000e+00
5                                      0.0000000000000000e+00         3.6929477967812979e-03         0.0000000000000000e+00
6                                      0.0000000000000000e+00        -3.3998209662441901e-02         0.0000000000000000e+00
7                                      0.0000000000000000e+00         1.8881863081833788e-02         0.0000000000000000e+00
   &States [&Type "ArrayOfIntegers", &Dim (8,4)] "The initial and Final states. Col1: Initial State  Col2: Initial Irrep Col3: Final State Col4: Final Irrep"
                                                         0                           1                           2                           3

0                                                        0                           0                           1                           0
1                                                        0                           0                           2                           0
2                                                        0                           0                           3                           0
3                                                        0                           0                           4                           0
4                                                        0                           0                           5                           0
5                                                        0                           0                           6                           0
6                                                        0                           0                           7                           0
7                                                        0                           0                           8                           0
   &Multiplicities [&Type "ArrayOfDoubles", &Dim (8,2)] "Col1: Multiplicity of the initial state  Col2: Multiplicity of the final state"
                                                         0                           1

0                                      1.0000000000000000e+00         1.0000000000000000e+00
1                                      1.0000000000000000e+00         1.0000000000000000e+00
2                                      1.0000000000000000e+00         1.0000000000000000e+00
3                                      1.0000000000000000e+00         1.0000000000000000e+00
4                                      1.0000000000000000e+00         1.0000000000000000e+00
5                                      1.0000000000000000e+00         1.0000000000000000e+00
6                                      1.0000000000000000e+00         1.0000000000000000e+00
7                                      1.0000000000000000e+00         1.0000000000000000e+00
   &Temperature [&Type "Double"]       2.9814999999999998e+02
$End
$CIS_ECD_Spectrum
   &GeometryIndex 1
   &Method [&Type "Integer"] 20
   &RelCorrection [&Type "Integer"] 1 "Type of relativistic treatment in QDPT. 0->Unknow, 1->None, 2->SOC, 3->SSC, 4->SOC/SSC"
   &DensType [&Type "Integer"] 3 "Type of density (electron/spin ...). 0->Unknow, 1->Electronic, 2->Spin, 3->Trans/Electronic, 4->Tran/Spin"
   &DeriType [&Type "Integer"] 0 "Type of derivative (w.r.t. to what perturbation). 0->Unknown, 1->No Derivative, 2->Electric/Dipole, 3->Electric/Quad, 4->Magnetic/Dipole, 5->Magnetic/Quad"
   &DensLevel [&Type "Integer"] 0 "// Source of density: relaxed, unrelaxed, ... 0->Unknown, 1->Linearized, 2->Unrelaxed, 3->Relaxed"
   &Density_name [&Type "String"] "Tdens-CIS"
   &Representation [&Type "String"] "Length" "Possible values: Unknown,  Length, Velocity"
   &PointGroup [&Type "String"] "C1"
   &DoHigherMoments [&Type "Boolean"] false
   &NTrans [&Type "Integer"] 8
   &ExcitationEnergies [&Type "ArrayOfDoubles", &Dim (8,10)] 
                                                         0                           1                           2                           3                           4                           5                           6                           7

0                                      1.7044245730157117e+00         1.3747112719099319e+04         7.2742547503132550e+02        -1.3639145505553003e+00         2.9663255239400749e-01         0.0000000000000000e+00         3.4097684740119227e-01         0.0000000000000000e+00
1                                      3.7977691248547840e+00         3.0631076943533735e+04         3.2646583136578272e+02        -4.0563250977178861e+01        -1.2255731082994319e-01         0.0000000000000000e+00         3.9353085332645022e-03         0.0000000000000000e+00
2                                      4.2343766490140977e+00         3.4152554481260850e+04         2.9280386641318131e+02        -1.3130415834416054e+00         2.4621720592631155e-01         0.0000000000000000e+00        -1.5923592841553449e-01         0.0000000000000000e+00
3                                      4.3649446072184963e+00         3.5205656195091855e+04         2.8404526660673736e+02        -2.2852402904682556e+00         3.9115459408974478e-02         0.0000000000000000e+00         3.9500843481118403e-02         0.0000000000000000e+00
4                                      4.9926479372682326e+00         4.0268425512645095e+04         2.4833352366508095e+02        -2.5529539684455209e+01         2.2771431213291235e-01         0.0000000000000000e+00        -1.6528156203811448e-01         0.0000000000000000e+00
5                                      5.3169369723251254e+00         4.2883993246808452e+04         2.3318723940766003e+02        -9.0896136728340585e-02         1.9746554927816207e-01         0.0000000000000000e+00         1.9772188562012005e-01         0.0000000000000000e+00
6                                      5.5288122500087269e+00         4.4592882786903159e+04         2.2425103234045633e+02         2.8112568902437789e+00        -5.0277032923104266e-02         0.0000000000000000e+00         2.3169422728679598e-02         0.0000000000000000e+00
7                                      5.7834385791531719e+00         4.6646582846980215e+04         2.1437797561300624e+02        -9.3069702316784919e-01        -6.2991501627561643e-03         0.0000000000000000e+00        -6.1419304183638501e-02         0.0000000000000000e+00
                                                         8                           9

0                                     -1.7119203575496192e-01         0.0000000000000000e+00
1                                      6.8049701713638264e-02         0.0000000000000000e+00
2                                      1.0694168809961149e-01         0.0000000000000000e+00
3                                      1.0805872424087900e-02         0.0000000000000000e+00
4                                      1.8963919607495849e-01         0.0000000000000000e+00
5                                     -1.5293872417868637e-01         0.0000000000000000e+00
6                                     -3.5318748748049245e-02         0.0000000000000000e+00
7                                      2.8757675724337437e-02         0.0000000000000000e+00
   &States [&Type "ArrayOfIntegers", &Dim (8,4)] "The initial and Final states. Col1: Initial State  Col2: Initial Irrep Col3: Final State Col4: Final Irrep"
                                                         0                           1                           2                           3

0                                                        0                           0                           1                           0
1                                                        0                           0                           2                           0
2                                                        0                           0                           3                           0
3                                                        0                           0                           4                           0
4                                                        0                           0                           5                           0
5                                                        0                           0                           6                           0
6                                                        0                           0                           7                           0
7                                                        0                           0                           8                           0
   &Multiplicities [&Type "ArrayOfDoubles", &Dim (8,2)] "Col1: Multiplicity of the initial state  Col2: Multiplicity of the final state"
                                                         0                           1

0                                      1.0000000000000000e+00         1.0000000000000000e+00
1                                      1.0000000000000000e+00         1.0000000000000000e+00
2                                      1.0000000000000000e+00         1.0000000000000000e+00
3                                      1.0000000000000000e+00         1.0000000000000000e+00
4                                      1.0000000000000000e+00         1.0000000000000000e+00
5                                      1.0000000000000000e+00         1.0000000000000000e+00
6                                      1.0000000000000000e+00         1.0000000000000000e+00
7                                      1.0000000000000000e+00         1.0000000000000000e+00
   &Temperature [&Type "Double"]       2.9814999999999998e+02
$End
$CIS_ECD_Spectrum
   &GeometryIndex 1
   &Method [&Type "Integer"] 20
   &RelCorrection [&Type "Integer"] 1 "Type of relativistic treatment in QDPT. 0->Unknow, 1->None, 2->SOC, 3->SSC, 4->SOC/SSC"
   &DensType [&Type "Integer"] 3 "Type of density (electron/spin ...). 0->Unknow, 1->Electronic, 2->Spin, 3->Trans/Electronic, 4->Tran/Spin"
   &DeriType [&Type "Integer"] 0 "Type of derivative (w.r.t. to what perturbation). 0->Unknown, 1->No Derivative, 2->Electric/Dipole, 3->Electric/Quad, 4->Magnetic/Dipole, 5->Magnetic/Quad"
   &DensLevel [&Type "Integer"] 0 "// Source of density: relaxed, unrelaxed, ... 0->Unknown, 1->Linearized, 2->Unrelaxed, 3->Relaxed"
   &Density_name [&Type "String"] "Tdens-CIS"
   &Representation [&Type "String"] "Velocity" "Possible values: Unknown,  Length, Velocity"
   &PointGroup [&Type "String"] "C1"
   &DoHigherMoments [&Type "Boolean"] false
   &NTrans [&Type "Integer"] 8
   &ExcitationEnergies [&Type "ArrayOfDoubles", &Dim (8,10)] 
                                                         0                           1                           2                           3                           4                           5                           6                           7

0                                      1.7044245730157117e+00         1.3747112719099319e+04         7.2742547503132550e+02         5.2378550929884671e-01         2.9663255239400749e-01         0.0000000000000000e+00         3.4097684740119227e-01         0.0000000000000000e+00
1                                      3.7977691248547840e+00         3.0631076943533735e+04         3.2646583136578272e+02        -1.3343781784102745e+01        -1.2255731082994319e-01         0.0000000000000000e+00         3.9353085332645022e-03         0.0000000000000000e+00
2                                      4.2343766490140977e+00         3.4152554481260850e+04         2.9280386641318131e+02         1.9113005524943723e+00         2.4621720592631155e-01         0.0000000000000000e+00        -1.5923592841553449e-01         0.0000000000000000e+00
3                                      4.3649446072184963e+00         3.5205656195091855e+04         2.8404526660673736e+02        -7.9464104041155681e-01         3.9115459408974478e-02         0.0000000000000000e+00         3.9500843481118403e-02         0.0000000000000000e+00
4                                      4.9926479372682326e+00         4.0268425512645095e+04         2.4833352366508095e+02         3.2523396916551293e+00         2.2771431213291235e-01         0.0000000000000000e+00        -1.6528156203811448e-01         0.0000000000000000e+00
5                                      5.3169369723251254e+00         4.2883993246808452e+04         2.3318723940766003e+02        -1.4190603522238943e-01         1.9746554927816207e-01         0.0000000000000000e+00         1.9772188562012005e-01         0.0000000000000000e+00
6                                      5.5288122500087269e+00         4.4592882786903159e+04         2.2425103234045633e+02         1.1095154179841848e+00        -5.0277032923104266e-02         0.0000000000000000e+00         2.3169422728679598e-02         0.0000000000000000e+00
7                                      5.7834385791531719e+00         4.6646582846980215e+04         2.1437797561300624e+02         2.6510859262358172e-01        -6.2991501627561643e-03         0.0000000000000000e+00        -6.1419304183638501e-02         0.0000000000000000e+00
                                                         8                           9

0                                     -1.7119203575496192e-01         0.0000000000000000e+00
1                                      6.8049701713638264e-02         0.0000000000000000e+00
2                                      1.0694168809961149e-01         0.0000000000000000e+00
3                                      1.0805872424087900e-02         0.0000000000000000e+00
4                                      1.8963919607495849e-01         0.0000000000000000e+00
5                                     -1.5293872417868637e-01         0.0000000000000000e+00
6                                     -3.5318748748049245e-02         0.0000000000000000e+00
7                                      2.8757675724337437e-02         0.0000000000000000e+00
   &States [&Type "ArrayOfIntegers", &Dim (8,4)] "The initial and Final states. Col1: Initial State  Col2: Initial Irrep Col3: Final State Col4: Final Irrep"
                                                         0                           1                           2                           3

0                                                        0                           0                           1                           0
1                                                        0                           0                           2                           0
2                                                        0                           0                           3                           0
3                                                        0                           0                           4                           0
4                                                        0                           0                           5                           0
5                                                        0                           0                           6                           0
6                                                        0                           0                           7                           0
7                                                        0                           0                           8                           0
   &Multiplicities [&Type "ArrayOfDoubles", &Dim (8,2)] "Col1: Multiplicity of the initial state  Col2: Multiplicity of the final state"
                                                         0                           1

0                                      1.0000000000000000e+00         1.0000000000000000e+00
1                                      1.0000000000000000e+00         1.0000000000000000e+00
2                                      1.0000000000000000e+00         1.0000000000000000e+00
3                                      1.0000000000000000e+00         1.0000000000000000e+00
4                                      1.0000000000000000e+00         1.0000000000000000e+00
5                                      1.0000000000000000e+00         1.0000000000000000e+00
6                                      1.0000000000000000e+00         1.0000000000000000e+00
7                                      1.0000000000000000e+00         1.0000000000000000e+00
   &Temperature [&Type "Double"]       2.9814999999999998e+02
$End
$CIS_Energies
   &GeometryIndex 1
   &e0 [&Type "Double"]      -1.8996216150053638e+03  "Ground state energy"
   &multP1 [&Type "Boolean"] false "Do the higher multiplicity too?"
   &mode [&Type "String"] "TDA" "CIS mode: CIS, RPA, TDA, TD-DFT, sTDA, sTD-DFT"
   &dCorr [&Type "Integer"] 0 "(D) Correction algorithm"
   &Method [&Type "String"] "TDA/CIS"
   &totalEnergy [&Type "ArrayOfDoubles", &Dim (8,1)] "Total energy of each state"
                                                         0

0                                     -1.8995589785510549e+03
1                                     -1.8994820495496488e+03
2                                     -1.8994660045174010e+03
3                                     -1.8994612062329375e+03
4                                     -1.8994381385586180e+03
5                                     -1.8994262211551443e+03
6                                     -1.8994184348814892e+03
7                                     -1.8994090775355064e+03
   &Mult [&Type "ArrayOfIntegers", &Dim (8,1)] "Multiplicity of each state"
                                                         0

0                                                        1
1                                                        1
2                                                        1
3                                                        1
4                                                        1
5                                                        1
6                                                        1
7                                                        1
   &RelCorr [&Type "String"] "None" "Relativistic correction (SOC and/or SSC)"
   &NBlocks [&Type "Integer"] 1 "Number of multiplicity blocks"
   &NRoots [&Type "ArrayOfIntegers", &Dim (1,1)] "Number of roots in each block"
                                                         0

0                                                        8
   &NTotalRoots [&Type "Integer"] 8 "Total number of roots"
   &Block [&Type "ArrayOfIntegers", &Dim (8,1)] "Block index of each state"
                                                         0

0                                                        0
1                                                        0
2                                                        0
3                                                        0
4                                                        0
5                                                        0
6                                                        0
7                                                        0
   &Root [&Type "ArrayOfIntegers", &Dim (8,1)] "Root index within the block"
                                                         0

0                                                        0
1                                                        1
2                                                        2
3                                                        3
4                                                        4
5                                                        5
6                                                        6
7                                                        7
$End
$Single_Point_Data
   &GeometryIndex 1
   &FinalEnergy [&Type "Double"]      -1.8995589785510549e+03  "Final single point energy"
   &Converged [&Type "Boolean"] true
$End
$Calculation_Info
   &GeometryIndex 1
   &Mult [&Type "Integer"] 1
   &Charge [&Type "Integer"] 0
   &NumOfAtoms [&Type "Integer"] 41
   &NumOfElectrons [&Type "Integer"] 192
   &NumOfBasisFuncts [&Type "Integer"] 366
   &NumOfAuxCBasisFuncts [&Type "Integer"] 0
   &NumOfAuxJBasisFuncts [&Type "Integer"] 1329
   &NumOfAuxJKBasisFuncts [&Type "Integer"] 0
   &NumOfCABSBasisFuncts [&Type "Integer"] 0
$End
$SCF_Dipole_Moment
   &GeometryIndex 1
   &dipoleMagnitude [&Type "Double", &Units "a.u."]       4.9786830163134566e+00
   &dipoleElecContrib [&Type "ArrayOfDoubles", &Dim (3,1)] "Electronic contribution"
                                                         0

0                                     -5.4066328558998498e+00
1                                     -6.3684956580584817e+00
2                                     -7.2291297136556194e+00
   &dipoleNucContrib [&Type "ArrayOfDoubles", &Dim (3,1)] "Nuclear contribution"
                                                         0

0                                      7.7722988631060463e+00
1                                      9.6574802736753611e+00
2                                      1.0122827886843805e+01
   &dipoleTotal [&Type "ArrayOfDoubles", &Dim (3,1)] "Total"
                                                         0

0                                      2.3656660072061966e+00
1                                      3.2889846156168794e+00
2                                      2.8936981731881852e+00
   &doAtomicDipole [&Type "Boolean"] false
   &Method [&Type "String"] "SCF"
   &Level [&Type "String"] "Relaxed density"
   &Mult [&Type "Integer"] 1
   &State [&Type "Integer"] -1
   &Irrep [&Type "Integer"] 0
$End
$Calculation_Timings
   &GeometryIndex 1
   &GTOINT [&Type "Double"]       4.0788919999999997e+00
   &SCF [&Type "Double"]       5.4296246000000004e+01
   &CIS [&Type "Double"]       4.1335313999999997e+01
   &PROPINT [&Type "Double"]       1.7010769999999980e+00
   &PROP [&Type "Double"]       1.5293010000000038e+00
   &SUM [&Type "Double"]       1.0294083000000001e+02
$End
