*************************************************
******************* ORCA 6.1.1 ******************
*************************************************
$Calculation_Status
   &GeometryIndex 1
   &version [&Type "String"] "6.1.1"
   &progName [&Type "String"] "ProgCIS"
   &Status [&Type "String"] "NORMAL TERMINATION"
$End
$Geometry
   &GeometryIndex 1
   &NAtoms [&Type "Integer"] 42
   &NCorelessECP [&Type "Integer"] 0
   &NGhostAtoms [&Type "Integer"] 0
   &CartesianCoordinates [&Type "Coordinates", &Dim(42,4), &Units "Bohr"] 
              C    -11.523426755147    1.989759592489    2.967844492908
              C    -12.789310152159   -0.019430079240    1.760353017226
              C    -11.420000824078   -1.749380235709    0.370711002707
              C     -8.762385172226   -1.536741413909    0.139259621131
              C     -7.464881958933    0.491289820451    1.355713849188
              C     -8.930070762687    2.234783443488    2.768341936849
              C     -4.735500871189    0.680769052358    1.098278966551
              C     -3.335165900134    2.659131344878    2.268006143177
              C     -0.767456979577    2.847189564082    2.031882706008
              C      0.665877740608    1.072461142838    0.598786735711
              C     -0.665877328384   -0.933147977943   -0.598787845992
              C     -3.386981356567   -1.131554607291   -0.347485379361
              C     -4.780933611584   -3.131503905581   -1.531095288726
              C     -7.340421006537   -3.324240321264   -1.298714105640
              C      0.767457275312   -2.707880285046   -2.031882996607
              C      3.335164113400   -2.519807650293   -2.268014046163
              C      4.735499758168   -0.541453334161   -1.098278646016
              C      3.386983189147    1.270869529864    0.347488571306
              C      4.780935002768    3.270814804769    1.531102458622
              C      7.340422781443    3.463545340848    1.298712552044
              C      8.762386393884    1.676041585732   -0.139259267692
              C      7.464880688968   -0.351990155356   -1.355708023468
              C      8.930064405336   -2.095493083158   -2.768330870506
              C     11.523420096363   -1.850466130738   -2.967842514806
              C     12.789306686874    0.158726403891   -1.760358818307
              C     11.420002403763    1.888679758830   -0.370715316626
              H    -12.591165769030    3.359112778746    4.064929773947
              H    -14.828341786029   -0.200277658442    1.925295290687
              H    -12.366489594789   -3.311005028848   -0.573391169105
              H     -8.022158426888    3.804393834938    3.723108663584
              H     -4.310259172730    4.071931322415    3.386013807874
              H      0.173303600695    4.402217293842    2.974552940135
              H     -3.795915887127   -4.538973663352   -2.644793071991
              H     -8.345309999433   -4.863318179958   -2.218572980054
              H     -0.173296590537   -4.262913211295   -2.974555150099
              H      4.310263822099   -3.932602207693   -3.386026847930
              H      3.795926630075    4.678282602276    2.644808845724
              H      8.345311430443    5.002623354468    2.218571636461
              H      8.022152298842   -3.665107383501   -3.723093192611
              H     12.591158237188   -3.219820412424   -4.064925684305
              H     14.828338353725    0.339570006449   -1.925308597488
              H     12.366494939971    3.450308744209    0.573376820548
$End
$SCF_Mulliken_Population_Analysis
   &GeometryIndex 1
   &NAtoms [&Type "Integer"] 42
   &ATNO [&Type "ArrayOfIntegers", &Dim (42,1)] 
                                                         0

0                                                        6
1                                                        6
2                                                        6
3                                                        6
4                                                        6
5                                                        6
6                                                        6
7                                                        6
8                                                        6
9                                                        6
10                                                       6
11                                                       6
12                                                       6
13                                                       6
14                                                       6
15                                                       6
16                                                       6
17                                                       6
18                                                       6
19                                                       6
20                                                       6
21                                                       6
22                                                       6
23                                                       6
24                                                       6
25                                                       6
26                                                       1
27                                                       1
28                                                       1
29                                                       1
30                                                       1
31                                                       1
32                                                       1
33                                                       1
34                                                       1
35                                                       1
36                                                       1
37                                                       1
38                                                       1
39                                                       1
40                                                       1
41                                                       1
   &AtomicCharges [&Type "ArrayOfDoubles", &Dim (42,1)] 
                                                         0

0                                     -1.5597843439318204e-01
1                                     -1.4378720398595490e-01
2                                     -2.1710019707083728e-01
3                                      1.3333711397245374e-01
4                                      3.3444451664461639e-02
5                                     -2.0047973644819717e-01
6                                      7.2225594194678777e-02
7                                     -2.1387828974834999e-01
8                                     -2.1439075258275597e-01
9                                      5.5510965097123055e-02
10                                     5.5521647135835295e-02
11                                     3.9348127126221044e-02
12                                    -1.9844169011106327e-01
13                                    -2.1482424992726656e-01
14                                    -2.1439434974978600e-01
15                                    -2.1387640704867206e-01
16                                     7.2228844348893873e-02
17                                     3.9370312732253332e-02
18                                    -1.9844398479082681e-01
19                                    -2.1481147714019055e-01
20                                     1.3333325584931899e-01
21                                     3.3430295716041947e-02
22                                    -2.0047794365975147e-01
23                                    -1.5598000165416082e-01
24                                    -1.4378698500170906e-01
25                                    -2.1710673781665246e-01
26                                     1.4905353286195533e-01
27                                     1.4969882146779878e-01
28                                     1.5072765129349508e-01
29                                     1.5608654007684186e-01
30                                     1.5549381059190692e-01
31                                     1.5620122046393192e-01
32                                     1.5667525804002147e-01
33                                     1.5106438656892329e-01
34                                     1.5620475210910478e-01
35                                     1.5549461770474693e-01
36                                     1.5667368356276545e-01
37                                     1.5106320374499582e-01
38                                     1.5609060826316246e-01
39                                     1.4905326975136013e-01
40                                     1.4969875674357291e-01
41                                     1.5072772004748392e-01
   &Method [&Type "String"] "SCF"
   &Level [&Type "String"] "Relaxed density"
   &Mult [&Type "Integer"] 1
   &State [&Type "Integer"] -1
   &Irrep [&Type "Integer"] 0
$End
$SCF_Loewdin_Population_Analysis
   &GeometryIndex 1
   &NAtoms [&Type "Integer"] 42
   &ATNO [&Type "ArrayOfIntegers", &Dim (42,1)] 
                                                         0

0                                                        6
1                                                        6
2                                                        6
3                                                        6
4                                                        6
5                                                        6
6                                                        6
7                                                        6
8                                                        6
9                                                        6
10                                                       6
11                                                       6
12                                                       6
13                                                       6
14                                                       6
15                                                       6
16                                                       6
17                                                       6
18                                                       6
19                                                       6
20                                                       6
21                                                       6
22                                                       6
23                                                       6
24                                                       6
25                                                       6
26                                                       1
27                                                       1
28                                                       1
29                                                       1
30                                                       1
31                                                       1
32                                                       1
33                                                       1
34                                                       1
35                                                       1
36                                                       1
37                                                       1
38                                                       1
39                                                       1
40                                                       1
41                                                       1
   &AtomicCharges [&Type "ArrayOfDoubles", &Dim (42,1)] 
                                                         0

0                                     -1.3535710312770455e-01
1                                     -1.3581847989915463e-01
2                                     -1.2921561269019843e-01
3                                     -1.9372125876859769e-02
4                                     -1.3839456716303822e-02
5                                     -1.3094171467220050e-01
6                                     -1.4115743349121246e-02
7                                     -1.2972220099310228e-01
8                                     -1.3063456155302067e-01
9                                     -1.3577866797750637e-02
10                                    -1.3577525241462496e-02
11                                    -1.4034344263152754e-02
12                                    -1.3316359059633331e-01
13                                    -1.2750912056050545e-01
14                                    -1.3063494864914293e-01
15                                    -1.2972197829859233e-01
16                                    -1.4115797735705371e-02
17                                    -1.4033902988602520e-02
18                                    -1.3316384345082177e-01
19                                    -1.2750860444232348e-01
20                                    -1.9372073716134253e-02
21                                    -1.3839498888104984e-02
22                                    -1.3094186381213557e-01
23                                    -1.3535693836130491e-01
24                                    -1.3581854003772875e-01
25                                    -1.2921514575378090e-01
26                                     1.4006985621563539e-01
27                                     1.4041603679776804e-01
28                                     1.4001142356107210e-01
29                                     1.4020110707833355e-01
30                                     1.4164048463871981e-01
31                                     1.4181434668018145e-01
32                                     1.4192529124373532e-01
33                                     1.4122249743542659e-01
34                                     1.4181451377532861e-01
35                                     1.4164037566073273e-01
36                                     1.4192555533596507e-01
37                                     1.4122236643622854e-01
38                                     1.4020133519848588e-01
39                                     1.4006987385013936e-01
40                                     1.4041606741675539e-01
41                                     1.4001145114671609e-01
   &Method [&Type "String"] "SCF"
   &Level [&Type "String"] "Relaxed density"
   &Mult [&Type "Integer"] 1
   &State [&Type "Integer"] -1
   &Irrep [&Type "Integer"] 0
$End
$SCF_Mayer_Population_Analysis
   &GeometryIndex 1
   &NAtoms [&Type "Integer"] 42 "Total number of atoms"
   &NBondOrdersPrint [&Type "Integer"] 47 "The number of bond orders larger than threshold"
   &bondThresh [&Type "Double"]       1.0000000000000001e-01  "The threshold for printing"
   &components [&Type "ArrayOfIntegers", &Dim (47,4)] "The indices and atomic numbers of the bonding atoms"
                                                         0                           1                           2                           3

0                                                        0                           6                           1                           6
1                                                        0                           6                           5                           6
2                                                        0                           6                          26                           1
3                                                        1                           6                           2                           6
4                                                        1                           6                          27                           1
5                                                        2                           6                           3                           6
6                                                        2                           6                          28                           1
7                                                        3                           6                           4                           6
8                                                        3                           6                          13                           6
9                                                        4                           6                           5                           6
10                                                       4                           6                           6                           6
11                                                       5                           6                          29                           1
12                                                       6                           6                           7                           6
13                                                       6                           6                          11                           6
14                                                       7                           6                           8                           6
15                                                       7                           6                          30                           1
16                                                       8                           6                           9                           6
17                                                       8                           6                          31                           1
18                                                       9                           6                          10                           6
19                                                       9                           6                          17                           6
20                                                      10                           6                          11                           6
21                                                      10                           6                          14                           6
22                                                      11                           6                          12                           6
23                                                      12                           6                          13                           6
24                                                      12                           6                          32                           1
25                                                      13                           6                          33                           1
26                                                      14                           6                          15                           6
27                                                      14                           6                          34                           1
28                                                      15                           6                          16                           6
29                                                      15                           6                          35                           1
30                                                      16                           6                          17                           6
31                                                      16                           6                          21                           6
32                                                      17                           6                          18                           6
33                                                      18                           6                          19                           6
34                                                      18                           6                          36                           1
35                                                      19                           6                          20                           6
36                                                      19                           6                          37                           1
37                                                      20                           6                          21                           6
38                                                      20                           6                          25                           6
39                                                      21                           6                          22                           6
40                                                      22                           6                          23                           6
41                                                      22                           6                          38                           1
42                                                      23                           6                          24                           6
43                                                      23                           6                          39                           1
44                                                      24                           6                          25                           6
45                                                      24                           6                          40                           1
46                                                      25                           6                          41                           1
   &BondOrders [&Type "ArrayOfDoubles", &Dim (47,1)] "The bond orders"
                                                         0

0                                      1.3441134257985716e+00
1                                      1.5191508047859750e+00
2                                      9.3279788007471853e-01
3                                      1.5227050604380206e+00
4                                      9.3291082474652542e-01
5                                      1.3053160216666515e+00
6                                      9.2626958423078865e-01
7                                      1.3479548271343675e+00
8                                      1.2038361966731239e+00
9                                      1.3302521025730478e+00
10                                     1.1465331982502949e+00
11                                     9.1408337496320735e-01
12                                     1.2540375773058781e+00
13                                     1.3830623399031807e+00
14                                     1.5631153054631115e+00
15                                     9.1520936626720129e-01
16                                     1.2513096197708691e+00
17                                     9.1375511540437282e-01
18                                     1.3612879660858295e+00
19                                     1.1767606918825171e+00
20                                     1.1767575137004207e+00
21                                     1.2513142396680377e+00
22                                     1.2238169725617902e+00
23                                     1.6014875595326421e+00
24                                     9.1381366090397875e-01
25                                     9.2611618641163140e-01
26                                     1.5631303167841148e+00
27                                     9.1374966067414709e-01
28                                     1.2540431442165001e+00
29                                     9.1520634128746015e-01
30                                     1.3830633067927645e+00
31                                     1.1465050456732906e+00
32                                     1.2238115108571661e+00
33                                     1.6014859937693207e+00
34                                     9.1381558619929149e-01
35                                     1.2038432868553288e+00
36                                     9.2611654439664692e-01
37                                     1.3479580003243379e+00
38                                     1.3053219696197476e+00
39                                     1.3302543067613679e+00
40                                     1.5191583527624095e+00
41                                     9.1408265210291706e-01
42                                     1.3441138051679702e+00
43                                     9.3279582470494438e-01
44                                     1.5227015764026506e+00
45                                     9.3291199600697805e-01
46                                     9.2626424030011068e-01
   &ATNO [&Type "ArrayOfIntegers", &Dim (42,1)] "Atomic number of the elements"
                                                         0

0                                                        6
1                                                        6
2                                                        6
3                                                        6
4                                                        6
5                                                        6
6                                                        6
7                                                        6
8                                                        6
9                                                        6
10                                                       6
11                                                       6
12                                                       6
13                                                       6
14                                                       6
15                                                       6
16                                                       6
17                                                       6
18                                                       6
19                                                       6
20                                                       6
21                                                       6
22                                                       6
23                                                       6
24                                                       6
25                                                       6
26                                                       1
27                                                       1
28                                                       1
29                                                       1
30                                                       1
31                                                       1
32                                                       1
33                                                       1
34                                                       1
35                                                       1
36                                                       1
37                                                       1
38                                                       1
39                                                       1
40                                                       1
41                                                       1
   &NA [&Type "ArrayOfDoubles", &Dim (42,1)] "Mulliken gross atomic population"
                                                         0

0                                      6.1559784343931829e+00
1                                      6.1437872039859505e+00
2                                      6.2171001970708364e+00
3                                      5.8666628860275463e+00
4                                      5.9665555483355410e+00
5                                      6.2004797364481927e+00
6                                      5.9277744058053186e+00
7                                      6.2138782897483509e+00
8                                      6.2143907525827515e+00
9                                      5.9444890349028752e+00
10                                     5.9444783528641638e+00
11                                     5.9606518728737834e+00
12                                     6.1984416901110624e+00
13                                     6.2148242499272639e+00
14                                     6.2143943497497887e+00
15                                     6.2138764070486747e+00
16                                     5.9277711556511079e+00
17                                     5.9606296872677520e+00
18                                     6.1984439847908321e+00
19                                     6.2148114771401923e+00
20                                     5.8666667441506828e+00
21                                     5.9665697042839589e+00
22                                     6.2004779436597497e+00
23                                     6.1559800016541608e+00
24                                     6.1437869850017091e+00
25                                     6.2171067378166507e+00
26                                     8.5094646713804467e-01
27                                     8.5030117853220100e-01
28                                     8.4927234870650492e-01
29                                     8.4391345992315814e-01
30                                     8.4450618940809308e-01
31                                     8.4379877953606797e-01
32                                     8.4332474195997853e-01
33                                     8.4893561343107682e-01
34                                     8.4379524789089511e-01
35                                     8.4450538229525274e-01
36                                     8.4332631643723444e-01
37                                     8.4893679625500407e-01
38                                     8.4390939173683766e-01
39                                     8.5094673024863998e-01
40                                     8.5030124325642731e-01
41                                     8.4927227995251620e-01
   &ZA [&Type "ArrayOfDoubles", &Dim (42,1)] "Total nuclear charge"
                                                         0

0                                      6.0000000000000000e+00
1                                      6.0000000000000000e+00
2                                      6.0000000000000000e+00
3                                      6.0000000000000000e+00
4                                      6.0000000000000000e+00
5                                      6.0000000000000000e+00
6                                      6.0000000000000000e+00
7                                      6.0000000000000000e+00
8                                      6.0000000000000000e+00
9                                      6.0000000000000000e+00
10                                     6.0000000000000000e+00
11                                     6.0000000000000000e+00
12                                     6.0000000000000000e+00
13                                     6.0000000000000000e+00
14                                     6.0000000000000000e+00
15                                     6.0000000000000000e+00
16                                     6.0000000000000000e+00
17                                     6.0000000000000000e+00
18                                     6.0000000000000000e+00
19                                     6.0000000000000000e+00
20                                     6.0000000000000000e+00
21                                     6.0000000000000000e+00
22                                     6.0000000000000000e+00
23                                     6.0000000000000000e+00
24                                     6.0000000000000000e+00
25                                     6.0000000000000000e+00
26                                     1.0000000000000000e+00
27                                     1.0000000000000000e+00
28                                     1.0000000000000000e+00
29                                     1.0000000000000000e+00
30                                     1.0000000000000000e+00
31                                     1.0000000000000000e+00
32                                     1.0000000000000000e+00
33                                     1.0000000000000000e+00
34                                     1.0000000000000000e+00
35                                     1.0000000000000000e+00
36                                     1.0000000000000000e+00
37                                     1.0000000000000000e+00
38                                     1.0000000000000000e+00
39                                     1.0000000000000000e+00
40                                     1.0000000000000000e+00
41                                     1.0000000000000000e+00
   &QA [&Type "ArrayOfDoubles", &Dim (42,1)] "Mulliken gross atomic charge"
                                                         0

0                                     -1.5597843439318293e-01
1                                     -1.4378720398595046e-01
2                                     -2.1710019707083639e-01
3                                      1.3333711397245374e-01
4                                      3.3444451664458974e-02
5                                     -2.0047973644819272e-01
6                                      7.2225594194681442e-02
7                                     -2.1387828974835088e-01
8                                     -2.1439075258275153e-01
9                                      5.5510965097124831e-02
10                                     5.5521647135836183e-02
11                                     3.9348127126216603e-02
12                                    -1.9844169011106239e-01
13                                    -2.1482424992726390e-01
14                                    -2.1439434974978866e-01
15                                    -2.1387640704867472e-01
16                                     7.2228844348892096e-02
17                                     3.9370312732248003e-02
18                                    -1.9844398479083214e-01
19                                    -2.1481147714019233e-01
20                                     1.3333325584931721e-01
21                                     3.3430295716041059e-02
22                                    -2.0047794365974969e-01
23                                    -1.5598000165416082e-01
24                                    -1.4378698500170906e-01
25                                    -2.1710673781665069e-01
26                                     1.4905353286195533e-01
27                                     1.4969882146779900e-01
28                                     1.5072765129349508e-01
29                                     1.5608654007684186e-01
30                                     1.5549381059190692e-01
31                                     1.5620122046393203e-01
32                                     1.5667525804002147e-01
33                                     1.5106438656892318e-01
34                                     1.5620475210910489e-01
35                                     1.5549461770474726e-01
36                                     1.5667368356276556e-01
37                                     1.5106320374499593e-01
38                                     1.5609060826316234e-01
39                                     1.4905326975136002e-01
40                                     1.4969875674357269e-01
41                                     1.5072772004748380e-01
   &VA [&Type "ArrayOfDoubles", &Dim (42,1)] "Mayer's total valence"
                                                         0

0                                      3.9363327927512342e+00
1                                      3.9195296021422745e+00
2                                      3.9136839711145761e+00
3                                      3.9868492318641846e+00
4                                      4.0112609661748468e+00
5                                      3.8966201157748230e+00
6                                      3.9455927197131535e+00
7                                      3.8805583696331745e+00
8                                      3.8820038455441130e+00
9                                      3.9617244084916754e+00
10                                     3.9617136401513222e+00
11                                     3.9671467589701686e+00
12                                     3.8704993244078745e+00
13                                     3.8909666082286409e+00
14                                     3.8820279706532808e+00
15                                     3.8805721448201860e+00
16                                     3.9455676465786653e+00
17                                     3.9671350709701905e+00
18                                     3.8704933079216524e+00
19                                     3.8909651398043730e+00
20                                     3.9868655972854352e+00
21                                     4.0112479662823617e+00
22                                     3.8966249989695370e+00
23                                     3.9363409924171480e+00
24                                     3.9195222699915497e+00
25                                     3.9136796261558588e+00
26                                     9.3820815122214640e-01
27                                     9.3768656594132327e-01
28                                     9.3736759806321601e-01
29                                     9.3631326076334231e-01
30                                     9.3918164620660027e-01
31                                     9.3882916422473639e-01
32                                     9.3784793085568452e-01
33                                     9.3911810770346515e-01
34                                     9.3882955164366200e-01
35                                     9.3918322550748723e-01
36                                     9.3784783776373293e-01
37                                     9.3911887616431144e-01
38                                     9.3631226437190540e-01
39                                     9.3820805702501020e-01
40                                     9.3768695227108445e-01
41                                     9.3736796310362325e-01
   &BVA [&Type "ArrayOfDoubles", &Dim (42,1)] "Mayer's bonded valence"
                                                         0

0                                      3.9363327927512004e+00
1                                      3.9195296021422759e+00
2                                      3.9136839711146321e+00
3                                      3.9868492318641811e+00
4                                      4.0112609661748619e+00
5                                      3.8966201157748408e+00
6                                      3.9455927197131508e+00
7                                      3.8805583696331603e+00
8                                      3.8820038455441210e+00
9                                      3.9617244084917189e+00
10                                     3.9617136401513102e+00
11                                     3.9671467589701290e+00
12                                     3.8704993244078638e+00
13                                     3.8909666082286827e+00
14                                     3.8820279706532772e+00
15                                     3.8805721448201687e+00
16                                     3.9455676465786569e+00
17                                     3.9671350709701736e+00
18                                     3.8704933079216204e+00
19                                     3.8909651398043037e+00
20                                     3.9868655972854530e+00
21                                     4.0112479662823581e+00
22                                     3.8966249989695596e+00
23                                     3.9363409924171942e+00
24                                     3.9195222699915915e+00
25                                     3.9136796261558859e+00
26                                     9.3820815122214851e-01
27                                     9.3768656594131472e-01
28                                     9.3736759806322423e-01
29                                     9.3631326076334664e-01
30                                     9.3918164620659117e-01
31                                     9.3882916422473017e-01
32                                     9.3784793085567975e-01
33                                     9.3911810770348092e-01
34                                     9.3882955164365678e-01
35                                     9.3918322550748357e-01
36                                     9.3784783776373604e-01
37                                     9.3911887616430068e-01
38                                     9.3631226437191373e-01
39                                     9.3820805702501286e-01
40                                     9.3768695227108645e-01
41                                     9.3736796310361736e-01
   &FA [&Type "ArrayOfDoubles", &Dim (42,1)] "Mayer's free valence"
                                                         0

0                                      0.0000000000000000e+00
1                                      0.0000000000000000e+00
2                                      0.0000000000000000e+00
3                                      0.0000000000000000e+00
4                                      0.0000000000000000e+00
5                                      0.0000000000000000e+00
6                                      0.0000000000000000e+00
7                                      0.0000000000000000e+00
8                                      0.0000000000000000e+00
9                                      0.0000000000000000e+00
10                                     0.0000000000000000e+00
11                                     0.0000000000000000e+00
12                                     0.0000000000000000e+00
13                                     0.0000000000000000e+00
14                                     0.0000000000000000e+00
15                                     0.0000000000000000e+00
16                                     0.0000000000000000e+00
17                                     0.0000000000000000e+00
18                                     0.0000000000000000e+00
19                                     0.0000000000000000e+00
20                                     0.0000000000000000e+00
21                                     0.0000000000000000e+00
22                                     0.0000000000000000e+00
23                                     0.0000000000000000e+00
24                                     0.0000000000000000e+00
25                                     0.0000000000000000e+00
26                                     0.0000000000000000e+00
27                                     0.0000000000000000e+00
28                                     0.0000000000000000e+00
29                                     0.0000000000000000e+00
30                                     0.0000000000000000e+00
31                                     0.0000000000000000e+00
32                                     0.0000000000000000e+00
33                                     0.0000000000000000e+00
34                                     0.0000000000000000e+00
35                                     0.0000000000000000e+00
36                                     0.0000000000000000e+00
37                                     0.0000000000000000e+00
38                                     0.0000000000000000e+00
39                                     0.0000000000000000e+00
40                                     0.0000000000000000e+00
41                                     0.0000000000000000e+00
   &Method [&Type "String"] "SCF"
   &Level [&Type "String"] "Relaxed density"
   &Mult [&Type "Integer"] 1
   &State [&Type "Integer"] -1
   &Irrep [&Type "Integer"] 0
$End
$SCF_Energy
   &GeometryIndex 1
   &Method [&Type "String"] "SCF"
   &totalEnergy [&Type "ArrayOfDoubles", &Dim (1,1)] "Total energy of each state"
                                                         0

0                                     -9.9986877427800300e+02
   &Mult [&Type "ArrayOfIntegers", &Dim (1,1)] "Multiplicity of each state"
                                                         0

0                                                        1
$End
$DFT_Energy
   &GeometryIndex 1
   &nAlphaEl [&Type "Integer"] 85
   &nBetaEl [&Type "Integer"] 85
   &nTotalEl [&Type "Integer"] 171
   &finalEn [&Type "Double"]      -9.9986877427800300e+02  "No Van der Waals correction"
   &eExchange [&Type "Double"]       0.0000000000000000e+00
   &eCorr [&Type "Double"]       0.0000000000000000e+00
   &eXC [&Type "Double"]      -1.0657007082287264e+02
   &eCNL [&Type "Double"]       0.0000000000000000e+00
$End
$Solvation_Details
   &GeometryIndex 1
   &Solvent [&Type "String"] "TOLUENE"
   &Epsilon [&Type "Double"]       2.3870000000000000e+00
   &Refrac [&Type "Double"]       1.4961000000000000e+00
   &RSolv [&Type "Double"]       1.3000000000000000e+00
   &SurfaceType [&Type "String"] "GAUSSIAN VDW"
   &CPCMDielEnergy [&Type "Double"]      -7.9983120000000005e-03
   &NPoints [&Type "Integer"] 3770
   &SurfaceArea [&Type "Double"]       1.2713239337350001e+03
$End
$SCF_Timings
   &GeometryIndex 1
   &TOTAL [&Type "Double"]       9.4271415000000005e+01
   &PREP [&Type "Double"]       1.1249370000000001e+00
   &FOCK [&Type "Double"]       9.0237560000000002e+01
   &DENS [&Type "Double"]       1.3673099999999749e-01
   &ETOT [&Type "Double"]       6.6841000000005479e-02
   &POP [&Type "Double"]       5.1130999999998039e-02
   &TRAFO [&Type "Double"]       9.4011999999999318e-02
   &DIIS [&Type "Double"]       3.9010300000000164e-01
   &SOSCF [&Type "Double"]       4.1690499999998742e-01
   &XC [&Type "Double"]       5.5250340000000175e+00
   &FOCKSTART [&Type "Double"]       2.0125999999995203e-02
   &SOLV [&Type "Double"]       9.4373569999999862e+00
   &SOLV_INIT [&Type "Double"]       4.6600699999999995e-01
   &INT_PREP [&Type "Double"]       8.0000000046709374e-06
   &INT_BF [&Type "Double"]       1.4261259999997176e+00
   &INT_DENS [&Type "Double"]       1.2105610000001814e+00
   &INT_DENSIO [&Type "Double"]       2.6025995762500042e+05
   &INT_FUNC [&Type "Double"]       4.7663099999981284e-01
   &INT_POT [&Type "Double"]       1.1492570000002829e+00
   &INT_POTIO [&Type "Double"]       4.1896000000082978e-02
   &INT_SUM [&Type "Double"]       1.1650000000056338e-03
   &SPLITRIJ [&Type "Double"]       5.7355590000000092e+00
   &COSX [&Type "Double"]       7.2149200000000008e+01
   &FROZCORE [&Type "Double"]       6.6020000000008849e-03
$End
$CIS_Absorption_Spectrum
   &GeometryIndex 1
   &Method [&Type "Integer"] 20
   &RelCorrection [&Type "Integer"] 1 "Type of relativistic treatment in QDPT. 0->Unknow, 1->None, 2->SOC, 3->SSC, 4->SOC/SSC"
   &DensType [&Type "Integer"] 3 "Type of density (electron/spin ...). 0->Unknow, 1->Electronic, 2->Spin, 3->Trans/Electronic, 4->Tran/Spin"
   &DeriType [&Type "Integer"] 0 "Type of derivative (w.r.t. to what perturbation). 0->Unknown, 1->No Derivative, 2->Electric/Dipole, 3->Electric/Quad, 4->Magnetic/Dipole, 5->Magnetic/Quad"
   &DensLevel [&Type "Integer"] 0 "// Source of density: relaxed, unrelaxed, ... 0->Unknown, 1->Linearized, 2->Unrelaxed, 3->Relaxed"
   &Density_name [&Type "String"] "Tdens-CIS"
   &Representation [&Type "String"] "Length" "Possible values: Unknown,  Length, Velocity"
   &PointGroup [&Type "String"] "C1"
   &DoHigherMoments [&Type "Boolean"] false
   &NTrans [&Type "Integer"] 8
   &ExcitationEnergies [&Type "ArrayOfDoubles", &Dim (8,11)] 
                                                         0                           1                           2                           3                           4                           5                           6                           7

0                                      3.9123431466340510e+00         3.1555178846907082e+04         3.1690519164907732e+02         1.1719053982563184e-02         1.2226368919576212e-01         1.4616922714064567e-01         0.0000000000000000e+00         2.7052846637524408e-01
1                                      4.0994593754351651e+00         3.3064373169510873e+04         3.0244033203754009e+02         6.6002236140527526e-01         6.5716427035695926e+00         2.5044622309573357e+00         0.0000000000000000e+00         5.4669191595926159e-01
2                                      4.4649950567097063e+00         3.6012617575799159e+04         2.7768045405064089e+02         3.7473077797097359e-11         3.4256284973345478e-10         1.9625684331836535e-07         0.0000000000000000e+00         1.5149436819230852e-05
3                                      4.6875498709222532e+00         3.7807643396005915e+04         2.6449678164961801e+02         3.4223095821164713e+00         2.9799931963436276e+01        -5.3743055416857954e+00         0.0000000000000000e+00         2.3491496204443030e-01
4                                      4.6903972404332910e+00         3.7830608982304591e+04         2.6433621527682880e+02         1.8474899216285089e-06         1.6077345054603050e-05        -3.9493188444496563e-03         0.0000000000000000e+00         1.6087917131397261e-04
5                                      5.0355390417133332e+00         4.0614365636243645e+04         2.4621829846029038e+02         1.8229376279131101e-09         1.4776368814693654e-08        -1.1943266006290976e-04         0.0000000000000000e+00        -2.2465188487448898e-05
6                                      5.0987841747073066e+00         4.1124472088572154e+04         2.4316421566366665e+02         5.5260153312137690e-02         4.4237170087877220e-01         2.5497260657327125e-01         0.0000000000000000e+00        -4.8751185495871041e-01
7                                      5.1549930758195046e+00         4.1577827497570332e+04         2.4051280699032111e+02         5.8901150020231918e-01         4.6637747684461717e+00        -4.7802249279067255e-01         0.0000000000000000e+00        -1.7633562159267835e+00
                                                         8                           9                          10

0                                      0.0000000000000000e+00         1.6647100382206773e-01         0.0000000000000000e+00
1                                      0.0000000000000000e+00         2.0966313519298785e-02         0.0000000000000000e+00
2                                      0.0000000000000000e+00         1.0631034617808281e-05         0.0000000000000000e+00
3                                      0.0000000000000000e+00         9.2821703746984119e-01         0.0000000000000000e+00
4                                      0.0000000000000000e+00         6.7405015519263201e-04         0.0000000000000000e+00
5                                      0.0000000000000000e+00         2.7429603012964036e-06         0.0000000000000000e+00
6                                      0.0000000000000000e+00        -3.7375508297643434e-01         0.0000000000000000e+00
7                                      0.0000000000000000e+00        -1.1514530474946592e+00         0.0000000000000000e+00
   &States [&Type "ArrayOfIntegers", &Dim (8,4)] "The initial and Final states. Col1: Initial State  Col2: Initial Irrep Col3: Final State Col4: Final Irrep"
                                                         0                           1                           2                           3

0                                                        0                           0                           1                           0
1                                                        0                           0                           2                           0
2                                                        0                           0                           3                           0
3                                                        0                           0                           4                           0
4                                                        0                           0                           5                           0
5                                                        0                           0                           6                           0
6                                                        0                           0                           7                           0
7                                                        0                           0                           8                           0
   &Multiplicities [&Type "ArrayOfDoubles", &Dim (8,2)] "Col1: Multiplicity of the initial state  Col2: Multiplicity of the final state"
                                                         0                           1

0                                      1.0000000000000000e+00         1.0000000000000000e+00
1                                      1.0000000000000000e+00         1.0000000000000000e+00
2                                      1.0000000000000000e+00         1.0000000000000000e+00
3                                      1.0000000000000000e+00         1.0000000000000000e+00
4                                      1.0000000000000000e+00         1.0000000000000000e+00
5                                      1.0000000000000000e+00         1.0000000000000000e+00
6                                      1.0000000000000000e+00         1.0000000000000000e+00
7                                      1.0000000000000000e+00         1.0000000000000000e+00
   &Temperature [&Type "Double"]       2.9814999999999998e+02
$End
$CIS_Absorption_Spectrum
   &GeometryIndex 1
   &Method [&Type "Integer"] 20
   &RelCorrection [&Type "Integer"] 1 "Type of relativistic treatment in QDPT. 0->Unknow, 1->None, 2->SOC, 3->SSC, 4->SOC/SSC"
   &DensType [&Type "Integer"] 3 "Type of density (electron/spin ...). 0->Unknow, 1->Electronic, 2->Spin, 3->Trans/Electronic, 4->Tran/Spin"
   &DeriType [&Type "Integer"] 0 "Type of derivative (w.r.t. to what perturbation). 0->Unknown, 1->No Derivative, 2->Electric/Dipole, 3->Electric/Quad, 4->Magnetic/Dipole, 5->Magnetic/Quad"
   &DensLevel [&Type "Integer"] 0 "// Source of density: relaxed, unrelaxed, ... 0->Unknown, 1->Linearized, 2->Unrelaxed, 3->Relaxed"
   &Density_name [&Type "String"] "Tdens-CIS"
   &Representation [&Type "String"] "Velocity" "Possible values: Unknown,  Length, Velocity"
   &PointGroup [&Type "String"] "C1"
   &DoHigherMoments [&Type "Boolean"] false
   &NTrans [&Type "Integer"] 8
   &ExcitationEnergies [&Type "ArrayOfDoubles", &Dim (8,11)] 
                                                         0                           1                           2                           3                           4                           5                           6                           7

0                                      3.9123431466340510e+00         3.1555178846907082e+04         3.1690519164907732e+02         3.0505268126807927e-04         6.5788869461971835e-05        -6.6009633176674614e-03         0.0000000000000000e+00        -4.2076061920345402e-03
1                                      4.0994593754351651e+00         3.3064373169510873e+04         3.0244033203754009e+02         2.3186533248623584e-01         5.2396592473451284e-02        -2.2659113920962670e-01         0.0000000000000000e+00         3.0257742429182428e-04
2                                      4.4649950567097063e+00         3.6012617575799159e+04         2.7768045405064089e+02         2.3486347167975391e-12         0.0000000000000000e+00         6.2176363013811986e-07         0.0000000000000000e+00         2.0994948129913362e-07
3                                      4.6875498709222532e+00         3.7807643396005915e+04         2.6449678164961801e+02         1.5419849279031639e+00         3.9844342771028701e-01         6.2606555117687712e-01         0.0000000000000000e+00         1.4415933837183384e-02
4                                      4.6903972404332910e+00         3.7830608982304591e+04         2.6433621527682880e+02         8.2771102215363642e-07         2.1400750398006055e-07         4.5887574666815599e-04         0.0000000000000000e+00         9.9321245345239140e-06
5                                      5.0355390417133332e+00         4.0614365636243645e+04         2.4621829846029038e+02         6.6339944394480655e-10         1.8414575351404162e-10         1.3419323769084322e-05         0.0000000000000000e+00        -2.7567613757074658e-07
6                                      5.0987841747073066e+00         4.1124472088572154e+04         2.4316421566366665e+02         4.6743300763441836e-03         1.3137920922805116e-03        -3.5035851238967179e-02         0.0000000000000000e+00         4.3990797195313921e-03
7                                      5.1549930758195046e+00         4.1577827497570332e+04         2.4051280699032111e+02         9.8734749891006782e-03         2.8056839919662659e-03         5.0443704276789195e-02         0.0000000000000000e+00         1.5722956814521894e-02
                                                         8                           9                          10

0                                      0.0000000000000000e+00        -2.1241946411600337e-03         0.0000000000000000e+00
1                                      0.0000000000000000e+00         3.2449292011339281e-02         0.0000000000000000e+00
2                                      0.0000000000000000e+00        -3.8392286227152146e-07         0.0000000000000000e+00
3                                      0.0000000000000000e+00        -7.9230891648914087e-02         0.0000000000000000e+00
4                                      0.0000000000000000e+00        -5.7809220735394611e-05         0.0000000000000000e+00
5                                      0.0000000000000000e+00        -1.9978753118511312e-06         0.0000000000000000e+00
6                                      0.0000000000000000e+00         8.1810340338297795e-03         0.0000000000000000e+00
7                                      0.0000000000000000e+00         3.7289837504050536e-03         0.0000000000000000e+00
   &States [&Type "ArrayOfIntegers", &Dim (8,4)] "The initial and Final states. Col1: Initial State  Col2: Initial Irrep Col3: Final State Col4: Final Irrep"
                                                         0                           1                           2                           3

0                                                        0                           0                           1                           0
1                                                        0                           0                           2                           0
2                                                        0                           0                           3                           0
3                                                        0                           0                           4                           0
4                                                        0                           0                           5                           0
5                                                        0                           0                           6                           0
6                                                        0                           0                           7                           0
7                                                        0                           0                           8                           0
   &Multiplicities [&Type "ArrayOfDoubles", &Dim (8,2)] "Col1: Multiplicity of the initial state  Col2: Multiplicity of the final state"
                                                         0                           1

0                                      1.0000000000000000e+00         1.0000000000000000e+00
1                                      1.0000000000000000e+00         1.0000000000000000e+00
2                                      1.0000000000000000e+00         1.0000000000000000e+00
3                                      1.0000000000000000e+00         1.0000000000000000e+00
4                                      1.0000000000000000e+00         1.0000000000000000e+00
5                                      1.0000000000000000e+00         1.0000000000000000e+00
6                                      1.0000000000000000e+00         1.0000000000000000e+00
7                                      1.0000000000000000e+00         1.0000000000000000e+00
   &Temperature [&Type "Double"]       2.9814999999999998e+02
$End
$CIS_ECD_Spectrum
   &GeometryIndex 1
   &Method [&Type "Integer"] 20
   &RelCorrection [&Type "Integer"] 1 "Type of relativistic treatment in QDPT. 0->Unknow, 1->None, 2->SOC, 3->SSC, 4->SOC/SSC"
   &DensType [&Type "Integer"] 3 "Type of density (electron/spin ...). 0->Unknow, 1->Electronic, 2->Spin, 3->Trans/Electronic, 4->Tran/Spin"
   &DeriType [&Type "Integer"] 0 "Type of derivative (w.r.t. to what perturbation). 0->Unknown, 1->No Derivative, 2->Electric/Dipole, 3->Electric/Quad, 4->Magnetic/Dipole, 5->Magnetic/Quad"
   &DensLevel [&Type "Integer"] 0 "// Source of density: relaxed, unrelaxed, ... 0->Unknown, 1->Linearized, 2->Unrelaxed, 3->Relaxed"
   &Density_name [&Type "String"] "Tdens-CIS"
   &Representation [&Type "String"] "Length" "Possible values: Unknown,  Length, Velocity"
   &PointGroup [&Type "String"] "C1"
   &DoHigherMoments [&Type "Boolean"] false
   &NTrans [&Type "Integer"] 8
   &ExcitationEnergies [&Type "ArrayOfDoubles", &Dim (8,10)] 
                                                         0                           1                           2                           3                           4                           5                           6                           7

0                                      3.9123431466340510e+00         3.1555178846907082e+04         3.1690519164907732e+02         1.1520405113040635e-04        -4.6893319341221482e-07         0.0000000000000000e+00        -7.8113900135594500e-07         0.0000000000000000e+00
1                                      4.0994593754351651e+00         3.3064373169510873e+04         3.0244033203754009e+02        -1.1769293848802535e-03         6.1898256021961507e-07         0.0000000000000000e+00         1.8167127247924901e-06         0.0000000000000000e+00
2                                      4.4649950567097063e+00         3.6012617575799159e+04         2.7768045405064089e+02         6.1121128164583069e-06        -2.6537841824674483e-04         0.0000000000000000e+00         5.4077179507769910e-04         0.0000000000000000e+00
3                                      4.6875498709222532e+00         3.7807643396005915e+04         2.6449678164961801e+02         1.8384823604199565e-03         1.4930382542347511e-05         0.0000000000000000e+00        -7.0784591733588322e-05         0.0000000000000000e+00
4                                      4.6903972404332910e+00         3.7830608982304591e+04         2.6433621527682880e+02        -1.5213568684698960e-04        -2.0572588566822224e-02         0.0000000000000000e+00         9.9021600293502668e-02         0.0000000000000000e+00
5                                      5.0355390417133332e+00         4.0614365636243645e+04         2.4621829846029038e+02         4.6869691143744268e-05        -7.6662083195610260e-03         0.0000000000000000e+00         3.8384896061278366e-02         0.0000000000000000e+00
6                                      5.0987841747073066e+00         4.1124472088572154e+04         2.4316421566366665e+02        -6.4512380338950948e-05        -1.6479898791012505e-06         0.0000000000000000e+00         1.0592184436485113e-06         0.0000000000000000e+00
7                                      5.1549930758195046e+00         4.1577827497570332e+04         2.4051280699032111e+02        -9.2403401187188391e-04        -1.0526088589787741e-06         0.0000000000000000e+00         2.7107279125775847e-06         0.0000000000000000e+00
                                                         8                           9

0                                      2.1326914231063503e-07         0.0000000000000000e+00
1                                     -2.2417096576484425e-06         0.0000000000000000e+00
2                                     -1.9852054399062550e-03         0.0000000000000000e+00
3                                      1.0015886881227444e-04         0.0000000000000000e+00
4                                     -1.4369187066338293e-01         0.0000000000000000e+00
5                                     -5.5665274541919864e-02         0.0000000000000000e+00
6                                     -2.8719659497231576e-06         0.0000000000000000e+00
7                                     -5.4164507799352879e-06         0.0000000000000000e+00
   &States [&Type "ArrayOfIntegers", &Dim (8,4)] "The initial and Final states. Col1: Initial State  Col2: Initial Irrep Col3: Final State Col4: Final Irrep"
                                                         0                           1                           2                           3

0                                                        0                           0                           1                           0
1                                                        0                           0                           2                           0
2                                                        0                           0                           3                           0
3                                                        0                           0                           4                           0
4                                                        0                           0                           5                           0
5                                                        0                           0                           6                           0
6                                                        0                           0                           7                           0
7                                                        0                           0                           8                           0
   &Multiplicities [&Type "ArrayOfDoubles", &Dim (8,2)] "Col1: Multiplicity of the initial state  Col2: Multiplicity of the final state"
                                                         0                           1

0                                      1.0000000000000000e+00         1.0000000000000000e+00
1                                      1.0000000000000000e+00         1.0000000000000000e+00
2                                      1.0000000000000000e+00         1.0000000000000000e+00
3                                      1.0000000000000000e+00         1.0000000000000000e+00
4                                      1.0000000000000000e+00         1.0000000000000000e+00
5                                      1.0000000000000000e+00         1.0000000000000000e+00
6                                      1.0000000000000000e+00         1.0000000000000000e+00
7                                      1.0000000000000000e+00         1.0000000000000000e+00
   &Temperature [&Type "Double"]       2.9814999999999998e+02
$End
$CIS_ECD_Spectrum
   &GeometryIndex 1
   &Method [&Type "Integer"] 20
   &RelCorrection [&Type "Integer"] 1 "Type of relativistic treatment in QDPT. 0->Unknow, 1->None, 2->SOC, 3->SSC, 4->SOC/SSC"
   &DensType [&Type "Integer"] 3 "Type of density (electron/spin ...). 0->Unknow, 1->Electronic, 2->Spin, 3->Trans/Electronic, 4->Tran/Spin"
   &DeriType [&Type "Integer"] 0 "Type of derivative (w.r.t. to what perturbation). 0->Unknown, 1->No Derivative, 2->Electric/Dipole, 3->Electric/Quad, 4->Magnetic/Dipole, 5->Magnetic/Quad"
   &DensLevel [&Type "Integer"] 0 "// Source of density: relaxed, unrelaxed, ... 0->Unknown, 1->Linearized, 2->Unrelaxed, 3->Relaxed"
   &Density_name [&Type "String"] "Tdens-CIS"
   &Representation [&Type "String"] "Velocity" "Possible values: Unknown,  Length, Velocity"
   &PointGroup [&Type "String"] "C1"
   &DoHigherMoments [&Type "Boolean"] false
   &NTrans [&Type "Integer"] 8
   &ExcitationEnergies [&Type "ArrayOfDoubles", &Dim (8,10)] 
                                                         0                           1                           2                           3                           4                           5                           6                           7

0                                      3.9123431466340510e+00         3.1555178846907082e+04         3.1690519164907732e+02         1.9441933497028767e-05        -4.6893319341221482e-07         0.0000000000000000e+00        -7.8113900135594500e-07         0.0000000000000000e+00
1                                      4.0994593754351651e+00         3.3064373169510873e+04         3.0244033203754009e+02        -6.6483396725385609e-04         6.1898256021961507e-07         0.0000000000000000e+00         1.8167127247924901e-06         0.0000000000000000e+00
2                                      4.4649950567097063e+00         3.6012617575799159e+04         2.7768045405064089e+02         2.0419769891923777e-06        -2.6537841824674483e-04         0.0000000000000000e+00         5.4077179507769910e-04         0.0000000000000000e+00
3                                      4.6875498709222532e+00         3.7807643396005915e+04         2.6449678164961801e+02         1.0708927847273455e-03         1.4930382542347511e-05         0.0000000000000000e+00        -7.0784591733588322e-05         0.0000000000000000e+00
4                                      4.6903972404332910e+00         3.7830608982304591e+04         2.6433621527682880e+02        -4.1041100004225619e-04        -2.0572588566822224e-02         0.0000000000000000e+00         9.9021600293502668e-02         0.0000000000000000e+00
5                                      5.0355390417133332e+00         4.0614365636243645e+04         2.4621829846029038e+02        -5.7191157484112074e-06        -7.6662083195610260e-03         0.0000000000000000e+00         3.8384896061278366e-02         0.0000000000000000e+00
6                                      5.0987841747073066e+00         4.1124472088572154e+04         2.4316421566366665e+02         9.7881253598896867e-05        -1.6479898791012505e-06         0.0000000000000000e+00         1.0592184436485113e-06         0.0000000000000000e+00
7                                      5.1549930758195046e+00         4.1577827497570332e+04         2.4051280699032111e+02        -7.6337669729252739e-05        -1.0526088589787741e-06         0.0000000000000000e+00         2.7107279125775847e-06         0.0000000000000000e+00
                                                         8                           9

0                                      2.1326914231063503e-07         0.0000000000000000e+00
1                                     -2.2417096576484425e-06         0.0000000000000000e+00
2                                     -1.9852054399062550e-03         0.0000000000000000e+00
3                                      1.0015886881227444e-04         0.0000000000000000e+00
4                                     -1.4369187066338293e-01         0.0000000000000000e+00
5                                     -5.5665274541919864e-02         0.0000000000000000e+00
6                                     -2.8719659497231576e-06         0.0000000000000000e+00
7                                     -5.4164507799352879e-06         0.0000000000000000e+00
   &States [&Type "ArrayOfIntegers", &Dim (8,4)] "The initial and Final states. Col1: Initial State  Col2: Initial Irrep Col3: Final State Col4: Final Irrep"
                                                         0                           1                           2                           3

0                                                        0                           0                           1                           0
1                                                        0                           0                           2                           0
2                                                        0                           0                           3                           0
3                                                        0                           0                           4                           0
4                                                        0                           0                           5                           0
5                                                        0                           0                           6                           0
6                                                        0                           0                           7                           0
7                                                        0                           0                           8                           0
   &Multiplicities [&Type "ArrayOfDoubles", &Dim (8,2)] "Col1: Multiplicity of the initial state  Col2: Multiplicity of the final state"
                                                         0                           1

0                                      1.0000000000000000e+00         1.0000000000000000e+00
1                                      1.0000000000000000e+00         1.0000000000000000e+00
2                                      1.0000000000000000e+00         1.0000000000000000e+00
3                                      1.0000000000000000e+00         1.0000000000000000e+00
4                                      1.0000000000000000e+00         1.0000000000000000e+00
5                                      1.0000000000000000e+00         1.0000000000000000e+00
6                                      1.0000000000000000e+00         1.0000000000000000e+00
7                                      1.0000000000000000e+00         1.0000000000000000e+00
   &Temperature [&Type "Double"]       2.9814999999999998e+02
$End
$CIS_Energies
   &GeometryIndex 1
   &e0 [&Type "Double"]      -9.9986877427800300e+02  "Ground state energy"
   &multP1 [&Type "Boolean"] false "Do the higher multiplicity too?"
   &mode [&Type "String"] "TDA" "CIS mode: CIS, RPA, TDA, TD-DFT, sTDA, sTD-DFT"
   &dCorr [&Type "Integer"] 0 "(D) Correction algorithm"
   &Method [&Type "String"] "TDA/CIS"
   &totalEnergy [&Type "ArrayOfDoubles", &Dim (8,1)] "Total energy of each state"
                                                         0

0                                     -9.9972499830420838e+02
1                                     -9.9971812190891262e+02
2                                     -9.9970468871898981e+02
3                                     -9.9969650997956523e+02
4                                     -9.9969640534065479e+02
5                                     -9.9968372161207662e+02
6                                     -9.9968139739606511e+02
7                                     -9.9967933175683299e+02
   &Mult [&Type "ArrayOfIntegers", &Dim (8,1)] "Multiplicity of each state"
                                                         0

0                                                        1
1                                                        1
2                                                        1
3                                                        1
4                                                        1
5                                                        1
6                                                        1
7                                                        1
   &RelCorr [&Type "String"] "None" "Relativistic correction (SOC and/or SSC)"
   &NBlocks [&Type "Integer"] 1 "Number of multiplicity blocks"
   &NRoots [&Type "ArrayOfIntegers", &Dim (1,1)] "Number of roots in each block"
                                                         0

0                                                        8
   &NTotalRoots [&Type "Integer"] 8 "Total number of roots"
   &Block [&Type "ArrayOfIntegers", &Dim (8,1)] "Block index of each state"
                                                         0

0                                                        0
1                                                        0
2                                                        0
3                                                        0
4                                                        0
5                                                        0
6                                                        0
7                                                        0
   &Root [&Type "ArrayOfIntegers", &Dim (8,1)] "Root index within the block"
                                                         0

0                                                        0
1                                                        1
2                                                        2
3                                                        3
4                                                        4
5                                                        5
6                                                        6
7                                                        7
$End
$Single_Point_Data
   &GeometryIndex 1
   &FinalEnergy [&Type "Double"]      -9.9972499830420838e+02  "Final single point energy"
   &Converged [&Type "Boolean"] true
$End
$Calculation_Info
   &GeometryIndex 1
   &Mult [&Type "Integer"] 1
   &Charge [&Type "Integer"] 0
   &NumOfAtoms [&Type "Integer"] 42
   &NumOfElectrons [&Type "Integer"] 172
   &NumOfBasisFuncts [&Type "Integer"] 396
   &NumOfAuxCBasisFuncts [&Type "Integer"] 0
   &NumOfAuxJBasisFuncts [&Type "Integer"] 1450
   &NumOfAuxJKBasisFuncts [&Type "Integer"] 0
   &NumOfCABSBasisFuncts [&Type "Integer"] 0
$End
$SCF_Dipole_Moment
   &GeometryIndex 1
   &dipoleMagnitude [&Type "Double", &Units "a.u."]       1.5158576549479379e-05
   &dipoleElecContrib [&Type "ArrayOfDoubles", &Dim (3,1)] "Electronic contribution"
                                                         0

0                                      5.8275789678319256e-06
1                                      1.1888399842008290e-05
2                                      5.7947657352980242e-06
   &dipoleNucContrib [&Type "ArrayOfDoubles", &Dim (3,1)] "Nuclear contribution"
                                                         0

0                                      9.2335221690831304e-06
1                                     -1.0499982974199185e-05
2                                     -6.8037127860520741e-06
   &dipoleTotal [&Type "ArrayOfDoubles", &Dim (3,1)] "Total"
                                                         0

0                                      1.5061101136915056e-05
1                                      1.3884168678091058e-06
2                                     -1.0089470507540499e-06
   &doAtomicDipole [&Type "Boolean"] false
   &Method [&Type "String"] "SCF"
   &Level [&Type "String"] "Relaxed density"
   &Mult [&Type "Integer"] 1
   &State [&Type "Integer"] -1
   &Irrep [&Type "Integer"] 0
$End
$Calculation_Timings
   &GeometryIndex 1
   &GTOINT [&Type "Double"]       5.7329820000000007e+00
   &SCF [&Type "Double"]       1.0193898100000000e+02
   &CIS [&Type "Double"]       6.0896623000000005e+01
   &PROPINT [&Type "Double"]       3.1723860000000030e+00
   &PROP [&Type "Double"]       3.3198960000000000e+00
   &SUM [&Type "Double"]       1.7506086800000000e+02
$End
