*************************************************
******************* ORCA 6.1.1 ******************
*************************************************
$Calculation_Status
   &GeometryIndex 1
   &version [&Type "String"] "6.1.1"
   &progName [&Type "String"] "ProgCIS"
   &Status [&Type "String"] "NORMAL TERMINATION"
$End
$Geometry
   &GeometryIndex 1
   &NAtoms [&Type "Integer"] 46
   &NCorelessECP [&Type "Integer"] 0
   &NGhostAtoms [&Type "Integer"] 0
   &CartesianCoordinates [&Type "Coordinates", &Dim(46,4), &Units "Bohr"] 
              O      4.331526309237   -5.041167605404   -6.442044265193
              C      6.043332837923   -3.962515707614   -5.190796120688
              N      8.534505887940   -3.533175599165   -6.113390654886
              C      9.627394982423   -2.369136426014   -4.257165585867
              C      8.061069020156   -1.989446982008   -2.173927716380
              C      5.794357640327   -2.966331458308   -2.639032781639
              C      3.464151462398   -2.924521267595   -1.021088950025
              N      2.385484446799   -0.378578285039   -0.916407570836
              C      0.234429975544    0.266404141730    0.619312386965
              C     -0.602401227793    2.783186760313    0.688706910055
              C     -2.686461128148    3.465623559056    2.160238540266
              C     -3.962243587051    1.643489149493    3.589961869490
              C     -3.144453264239   -0.873595825272    3.528345459167
              C     -1.061750187248   -1.561441020210    2.055797156296
              S     -6.619952532071    2.526172667743    5.386450805689
              O     -5.896478440604    4.653849336995    7.122527087114
              O     -7.548907884437    0.347601894252    6.955165381789
              N     -9.013659177279    3.516797342763    3.384495726401
              C    -10.006727268189    1.913755891440    1.440919956567
              C    -11.883119494510    2.815588004605   -0.196826315205
              C    -12.823708000955    1.232549304410   -2.087835573171
              C    -11.891791447738   -1.223431375814   -2.328605579894
              C    -10.024090071908   -2.062509463524   -0.664000630580
              N     -9.133004831266   -0.493379147675    1.165114427321
              C      9.004042360983   -0.712819815524   -0.065828609875
              S      7.631141206880    0.067827940125    2.688509591277
              C     10.277662973188    1.482408893837    3.793611985764
              N     12.196218769009    1.374065225401    2.099687935483
              C     11.487017779031    0.154872505306   -0.044111877144
              C     13.082248992242   -0.234445093353   -2.132903651739
              C     12.140237522017   -1.513880392872   -4.273630769672
              H      3.959658441699   -3.575291925512    0.911050197246
              H      2.043553620675   -4.248843231973   -1.817198444901
              H      3.231259723927    1.057779872641   -1.980928096597
              H      0.361376108042    4.220752452993   -0.402895280930
              H     -3.311285846246    5.414072932589    2.179406032442
              H     -4.122067174827   -2.310641843265    4.606156428827
              H     -0.484744988969   -3.521470635492    2.043039615166
              H     -9.706000030690    5.353350362728    3.595840807492
              H    -12.603513332379    4.721698064108   -0.011721971209
              H    -14.271204204469    1.909148739126   -3.364672499256
              H    -12.608653387463   -2.463163529260   -3.788774286861
              H     -9.281654468413   -3.960590076683   -0.825298204741
              H     10.448352486235    2.373919322859    5.624363546498
              H     15.011428828387    0.445364986064   -2.106695039987
              H     13.337428160736   -1.819904532725   -5.904158287612
$End
$SCF_Mulliken_Population_Analysis
   &GeometryIndex 1
   &NAtoms [&Type "Integer"] 46
   &ATNO [&Type "ArrayOfIntegers", &Dim (46,1)] 
                                                         0

0                                                        8
1                                                        6
2                                                        7
3                                                        6
4                                                        6
5                                                        6
6                                                        6
7                                                        7
8                                                        6
9                                                        6
10                                                       6
11                                                       6
12                                                       6
13                                                       6
14                                                      16
15                                                       8
16                                                       8
17                                                       7
18                                                       6
19                                                       6
20                                                       6
21                                                       6
22                                                       6
23                                                       7
24                                                       6
25                                                      16
26                                                       6
27                                                       7
28                                                       6
29                                                       6
30                                                       6
31                                                       1
32                                                       1
33                                                       1
34                                                       1
35                                                       1
36                                                       1
37                                                       1
38                                                       1
39                                                       1
40                                                       1
41                                                       1
42                                                       1
43                                                       1
44                                                       1
45                                                       1
   &AtomicCharges [&Type "ArrayOfDoubles", &Dim (46,1)] 
                                                         0

0                                     -4.3401061807297658e-01
1                                      4.3280917414446574e-01
2                                     -4.9907082088310162e-01
3                                      2.6855089484749417e-01
4                                      1.3679378770791573e-01
5                                     -1.0379731981257301e-02
6                                     -1.8127293719911464e-01
7                                     -6.7571930561709870e-01
8                                      3.4854418529823405e-01
9                                     -1.9916731974135082e-01
10                                    -1.5482067887828510e-01
11                                    -1.6623270194303785e-01
12                                    -1.4077847572275370e-01
13                                    -2.0850017753810945e-01
14                                     1.1957623503480654e+00
15                                    -5.8922662895383482e-01
16                                    -5.9331697659353111e-01
17                                    -7.9320817923464393e-01
18                                     4.4996637273175999e-01
19                                    -1.9436953709910210e-01
20                                    -1.1568575340780907e-01
21                                    -1.7206116073256261e-01
22                                    -5.0378987973980216e-03
23                                    -4.5167666670448448e-01
24                                    -2.2367009728465614e-01
25                                     3.3074980178977853e-01
26                                    -1.5843603755884317e-01
27                                    -4.0112863301839763e-01
28                                     2.2614302507681217e-01
29                                    -1.2378870166242439e-01
30                                    -2.1248024294165013e-01
31                                     1.9592869261557810e-01
32                                     1.8884858788561343e-01
33                                     3.7468177135456604e-01
34                                     1.8213234188666871e-01
35                                     1.9813818820507434e-01
36                                     1.9265745617328034e-01
37                                     1.8664951212667646e-01
38                                     4.2685511775503526e-01
39                                     1.8204322887643898e-01
40                                     1.8644519361296830e-01
41                                     1.7108212377987098e-01
42                                     1.8653151300776594e-01
43                                     2.4840967901671784e-01
44                                     2.0660458099420365e-01
45                                     1.8771170233143408e-01
   &Method [&Type "String"] "SCF"
   &Level [&Type "String"] "Relaxed density"
   &Mult [&Type "Integer"] 1
   &State [&Type "Integer"] -1
   &Irrep [&Type "Integer"] 0
$End
$SCF_Loewdin_Population_Analysis
   &GeometryIndex 1
   &NAtoms [&Type "Integer"] 46
   &ATNO [&Type "ArrayOfIntegers", &Dim (46,1)] 
                                                         0

0                                                        8
1                                                        6
2                                                        7
3                                                        6
4                                                        6
5                                                        6
6                                                        6
7                                                        7
8                                                        6
9                                                        6
10                                                       6
11                                                       6
12                                                       6
13                                                       6
14                                                      16
15                                                       8
16                                                       8
17                                                       7
18                                                       6
19                                                       6
20                                                       6
21                                                       6
22                                                       6
23                                                       7
24                                                       6
25                                                      16
26                                                       6
27                                                       7
28                                                       6
29                                                       6
30                                                       6
31                                                       1
32                                                       1
33                                                       1
34                                                       1
35                                                       1
36                                                       1
37                                                       1
38                                                       1
39                                                       1
40                                                       1
41                                                       1
42                                                       1
43                                                       1
44                                                       1
45                                                       1
   &AtomicCharges [&Type "ArrayOfDoubles", &Dim (46,1)] 
                                                         0

0                                     -2.1381160649728592e-01
1                                      1.5657334913680820e-01
2                                     -2.3169848518600933e-01
3                                      6.9913682301037561e-02
4                                     -1.2634527493896819e-02
5                                     -2.0046647196118705e-02
6                                     -1.5392035046364594e-01
7                                     -2.5391470267800731e-01
8                                      7.0513602641667283e-02
9                                     -1.6191943024035194e-01
10                                    -9.7640381760418116e-02
11                                    -2.3444421188923403e-01
12                                    -8.6925922393812805e-02
13                                    -1.7731823565969496e-01
14                                     1.2786874622523836e+00
15                                    -6.2389741907767515e-01
16                                    -6.2639240763086512e-01
17                                    -4.1441478276405430e-01
18                                     7.1931955600930131e-02
19                                    -1.6575148186622890e-01
20                                    -9.2038056821333925e-02
21                                    -1.6744840151735652e-01
22                                    -6.5056390531657016e-02
23                                    -1.8813339450845756e-01
24                                    -1.8866201521956327e-01
25                                     4.5508865459022907e-01
26                                    -2.0901335943296484e-01
27                                    -1.6812425736951742e-01
28                                    -2.9340651298245035e-02
29                                    -4.6894267890942309e-02
30                                    -1.4842042451794679e-01
31                                     1.4901514337370336e-01
32                                     1.4619247410991387e-01
33                                     2.7874597177352856e-01
34                                     1.5735884345323237e-01
35                                     1.6354716956162374e-01
36                                     1.6331228272934228e-01
37                                     1.5806037169097720e-01
38                                     3.1569442069032916e-01
39                                     1.5654376796658820e-01
40                                     1.5798550561233271e-01
41                                     1.5143712762550632e-01
42                                     1.5177539804332474e-01
43                                     1.8782811155325918e-01
44                                     1.7320267170231207e-01
45                                     1.6445384549625608e-01
   &Method [&Type "String"] "SCF"
   &Level [&Type "String"] "Relaxed density"
   &Mult [&Type "Integer"] 1
   &State [&Type "Integer"] -1
   &Irrep [&Type "Integer"] 0
$End
$SCF_Mayer_Population_Analysis
   &GeometryIndex 1
   &NAtoms [&Type "Integer"] 46 "Total number of atoms"
   &NBondOrdersPrint [&Type "Integer"] 52 "The number of bond orders larger than threshold"
   &bondThresh [&Type "Double"]       1.0000000000000001e-01  "The threshold for printing"
   &components [&Type "ArrayOfIntegers", &Dim (52,4)] "The indices and atomic numbers of the bonding atoms"
                                                         0                           1                           2                           3

0                                                        0                           8                           1                           6
1                                                        1                           6                           2                           7
2                                                        1                           6                           5                           6
3                                                        2                           7                           3                           6
4                                                        3                           6                           4                           6
5                                                        3                           6                          30                           6
6                                                        4                           6                           5                           6
7                                                        4                           6                          24                           6
8                                                        5                           6                           6                           6
9                                                        6                           6                           7                           7
10                                                       6                           6                          31                           1
11                                                       6                           6                          32                           1
12                                                       7                           7                           8                           6
13                                                       7                           7                          33                           1
14                                                       8                           6                           9                           6
15                                                       8                           6                          13                           6
16                                                       9                           6                          10                           6
17                                                       9                           6                          34                           1
18                                                      10                           6                          11                           6
19                                                      10                           6                          35                           1
20                                                      11                           6                          12                           6
21                                                      11                           6                          14                          16
22                                                      12                           6                          13                           6
23                                                      12                           6                          36                           1
24                                                      13                           6                          37                           1
25                                                      14                          16                          15                           8
26                                                      14                          16                          16                           8
27                                                      14                          16                          17                           7
28                                                      17                           7                          18                           6
29                                                      17                           7                          38                           1
30                                                      18                           6                          19                           6
31                                                      18                           6                          23                           7
32                                                      19                           6                          20                           6
33                                                      19                           6                          22                           6
34                                                      19                           6                          39                           1
35                                                      20                           6                          21                           6
36                                                      20                           6                          40                           1
37                                                      21                           6                          22                           6
38                                                      21                           6                          41                           1
39                                                      22                           6                          23                           7
40                                                      22                           6                          42                           1
41                                                      24                           6                          25                          16
42                                                      24                           6                          26                           6
43                                                      24                           6                          28                           6
44                                                      25                          16                          26                           6
45                                                      26                           6                          27                           7
46                                                      26                           6                          43                           1
47                                                      27                           7                          28                           6
48                                                      28                           6                          29                           6
49                                                      29                           6                          30                           6
50                                                      29                           6                          44                           1
51                                                      30                           6                          45                           1
   &BondOrders [&Type "ArrayOfDoubles", &Dim (52,1)] "The bond orders"
                                                         0

0                                      1.8768961533738664e+00
1                                      1.1033989116524461e+00
2                                      9.2476905922050767e-01
3                                      1.6049510109023304e+00
4                                      1.0785340122205460e+00
5                                      1.1856307720985799e+00
6                                      1.6668458066102412e+00
7                                      1.0711577835263550e+00
8                                      1.0055421811679055e+00
9                                      9.2439773344086573e-01
10                                     9.0060907356157904e-01
11                                     9.0918585498703441e-01
12                                     1.0254071515741898e+00
13                                     8.0793490607410379e-01
14                                     1.3530800662702727e+00
15                                     1.3640045258342737e+00
16                                     1.4973707409458701e+00
17                                     9.1860331624446401e-01
18                                     1.3497738355769731e+00
19                                     9.1265620781067514e-01
20                                     1.3777974936955262e+00
21                                     8.5698064355215864e-01
22                                     1.4667945111540075e+00
23                                     9.1203028282389087e-01
24                                     9.1280939791439164e-01
25                                     1.6603655803246935e+00
26                                     1.6414927680632956e+00
27                                     8.4427009776468109e-01
28                                     9.2583556673609424e-01
29                                     7.7098819742003011e-01
30                                     1.3845504007416358e+00
31                                     1.4076651933440920e+00
32                                     1.4717024971993329e+00
33                                     1.0018581258120893e-01
34                                     9.1575098993854409e-01
35                                     1.4314247374840672e+00
36                                     9.2397245669398664e-01
37                                     1.4454534679910604e+00
38                                     9.2586780061376706e-01
39                                     1.4072007834078299e+00
40                                     9.2613050037414080e-01
41                                     1.1283147821665866e+00
42                                     1.0541511284236804e-01
43                                     1.3848789489691375e+00
44                                     1.1897538702000372e+00
45                                     1.5629239356151288e+00
46                                     8.9789795717829268e-01
47                                     1.2808063148557736e+00
48                                     1.1448841617043894e+00
49                                     1.6502802218434103e+00
50                                     9.1099908305890898e-01
51                                     9.1488265939972191e-01
   &ATNO [&Type "ArrayOfIntegers", &Dim (46,1)] "Atomic number of the elements"
                                                         0

0                                                        8
1                                                        6
2                                                        7
3                                                        6
4                                                        6
5                                                        6
6                                                        6
7                                                        7
8                                                        6
9                                                        6
10                                                       6
11                                                       6
12                                                       6
13                                                       6
14                                                      16
15                                                       8
16                                                       8
17                                                       7
18                                                       6
19                                                       6
20                                                       6
21                                                       6
22                                                       6
23                                                       7
24                                                       6
25                                                      16
26                                                       6
27                                                       7
28                                                       6
29                                                       6
30                                                       6
31                                                       1
32                                                       1
33                                                       1
34                                                       1
35                                                       1
36                                                       1
37                                                       1
38                                                       1
39                                                       1
40                                                       1
41                                                       1
42                                                       1
43                                                       1
44                                                       1
45                                                       1
   &NA [&Type "ArrayOfDoubles", &Dim (46,1)] "Mulliken gross atomic population"
                                                         0

0                                      8.4340106180729784e+00
1                                      5.5671908258555343e+00
2                                      7.4990708208831043e+00
3                                      5.7314491051525067e+00
4                                      5.8632062122920861e+00
5                                      6.0103797319812582e+00
6                                      6.1812729371991155e+00
7                                      7.6757193056171031e+00
8                                      5.6514558147017633e+00
9                                      6.1991673197413562e+00
10                                     6.1548206788782851e+00
11                                     6.1662327019430379e+00
12                                     6.1407784757227555e+00
13                                     6.2085001775381095e+00
14                                     1.4804237649651942e+01
15                                     8.5892266289538384e+00
16                                     8.5933169765935293e+00
17                                     7.7932081792346448e+00
18                                     5.5500336272682409e+00
19                                     6.1943695370991039e+00
20                                     6.1156857534078100e+00
21                                     6.1720611607325617e+00
22                                     6.0050378987973971e+00
23                                     7.4516766667044836e+00
24                                     6.2236700972846561e+00
25                                     1.5669250198210221e+01
26                                     6.1584360375588441e+00
27                                     7.4011286330184012e+00
28                                     5.7738569749231869e+00
29                                     6.1237887016624235e+00
30                                     6.2124802429416492e+00
31                                     8.0407130738442179e-01
32                                     8.1115141211438679e-01
33                                     6.2531822864543374e-01
34                                     8.1786765811333151e-01
35                                     8.0186181179492533e-01
36                                     8.0734254382671966e-01
37                                     8.1335048787332354e-01
38                                     5.7314488224496485e-01
39                                     8.1795677112356113e-01
40                                     8.1355480638703170e-01
41                                     8.2891787622012925e-01
42                                     8.1346848699223395e-01
43                                     7.5159032098328205e-01
44                                     7.9339541900579635e-01
45                                     8.1228829766856592e-01
   &ZA [&Type "ArrayOfDoubles", &Dim (46,1)] "Total nuclear charge"
                                                         0

0                                      8.0000000000000000e+00
1                                      6.0000000000000000e+00
2                                      7.0000000000000000e+00
3                                      6.0000000000000000e+00
4                                      6.0000000000000000e+00
5                                      6.0000000000000000e+00
6                                      6.0000000000000000e+00
7                                      7.0000000000000000e+00
8                                      6.0000000000000000e+00
9                                      6.0000000000000000e+00
10                                     6.0000000000000000e+00
11                                     6.0000000000000000e+00
12                                     6.0000000000000000e+00
13                                     6.0000000000000000e+00
14                                     1.6000000000000000e+01
15                                     8.0000000000000000e+00
16                                     8.0000000000000000e+00
17                                     7.0000000000000000e+00
18                                     6.0000000000000000e+00
19                                     6.0000000000000000e+00
20                                     6.0000000000000000e+00
21                                     6.0000000000000000e+00
22                                     6.0000000000000000e+00
23                                     7.0000000000000000e+00
24                                     6.0000000000000000e+00
25                                     1.6000000000000000e+01
26                                     6.0000000000000000e+00
27                                     7.0000000000000000e+00
28                                     6.0000000000000000e+00
29                                     6.0000000000000000e+00
30                                     6.0000000000000000e+00
31                                     1.0000000000000000e+00
32                                     1.0000000000000000e+00
33                                     1.0000000000000000e+00
34                                     1.0000000000000000e+00
35                                     1.0000000000000000e+00
36                                     1.0000000000000000e+00
37                                     1.0000000000000000e+00
38                                     1.0000000000000000e+00
39                                     1.0000000000000000e+00
40                                     1.0000000000000000e+00
41                                     1.0000000000000000e+00
42                                     1.0000000000000000e+00
43                                     1.0000000000000000e+00
44                                     1.0000000000000000e+00
45                                     1.0000000000000000e+00
   &QA [&Type "ArrayOfDoubles", &Dim (46,1)] "Mulliken gross atomic charge"
                                                         0

0                                     -4.3401061807297836e-01
1                                      4.3280917414446574e-01
2                                     -4.9907082088310428e-01
3                                      2.6855089484749328e-01
4                                      1.3679378770791395e-01
5                                     -1.0379731981258189e-02
6                                     -1.8127293719911552e-01
7                                     -6.7571930561710314e-01
8                                      3.4854418529823672e-01
9                                     -1.9916731974135615e-01
10                                    -1.5482067887828510e-01
11                                    -1.6623270194303785e-01
12                                    -1.4077847572275548e-01
13                                    -2.0850017753810945e-01
14                                     1.1957623503480583e+00
15                                    -5.8922662895383837e-01
16                                    -5.9331697659352933e-01
17                                    -7.9320817923464482e-01
18                                     4.4996637273175910e-01
19                                    -1.9436953709910387e-01
20                                    -1.1568575340780995e-01
21                                    -1.7206116073256172e-01
22                                    -5.0378987973971334e-03
23                                    -4.5167666670448359e-01
24                                    -2.2367009728465614e-01
25                                     3.3074980178977853e-01
26                                    -1.5843603755884406e-01
27                                    -4.0112863301840118e-01
28                                     2.2614302507681305e-01
29                                    -1.2378870166242351e-01
30                                    -2.1248024294164924e-01
31                                     1.9592869261557821e-01
32                                     1.8884858788561321e-01
33                                     3.7468177135456626e-01
34                                     1.8213234188666849e-01
35                                     1.9813818820507467e-01
36                                     1.9265745617328034e-01
37                                     1.8664951212667646e-01
38                                     4.2685511775503515e-01
39                                     1.8204322887643887e-01
40                                     1.8644519361296830e-01
41                                     1.7108212377987075e-01
42                                     1.8653151300776605e-01
43                                     2.4840967901671795e-01
44                                     2.0660458099420365e-01
45                                     1.8771170233143408e-01
   &VA [&Type "ArrayOfDoubles", &Dim (46,1)] "Mayer's total valence"
                                                         0

0                                      2.0735776274780440e+00
1                                      3.9988845138987572e+00
2                                      2.9334350411181900e+00
3                                      4.0060643065108259e+00
4                                      4.0298352900798884e+00
5                                      3.7915665892491228e+00
6                                      3.7832277947889401e+00
7                                      2.9073141324917562e+00
8                                      3.9011455345471235e+00
9                                      3.8994269657983671e+00
10                                     3.9604222315857163e+00
11                                     3.7769036289181859e+00
12                                     3.9702603095915818e+00
13                                     3.8877065286325392e+00
14                                     5.2029617024745765e+00
15                                     1.8406616597814200e+00
16                                     1.8418917869713414e+00
17                                     2.7345728327025784e+00
18                                     3.8890824493970158e+00
19                                     3.9084420223558376e+00
20                                     3.9427690717299466e+00
21                                     3.9154889055828410e+00
22                                     3.9207331926461921e+00
23                                     3.0029964656653521e+00
24                                     3.7389724967394073e+00
25                                     2.5305872653749777e+00
26                                     3.8315497140321617e+00
27                                     2.9983524410661269e+00
28                                     4.0159577818658203e+00
29                                     3.8455180189580762e+00
30                                     3.8713825209535644e+00
31                                     9.1473665498490053e-01
32                                     9.2802114866579788e-01
33                                     8.3737003166375912e-01
34                                     9.2971498272977293e-01
35                                     9.2729329772942670e-01
36                                     9.3718490453174508e-01
37                                     9.2943433759790661e-01
38                                     8.0391838989250042e-01
39                                     9.2826574439630649e-01
40                                     9.2659799746371985e-01
41                                     9.3330913236060775e-01
42                                     9.2642726799013075e-01
43                                     9.0954428446275348e-01
44                                     9.2575523071274779e-01
45                                     9.3445801447725696e-01
   &BVA [&Type "ArrayOfDoubles", &Dim (46,1)] "Mayer's bonded valence"
                                                         0

0                                      2.0735776274780129e+00
1                                      3.9988845138987998e+00
2                                      2.9334350411180781e+00
3                                      4.0060643065107664e+00
4                                      4.0298352900798387e+00
5                                      3.7915665892491464e+00
6                                      3.7832277947889303e+00
7                                      2.9073141324917708e+00
8                                      3.9011455345471608e+00
9                                      3.8994269657984013e+00
10                                     3.9604222315857394e+00
11                                     3.7769036289181757e+00
12                                     3.9702603095916191e+00
13                                     3.8877065286326093e+00
14                                     5.2029617024745569e+00
15                                     1.8406616597814214e+00
16                                     1.8418917869712939e+00
17                                     2.7345728327026526e+00
18                                     3.8890824493970113e+00
19                                     3.9084420223558407e+00
20                                     3.9427690717299368e+00
21                                     3.9154889055828170e+00
22                                     3.9207331926461855e+00
23                                     3.0029964656653840e+00
24                                     3.7389724967394020e+00
25                                     2.5305872653750718e+00
26                                     3.8315497140321897e+00
27                                     2.9983524410661495e+00
28                                     4.0159577818658159e+00
29                                     3.8455180189580429e+00
30                                     3.8713825209534747e+00
31                                     9.1473665498489487e-01
32                                     9.2802114866579610e-01
33                                     8.3737003166376645e-01
34                                     9.2971498272977582e-01
35                                     9.2729329772942315e-01
36                                     9.3718490453175207e-01
37                                     9.2943433759792426e-01
38                                     8.0391838989250297e-01
39                                     9.2826574439630416e-01
40                                     9.2659799746372129e-01
41                                     9.3330913236060487e-01
42                                     9.2642726799012398e-01
43                                     9.0954428446275781e-01
44                                     9.2575523071273580e-01
45                                     9.3445801447724097e-01
   &FA [&Type "ArrayOfDoubles", &Dim (46,1)] "Mayer's free valence"
                                                         0

0                                      0.0000000000000000e+00
1                                      0.0000000000000000e+00
2                                      0.0000000000000000e+00
3                                      0.0000000000000000e+00
4                                      0.0000000000000000e+00
5                                      0.0000000000000000e+00
6                                      0.0000000000000000e+00
7                                      0.0000000000000000e+00
8                                      0.0000000000000000e+00
9                                      0.0000000000000000e+00
10                                     0.0000000000000000e+00
11                                     0.0000000000000000e+00
12                                     0.0000000000000000e+00
13                                     0.0000000000000000e+00
14                                     0.0000000000000000e+00
15                                     0.0000000000000000e+00
16                                     0.0000000000000000e+00
17                                     0.0000000000000000e+00
18                                     0.0000000000000000e+00
19                                     0.0000000000000000e+00
20                                     0.0000000000000000e+00
21                                     0.0000000000000000e+00
22                                     0.0000000000000000e+00
23                                     0.0000000000000000e+00
24                                     0.0000000000000000e+00
25                                     0.0000000000000000e+00
26                                     0.0000000000000000e+00
27                                     0.0000000000000000e+00
28                                     0.0000000000000000e+00
29                                     0.0000000000000000e+00
30                                     0.0000000000000000e+00
31                                     0.0000000000000000e+00
32                                     0.0000000000000000e+00
33                                     0.0000000000000000e+00
34                                     0.0000000000000000e+00
35                                     0.0000000000000000e+00
36                                     0.0000000000000000e+00
37                                     0.0000000000000000e+00
38                                     0.0000000000000000e+00
39                                     0.0000000000000000e+00
40                                     0.0000000000000000e+00
41                                     0.0000000000000000e+00
42                                     0.0000000000000000e+00
43                                     0.0000000000000000e+00
44                                     0.0000000000000000e+00
45                                     0.0000000000000000e+00
   &Method [&Type "String"] "SCF"
   &Level [&Type "String"] "Relaxed density"
   &Mult [&Type "Integer"] 1
   &State [&Type "Integer"] -1
   &Irrep [&Type "Integer"] 0
$End
$SCF_Energy
   &GeometryIndex 1
   &Method [&Type "String"] "SCF"
   &totalEnergy [&Type "ArrayOfDoubles", &Dim (1,1)] "Total energy of each state"
                                                         0

0                                     -2.1042652541855559e+03
   &Mult [&Type "ArrayOfIntegers", &Dim (1,1)] "Multiplicity of each state"
                                                         0

0                                                        1
$End
$DFT_Energy
   &GeometryIndex 1
   &nAlphaEl [&Type "Integer"] 116
   &nBetaEl [&Type "Integer"] 116
   &nTotalEl [&Type "Integer"] 231
   &finalEn [&Type "Double"]      -2.1042652541855559e+03  "No Van der Waals correction"
   &eExchange [&Type "Double"]       0.0000000000000000e+00
   &eCorr [&Type "Double"]       0.0000000000000000e+00
   &eXC [&Type "Double"]      -1.7039089770103206e+02
   &eCNL [&Type "Double"]       0.0000000000000000e+00
$End
$Solvation_Details
   &GeometryIndex 1
   &Solvent [&Type "String"] "WATER"
   &Epsilon [&Type "Double"]       8.0150999999999996e+01
   &Refrac [&Type "Double"]       1.3328000000000000e+00
   &RSolv [&Type "Double"]       1.3000000000000000e+00
   &SurfaceType [&Type "String"] "GAUSSIAN VDW"
   &CPCMDielEnergy [&Type "Double"]      -6.2712715000000002e-02
   &NPoints [&Type "Integer"] 4271
   &SurfaceArea [&Type "Double"]       1.6200430224150000e+03
$End
$SCF_Timings
   &GeometryIndex 1
   &TOTAL [&Type "Double"]       4.3503191999999999e+01
   &PREP [&Type "Double"]       1.3203800000000001e+00
   &FOCK [&Type "Double"]       4.0654240000000001e+01
   &DENS [&Type "Double"]       2.2688000000002262e-02
   &ETOT [&Type "Double"]       1.4758999999997968e-02
   &POP [&Type "Double"]       6.9715000000002192e-02
   &TRAFO [&Type "Double"]       6.9692000000003418e-02
   &DIIS [&Type "Double"]       9.2368999999999701e-02
   &SOSCF [&Type "Double"]       1.2468200000000174e-01
   &XC [&Type "Double"]       1.5164920000000013e+00
   &FOCKSTART [&Type "Double"]       8.8169999999996307e-03
   &SOLV [&Type "Double"]       2.7266120000000011e+00
   &SOLV_INIT [&Type "Double"]       6.3219999999999987e-01
   &SOLV_FINAL [&Type "Double"]       9.9999999747524271e-07
   &INT_PREP [&Type "Double"]       1.9999999985031991e-06
   &INT_BF [&Type "Double"]       3.0928000000000111e-01
   &INT_DENS [&Type "Double"]       3.1669500000005968e-01
   &INT_DENSIO [&Type "Double"]       2.7418996230000070e+04
   &INT_FUNC [&Type "Double"]       1.0578100000006785e-01
   &INT_POT [&Type "Double"]       3.5571999999999093e-01
   &INT_POTIO [&Type "Double"]       7.2270000000038692e-03
   &INT_SUM [&Type "Double"]       2.1900000000130149e-04
   &SPLITRIJ [&Type "Double"]       1.6455779999999964e+00
   &COSX [&Type "Double"]       3.7163105000000002e+01
   &FROZCORE [&Type "Double"]       1.2911000000002559e-02
$End
$CIS_Absorption_Spectrum
   &GeometryIndex 1
   &Method [&Type "Integer"] 20
   &RelCorrection [&Type "Integer"] 1 "Type of relativistic treatment in QDPT. 0->Unknow, 1->None, 2->SOC, 3->SSC, 4->SOC/SSC"
   &DensType [&Type "Integer"] 3 "Type of density (electron/spin ...). 0->Unknow, 1->Electronic, 2->Spin, 3->Trans/Electronic, 4->Tran/Spin"
   &DeriType [&Type "Integer"] 0 "Type of derivative (w.r.t. to what perturbation). 0->Unknown, 1->No Derivative, 2->Electric/Dipole, 3->Electric/Quad, 4->Magnetic/Dipole, 5->Magnetic/Quad"
   &DensLevel [&Type "Integer"] 0 "// Source of density: relaxed, unrelaxed, ... 0->Unknown, 1->Linearized, 2->Unrelaxed, 3->Relaxed"
   &Density_name [&Type "String"] "Tdens-CIS"
   &Representation [&Type "String"] "Length" "Possible values: Unknown,  Length, Velocity"
   &PointGroup [&Type "String"] "C1"
   &DoHigherMoments [&Type "Boolean"] false
   &NTrans [&Type "Integer"] 8
   &ExcitationEnergies [&Type "ArrayOfDoubles", &Dim (8,11)] 
                                                         0                           1                           2                           3                           4                           5                           6                           7

0                                      1.6605161704723888e+00         1.3392967532134169e+04         7.4666051239254364e+02         2.9846996787771484e-02         7.3366771794179586e-01        -5.4929828044953810e-01         0.0000000000000000e+00         1.6425500163014747e-01
1                                      2.2403140808528268e+00         1.8069353542103207e+04         5.5342322992901245e+02         9.1732674968196743e-04         1.6713100700038626e-02         1.0893289238011999e-01         0.0000000000000000e+00        -1.8579307853127999e-02
2                                      2.4999989221217245e+00         2.0163853258244089e+04         4.9593695569627550e+02         3.3151112318892807e-04         5.4125280982937132e-03         1.9720450883415955e-02         0.0000000000000000e+00        -2.7261269182702864e-02
3                                      3.4653670295884824e+00         2.7950072958942321e+04         3.5778081920178346e+02         5.6706191126971030e-04         6.6791795561677927e-03        -3.5815793315841220e-02         0.0000000000000000e+00         2.8611842620793589e-02
4                                      3.7299478363689134e+00         3.0084061304161572e+04         3.3240192867898077e+02         1.6448690719157749e-01         1.7999915115009419e+00        -8.0315477572161087e-01         0.0000000000000000e+00        -5.8817679729622063e-01
5                                      4.0087908255579192e+00         3.2333081920268658e+04         3.0928075537801715e+02         3.6134934199738099e-05         3.6792199621914613e-04        -1.1936767053942149e-02         0.0000000000000000e+00         6.0540940676358738e-03
6                                      4.1628227301501530e+00         3.3575433144424278e+04         2.9783681291571526e+02         2.0271296396285991e-03         1.9876297431279756e-02        -1.0148074671888596e-01         0.0000000000000000e+00         1.2654993056517894e-02
7                                      4.3137085081456048e+00         3.4792409143627592e+04         2.8741901599049089e+02         1.8910477668518709e-03         1.7893429417293102e-02        -9.6676436798333570e-02         0.0000000000000000e+00        -5.5986539728497230e-02
                                                         8                           9                          10

0                                      0.0000000000000000e+00         6.3636421291305867e-01         0.0000000000000000e+00
1                                      0.0000000000000000e+00        -6.7093479395828895e-02         0.0000000000000000e+00
2                                      0.0000000000000000e+00         6.5425187181976846e-02         0.0000000000000000e+00
3                                      0.0000000000000000e+00        -6.7659226770394557e-02         0.0000000000000000e+00
4                                      0.0000000000000000e+00        -8.9943425154864509e-01         0.0000000000000000e+00
5                                      0.0000000000000000e+00         1.3739852020283315e-02         0.0000000000000000e+00
6                                      0.0000000000000000e+00        -9.7045384369358639e-02         0.0000000000000000e+00
7                                      0.0000000000000000e+00        -7.3570397270235788e-02         0.0000000000000000e+00
   &States [&Type "ArrayOfIntegers", &Dim (8,4)] "The initial and Final states. Col1: Initial State  Col2: Initial Irrep Col3: Final State Col4: Final Irrep"
                                                         0                           1                           2                           3

0                                                        0                           0                           1                           0
1                                                        0                           0                           2                           0
2                                                        0                           0                           3                           0
3                                                        0                           0                           4                           0
4                                                        0                           0                           5                           0
5                                                        0                           0                           6                           0
6                                                        0                           0                           7                           0
7                                                        0                           0                           8                           0
   &Multiplicities [&Type "ArrayOfDoubles", &Dim (8,2)] "Col1: Multiplicity of the initial state  Col2: Multiplicity of the final state"
                                                         0                           1

0                                      1.0000000000000000e+00         1.0000000000000000e+00
1                                      1.0000000000000000e+00         1.0000000000000000e+00
2                                      1.0000000000000000e+00         1.0000000000000000e+00
3                                      1.0000000000000000e+00         1.0000000000000000e+00
4                                      1.0000000000000000e+00         1.0000000000000000e+00
5                                      1.0000000000000000e+00         1.0000000000000000e+00
6                                      1.0000000000000000e+00         1.0000000000000000e+00
7                                      1.0000000000000000e+00         1.0000000000000000e+00
   &Temperature [&Type "Double"]       2.9814999999999998e+02
$End
$CIS_Absorption_Spectrum
   &GeometryIndex 1
   &Method [&Type "Integer"] 20
   &RelCorrection [&Type "Integer"] 1 "Type of relativistic treatment in QDPT. 0->Unknow, 1->None, 2->SOC, 3->SSC, 4->SOC/SSC"
   &DensType [&Type "Integer"] 3 "Type of density (electron/spin ...). 0->Unknow, 1->Electronic, 2->Spin, 3->Trans/Electronic, 4->Tran/Spin"
   &DeriType [&Type "Integer"] 0 "Type of derivative (w.r.t. to what perturbation). 0->Unknown, 1->No Derivative, 2->Electric/Dipole, 3->Electric/Quad, 4->Magnetic/Dipole, 5->Magnetic/Quad"
   &DensLevel [&Type "Integer"] 0 "// Source of density: relaxed, unrelaxed, ... 0->Unknown, 1->Linearized, 2->Unrelaxed, 3->Relaxed"
   &Density_name [&Type "String"] "Tdens-CIS"
   &Representation [&Type "String"] "Velocity" "Possible values: Unknown,  Length, Velocity"
   &PointGroup [&Type "String"] "C1"
   &DoHigherMoments [&Type "Boolean"] false
   &NTrans [&Type "Integer"] 8
   &ExcitationEnergies [&Type "ArrayOfDoubles", &Dim (8,11)] 
                                                         0                           1                           2                           3                           4                           5                           6                           7

0                                      1.6605161704723888e+00         1.3392967532134169e+04         7.4666051239254364e+02         3.5134190392028745e-02         3.2159826509823479e-03        -1.8034888157019646e-02         0.0000000000000000e+00        -8.7900232709988251e-03
1                                      2.2403140808528268e+00         1.8069353542103207e+04         5.5342322992901245e+02         2.3732074668252269e-03         2.9307937196131067e-04        -1.2789524227467037e-02         0.0000000000000000e+00        -2.2153744468730177e-03
2                                      2.4999989221217245e+00         2.0163853258244089e+04         4.9593695569627550e+02         7.9698212152524018e-04         1.0983203695351553e-04         3.2837517798866549e-03         0.0000000000000000e+00        -7.9035072780730426e-03
3                                      3.4653670295884824e+00         2.7950072958942321e+04         3.5778081920178346e+02         5.3014626724529239e-05         1.0127111336268412e-05         2.0586881962402132e-04         0.0000000000000000e+00        -3.1380201219867593e-03
4                                      3.7299478363689134e+00         3.0084061304161572e+04         3.3240192867898077e+02         9.5030604690482141e-03         1.9539204961227371e-03         4.2690435921653926e-02         0.0000000000000000e+00        -1.1226553565693348e-02
5                                      4.0087908255579192e+00         3.2333081920268658e+04         3.0928075537801715e+02         2.7957713884784275e-05         6.1781107529926127e-06         2.1899518036792420e-03         0.0000000000000000e+00         5.7405401277861655e-04
6                                      4.1628227301501530e+00         3.3575433144424278e+04         2.9783681291571526e+02         1.6716714319758085e-04         3.8360077465070469e-05         3.9346510244513992e-03         0.0000000000000000e+00         4.3671420607577375e-03
7                                      4.3137085081456048e+00         3.4792409143627592e+04         2.8741901599049089e+02         1.8209980632673064e-05         4.3301298155422981e-06        -9.9992150515306973e-04         0.0000000000000000e+00        -7.3774619317828021e-05
                                                         8                           9                          10

0                                      0.0000000000000000e+00         5.3042067748546903e-02         0.0000000000000000e+00
1                                      0.0000000000000000e+00        -1.1162417213869335e-02         0.0000000000000000e+00
2                                      0.0000000000000000e+00         6.0484364845018578e-03         0.0000000000000000e+00
3                                      0.0000000000000000e+00         4.8740032763758869e-04         0.0000000000000000e+00
4                                      0.0000000000000000e+00         2.3263000620116318e-03         0.0000000000000000e+00
5                                      0.0000000000000000e+00         1.0260038211271027e-03         0.0000000000000000e+00
6                                      0.0000000000000000e+00        -1.9510686820342043e-03         0.0000000000000000e+00
7                                      0.0000000000000000e+00        -1.8234155052042381e-03         0.0000000000000000e+00
   &States [&Type "ArrayOfIntegers", &Dim (8,4)] "The initial and Final states. Col1: Initial State  Col2: Initial Irrep Col3: Final State Col4: Final Irrep"
                                                         0                           1                           2                           3

0                                                        0                           0                           1                           0
1                                                        0                           0                           2                           0
2                                                        0                           0                           3                           0
3                                                        0                           0                           4                           0
4                                                        0                           0                           5                           0
5                                                        0                           0                           6                           0
6                                                        0                           0                           7                           0
7                                                        0                           0                           8                           0
   &Multiplicities [&Type "ArrayOfDoubles", &Dim (8,2)] "Col1: Multiplicity of the initial state  Col2: Multiplicity of the final state"
                                                         0                           1

0                                      1.0000000000000000e+00         1.0000000000000000e+00
1                                      1.0000000000000000e+00         1.0000000000000000e+00
2                                      1.0000000000000000e+00         1.0000000000000000e+00
3                                      1.0000000000000000e+00         1.0000000000000000e+00
4                                      1.0000000000000000e+00         1.0000000000000000e+00
5                                      1.0000000000000000e+00         1.0000000000000000e+00
6                                      1.0000000000000000e+00         1.0000000000000000e+00
7                                      1.0000000000000000e+00         1.0000000000000000e+00
   &Temperature [&Type "Double"]       2.9814999999999998e+02
$End
$CIS_ECD_Spectrum
   &GeometryIndex 1
   &Method [&Type "Integer"] 20
   &RelCorrection [&Type "Integer"] 1 "Type of relativistic treatment in QDPT. 0->Unknow, 1->None, 2->SOC, 3->SSC, 4->SOC/SSC"
   &DensType [&Type "Integer"] 3 "Type of density (electron/spin ...). 0->Unknow, 1->Electronic, 2->Spin, 3->Trans/Electronic, 4->Tran/Spin"
   &DeriType [&Type "Integer"] 0 "Type of derivative (w.r.t. to what perturbation). 0->Unknown, 1->No Derivative, 2->Electric/Dipole, 3->Electric/Quad, 4->Magnetic/Dipole, 5->Magnetic/Quad"
   &DensLevel [&Type "Integer"] 0 "// Source of density: relaxed, unrelaxed, ... 0->Unknown, 1->Linearized, 2->Unrelaxed, 3->Relaxed"
   &Density_name [&Type "String"] "Tdens-CIS"
   &Representation [&Type "String"] "Length" "Possible values: Unknown,  Length, Velocity"
   &PointGroup [&Type "String"] "C1"
   &DoHigherMoments [&Type "Boolean"] false
   &NTrans [&Type "Integer"] 8
   &ExcitationEnergies [&Type "ArrayOfDoubles", &Dim (8,10)] 
                                                         0                           1                           2                           3                           4                           5                           6                           7

0                                      1.6605161704723888e+00         1.3392967532134169e+04         7.4666051239254364e+02        -1.7658181977826167e+01        -2.6689315530396596e-01         0.0000000000000000e+00         4.6228334608591931e-01         0.0000000000000000e+00
1                                      2.2403140808528268e+00         1.8069353542103207e+04         5.5342322992901245e+02        -7.6681284522944015e-01         1.9141416343117306e-03         0.0000000000000000e+00         4.6549681955828023e-03         0.0000000000000000e+00
2                                      2.4999989221217245e+00         2.0163853258244089e+04         4.9593695569627550e+02         4.5922422392518607e+00        -1.1673693624144037e-01         0.0000000000000000e+00        -8.8603090388342368e-02         0.0000000000000000e+00
3                                      3.4653670295884824e+00         2.7950072958942321e+04         3.5778081920178346e+02        -6.8675275294193607e+00        -3.1468617397696236e-01         0.0000000000000000e+00        -1.5716693686118971e-01         0.0000000000000000e+00
4                                      3.7299478363689134e+00         3.0084061304161572e+04         3.3240192867898077e+02         9.5244526865334826e+00         3.6908184990339737e-02         0.0000000000000000e+00        -2.3806760284452688e-01         0.0000000000000000e+00
5                                      4.0087908255579192e+00         3.2333081920268658e+04         3.0928075537801715e+02        -2.4847377263588783e-02         3.6792137211413790e-03         0.0000000000000000e+00         7.0682858791681338e-03         0.0000000000000000e+00
6                                      4.1628227301501530e+00         3.3575433144424278e+04         2.9783681291571526e+02        -2.9113833001173889e-01        -9.9100175638304859e-03         0.0000000000000000e+00         1.4433299276902505e-02         0.0000000000000000e+00
7                                      4.3137085081456048e+00         3.4792409143627592e+04         2.8741901599049089e+02         4.8323361735325299e-01         1.2937124892900605e-02         0.0000000000000000e+00        -2.9828394350214504e-02         0.0000000000000000e+00
                                                         8                           9

0                                     -2.9084178519223686e-01         0.0000000000000000e+00
1                                     -2.2423487489336709e-02         0.0000000000000000e+00
2                                     -1.5061466095742093e-01         0.0000000000000000e+00
3                                     -1.1517871216643705e-01         0.0000000000000000e+00
4                                      1.4518603812782255e-01         0.0000000000000000e+00
5                                      3.9177965186005135e-03         0.0000000000000000e+00
6                                      5.8817015574623962e-03         0.0000000000000000e+00
7                                      1.9631082729999152e-02         0.0000000000000000e+00
   &States [&Type "ArrayOfIntegers", &Dim (8,4)] "The initial and Final states. Col1: Initial State  Col2: Initial Irrep Col3: Final State Col4: Final Irrep"
                                                         0                           1                           2                           3

0                                                        0                           0                           1                           0
1                                                        0                           0                           2                           0
2                                                        0                           0                           3                           0
3                                                        0                           0                           4                           0
4                                                        0                           0                           5                           0
5                                                        0                           0                           6                           0
6                                                        0                           0                           7                           0
7                                                        0                           0                           8                           0
   &Multiplicities [&Type "ArrayOfDoubles", &Dim (8,2)] "Col1: Multiplicity of the initial state  Col2: Multiplicity of the final state"
                                                         0                           1

0                                      1.0000000000000000e+00         1.0000000000000000e+00
1                                      1.0000000000000000e+00         1.0000000000000000e+00
2                                      1.0000000000000000e+00         1.0000000000000000e+00
3                                      1.0000000000000000e+00         1.0000000000000000e+00
4                                      1.0000000000000000e+00         1.0000000000000000e+00
5                                      1.0000000000000000e+00         1.0000000000000000e+00
6                                      1.0000000000000000e+00         1.0000000000000000e+00
7                                      1.0000000000000000e+00         1.0000000000000000e+00
   &Temperature [&Type "Double"]       2.9814999999999998e+02
$End
$CIS_ECD_Spectrum
   &GeometryIndex 1
   &Method [&Type "Integer"] 20
   &RelCorrection [&Type "Integer"] 1 "Type of relativistic treatment in QDPT. 0->Unknow, 1->None, 2->SOC, 3->SSC, 4->SOC/SSC"
   &DensType [&Type "Integer"] 3 "Type of density (electron/spin ...). 0->Unknow, 1->Electronic, 2->Spin, 3->Trans/Electronic, 4->Tran/Spin"
   &DeriType [&Type "Integer"] 0 "Type of derivative (w.r.t. to what perturbation). 0->Unknown, 1->No Derivative, 2->Electric/Dipole, 3->Electric/Quad, 4->Magnetic/Dipole, 5->Magnetic/Quad"
   &DensLevel [&Type "Integer"] 0 "// Source of density: relaxed, unrelaxed, ... 0->Unknown, 1->Linearized, 2->Unrelaxed, 3->Relaxed"
   &Density_name [&Type "String"] "Tdens-CIS"
   &Representation [&Type "String"] "Velocity" "Possible values: Unknown,  Length, Velocity"
   &PointGroup [&Type "String"] "C1"
   &DoHigherMoments [&Type "Boolean"] false
   &NTrans [&Type "Integer"] 8
   &ExcitationEnergies [&Type "ArrayOfDoubles", &Dim (8,10)] 
                                                         0                           1                           2                           3                           4                           5                           6                           7

0                                      1.6605161704723888e+00         1.3392967532134169e+04         7.4666051239254364e+02        -1.1339118910923227e+02        -2.6689315530396596e-01         0.0000000000000000e+00         4.6228334608591931e-01         0.0000000000000000e+00
1                                      2.2403140808528268e+00         1.8069353542103207e+04         5.5342322992901245e+02         1.2340677853998416e+00         1.9141416343117306e-03         0.0000000000000000e+00         4.6549681955828023e-03         0.0000000000000000e+00
2                                      2.4999989221217245e+00         2.0163853258244089e+04         4.9593695569627550e+02        -3.0483511707823365e+00        -1.1673693624144037e-01         0.0000000000000000e+00        -8.8603090388342368e-02         0.0000000000000000e+00
3                                      3.4653670295884824e+00         2.7950072958942321e+04         3.5778081920178346e+02         1.3781501802229505e+00        -3.1468617397696236e-01         0.0000000000000000e+00        -1.5716693686118971e-01         0.0000000000000000e+00
4                                      3.7299478363689134e+00         3.0084061304161572e+04         3.3240192867898077e+02         1.5773315291199003e+01         3.6908184990339737e-02         0.0000000000000000e+00        -2.3806760284452688e-01         0.0000000000000000e+00
5                                      4.0087908255579192e+00         3.2333081920268658e+04         3.0928075537801715e+02         5.1633355887245456e-02         3.6792137211413790e-03         0.0000000000000000e+00         7.0682858791681338e-03         0.0000000000000000e+00
6                                      4.1628227301501530e+00         3.3575433144424278e+04         2.9783681291571526e+02         3.8719868525884958e-02        -9.9100175638304859e-03         0.0000000000000000e+00         1.4433299276902505e-02         0.0000000000000000e+00
7                                      4.3137085081456048e+00         3.4792409143627592e+04         2.8741901599049089e+02        -1.3838206976296161e-01         1.2937124892900605e-02         0.0000000000000000e+00        -2.9828394350214504e-02         0.0000000000000000e+00
                                                         8                           9

0                                     -2.9084178519223686e-01         0.0000000000000000e+00
1                                     -2.2423487489336709e-02         0.0000000000000000e+00
2                                     -1.5061466095742093e-01         0.0000000000000000e+00
3                                     -1.1517871216643705e-01         0.0000000000000000e+00
4                                      1.4518603812782255e-01         0.0000000000000000e+00
5                                      3.9177965186005135e-03         0.0000000000000000e+00
6                                      5.8817015574623962e-03         0.0000000000000000e+00
7                                      1.9631082729999152e-02         0.0000000000000000e+00
   &States [&Type "ArrayOfIntegers", &Dim (8,4)] "The initial and Final states. Col1: Initial State  Col2: Initial Irrep Col3: Final State Col4: Final Irrep"
                                                         0                           1                           2                           3

0                                                        0                           0                           1                           0
1                                                        0                           0                           2                           0
2                                                        0                           0                           3                           0
3                                                        0                           0                           4                           0
4                                                        0                           0                           5                           0
5                                                        0                           0                           6                           0
6                                                        0                           0                           7                           0
7                                                        0                           0                           8                           0
   &Multiplicities [&Type "ArrayOfDoubles", &Dim (8,2)] "Col1: Multiplicity of the initial state  Col2: Multiplicity of the final state"
                                                         0                           1

0                                      1.0000000000000000e+00         1.0000000000000000e+00
1                                      1.0000000000000000e+00         1.0000000000000000e+00
2                                      1.0000000000000000e+00         1.0000000000000000e+00
3                                      1.0000000000000000e+00         1.0000000000000000e+00
4                                      1.0000000000000000e+00         1.0000000000000000e+00
5                                      1.0000000000000000e+00         1.0000000000000000e+00
6                                      1.0000000000000000e+00         1.0000000000000000e+00
7                                      1.0000000000000000e+00         1.0000000000000000e+00
   &Temperature [&Type "Double"]       2.9814999999999998e+02
$End
$CIS_Energies
   &GeometryIndex 1
   &e0 [&Type "Double"]      -2.1042652541855559e+03  "Ground state energy"
   &multP1 [&Type "Boolean"] false "Do the higher multiplicity too?"
   &mode [&Type "String"] "TDA" "CIS mode: CIS, RPA, TDA, TD-DFT, sTDA, sTD-DFT"
   &dCorr [&Type "Integer"] 0 "(D) Correction algorithm"
   &Method [&Type "String"] "TDA/CIS"
   &totalEnergy [&Type "ArrayOfDoubles", &Dim (8,1)] "Total energy of each state"
                                                         0

0                                     -2.1042042313354473e+03
1                                     -2.1041829241530131e+03
2                                     -2.1041733809101192e+03
3                                     -2.1041379042828094e+03
4                                     -2.1041281811164827e+03
5                                     -2.1041179338245647e+03
6                                     -2.1041122732558856e+03
7                                     -2.1041067283052384e+03
   &Mult [&Type "ArrayOfIntegers", &Dim (8,1)] "Multiplicity of each state"
                                                         0

0                                                        1
1                                                        1
2                                                        1
3                                                        1
4                                                        1
5                                                        1
6                                                        1
7                                                        1
   &RelCorr [&Type "String"] "None" "Relativistic correction (SOC and/or SSC)"
   &NBlocks [&Type "Integer"] 1 "Number of multiplicity blocks"
   &NRoots [&Type "ArrayOfIntegers", &Dim (1,1)] "Number of roots in each block"
                                                         0

0                                                        8
   &NTotalRoots [&Type "Integer"] 8 "Total number of roots"
   &Block [&Type "ArrayOfIntegers", &Dim (8,1)] "Block index of each state"
                                                         0

0                                                        0
1                                                        0
2                                                        0
3                                                        0
4                                                        0
5                                                        0
6                                                        0
7                                                        0
   &Root [&Type "ArrayOfIntegers", &Dim (8,1)] "Root index within the block"
                                                         0

0                                                        0
1                                                        1
2                                                        2
3                                                        3
4                                                        4
5                                                        5
6                                                        6
7                                                        7
$End
$Single_Point_Data
   &GeometryIndex 1
   &FinalEnergy [&Type "Double"]      -2.1042042313354473e+03  "Final single point energy"
   &Converged [&Type "Boolean"] true
$End
$Calculation_Info
   &GeometryIndex 1
   &Mult [&Type "Integer"] 1
   &Charge [&Type "Integer"] 0
   &NumOfAtoms [&Type "Integer"] 46
   &NumOfElectrons [&Type "Integer"] 232
   &NumOfBasisFuncts [&Type "Integer"] 472
   &NumOfAuxCBasisFuncts [&Type "Integer"] 0
   &NumOfAuxJBasisFuncts [&Type "Integer"] 1688
   &NumOfAuxJKBasisFuncts [&Type "Integer"] 0
   &NumOfCABSBasisFuncts [&Type "Integer"] 0
$End
$SCF_Dipole_Moment
   &GeometryIndex 1
   &dipoleMagnitude [&Type "Double", &Units "a.u."]       2.5606617617336007e+00
   &dipoleElecContrib [&Type "ArrayOfDoubles", &Dim (3,1)] "Electronic contribution"
                                                         0

0                                      1.3498028891386401e+01
1                                      6.1864258704583702e-02
2                                      3.5373086300153465e+00
   &dipoleNucContrib [&Type "ArrayOfDoubles", &Dim (3,1)] "Nuclear contribution"
                                                         0

0                                     -1.2188356508425798e+01
1                                      1.5270098425471001e+00
2                                     -5.0595523679517447e+00
   &dipoleTotal [&Type "ArrayOfDoubles", &Dim (3,1)] "Total"
                                                         0

0                                      1.3096723829606027e+00
1                                      1.5888741012516838e+00
2                                     -1.5222437379363982e+00
   &doAtomicDipole [&Type "Boolean"] false
   &Method [&Type "String"] "SCF"
   &Level [&Type "String"] "Relaxed density"
   &Mult [&Type "Integer"] 1
   &State [&Type "Integer"] -1
   &Irrep [&Type "Integer"] 0
$End
$Calculation_Timings
   &GeometryIndex 1
   &GTOINT [&Type "Double"]       6.5082330000000006e+00
   &SCF [&Type "Double"]       5.1081037999999999e+01
   &CIS [&Type "Double"]       7.7709892000000011e+01
   &PROPINT [&Type "Double"]       3.4182720000000018e+00
   &PROP [&Type "Double"]       3.3528599999999926e+00
   &SUM [&Type "Double"]       1.4207029500000002e+02
$End
