*************************************************
******************* ORCA 6.1.1 ******************
*************************************************
$Calculation_Status
   &GeometryIndex 1
   &version [&Type "String"] "6.1.1"
   &progName [&Type "String"] "ProgCIS"
   &Status [&Type "String"] "NORMAL TERMINATION"
$End
$Geometry
   &GeometryIndex 1
   &NAtoms [&Type "Integer"] 42
   &NCorelessECP [&Type "Integer"] 0
   &NGhostAtoms [&Type "Integer"] 0
   &CartesianCoordinates [&Type "Coordinates", &Dim(42,4), &Units "Bohr"] 
              C    -11.523426755147    1.989759592489    2.967844492908
              C    -12.789310152159   -0.019430079240    1.760353017226
              C    -11.420000824078   -1.749380235709    0.370711002707
              C     -8.762385172226   -1.536741413909    0.139259621131
              C     -7.464881958933    0.491289820451    1.355713849188
              C     -8.930070762687    2.234783443488    2.768341936849
              C     -4.735500871189    0.680769052358    1.098278966551
              C     -3.335165900134    2.659131344878    2.268006143177
              C     -0.767456979577    2.847189564082    2.031882706008
              C      0.665877740608    1.072461142838    0.598786735711
              C     -0.665877328384   -0.933147977943   -0.598787845992
              C     -3.386981356567   -1.131554607291   -0.347485379361
              C     -4.780933611584   -3.131503905581   -1.531095288726
              C     -7.340421006537   -3.324240321264   -1.298714105640
              C      0.767457275312   -2.707880285046   -2.031882996607
              C      3.335164113400   -2.519807650293   -2.268014046163
              C      4.735499758168   -0.541453334161   -1.098278646016
              C      3.386983189147    1.270869529864    0.347488571306
              C      4.780935002768    3.270814804769    1.531102458622
              C      7.340422781443    3.463545340848    1.298712552044
              C      8.762386393884    1.676041585732   -0.139259267692
              C      7.464880688968   -0.351990155356   -1.355708023468
              C      8.930064405336   -2.095493083158   -2.768330870506
              C     11.523420096363   -1.850466130738   -2.967842514806
              C     12.789306686874    0.158726403891   -1.760358818307
              C     11.420002403763    1.888679758830   -0.370715316626
              H    -12.591165769030    3.359112778746    4.064929773947
              H    -14.828341786029   -0.200277658442    1.925295290687
              H    -12.366489594789   -3.311005028848   -0.573391169105
              H     -8.022158426888    3.804393834938    3.723108663584
              H     -4.310259172730    4.071931322415    3.386013807874
              H      0.173303600695    4.402217293842    2.974552940135
              H     -3.795915887127   -4.538973663352   -2.644793071991
              H     -8.345309999433   -4.863318179958   -2.218572980054
              H     -0.173296590537   -4.262913211295   -2.974555150099
              H      4.310263822099   -3.932602207693   -3.386026847930
              H      3.795926630075    4.678282602276    2.644808845724
              H      8.345311430443    5.002623354468    2.218571636461
              H      8.022152298842   -3.665107383501   -3.723093192611
              H     12.591158237188   -3.219820412424   -4.064925684305
              H     14.828338353725    0.339570006449   -1.925308597488
              H     12.366494939971    3.450308744209    0.573376820548
$End
$SCF_Mulliken_Population_Analysis
   &GeometryIndex 1
   &NAtoms [&Type "Integer"] 42
   &ATNO [&Type "ArrayOfIntegers", &Dim (42,1)] 
                                                         0

0                                                        6
1                                                        6
2                                                        6
3                                                        6
4                                                        6
5                                                        6
6                                                        6
7                                                        6
8                                                        6
9                                                        6
10                                                       6
11                                                       6
12                                                       6
13                                                       6
14                                                       6
15                                                       6
16                                                       6
17                                                       6
18                                                       6
19                                                       6
20                                                       6
21                                                       6
22                                                       6
23                                                       6
24                                                       6
25                                                       6
26                                                       1
27                                                       1
28                                                       1
29                                                       1
30                                                       1
31                                                       1
32                                                       1
33                                                       1
34                                                       1
35                                                       1
36                                                       1
37                                                       1
38                                                       1
39                                                       1
40                                                       1
41                                                       1
   &AtomicCharges [&Type "ArrayOfDoubles", &Dim (42,1)] 
                                                         0

0                                     -1.4898975528607661e-01
1                                     -1.3653073262051230e-01
2                                     -2.1701350985535317e-01
3                                      1.4979992982199875e-01
4                                      3.8144303892276632e-02
5                                     -1.9917068299136442e-01
6                                      7.8581706151972242e-02
7                                     -2.1329414286899961e-01
8                                     -2.1350850208021654e-01
9                                      6.2074555332350734e-02
10                                     6.2079064924576599e-02
11                                     4.5190358539796804e-02
12                                    -1.9755837019869205e-01
13                                    -2.1578852198344833e-01
14                                    -2.1351125739400167e-01
15                                    -2.1329204809006619e-01
16                                     7.8584494164267937e-02
17                                     4.5202335589126896e-02
18                                    -1.9756072511694267e-01
19                                    -2.1578106701186606e-01
20                                     1.4979805118791933e-01
21                                     3.8134886220531961e-02
22                                    -1.9916883260317508e-01
23                                    -1.4899102616000093e-01
24                                    -1.3653072650955256e-01
25                                    -2.1701602395238950e-01
26                                     1.4190839196868765e-01
27                                     1.4240532120637539e-01
28                                     1.4331490205791386e-01
29                                     1.4936326958782931e-01
30                                     1.4858144913551818e-01
31                                     1.4927458278141548e-01
32                                     1.4977791519708417e-01
33                                     1.4343062388040440e-01
34                                     1.4927634330512807e-01
35                                     1.4858188891049573e-01
36                                     1.4977779726166274e-01
37                                     1.4342973694933747e-01
38                                     1.4936541643913048e-01
39                                     1.4190826151071878e-01
40                                     1.4240522514846266e-01
41                                     1.4331511355772775e-01
   &Method [&Type "String"] "SCF"
   &Level [&Type "String"] "Relaxed density"
   &Mult [&Type "Integer"] 1
   &State [&Type "Integer"] -1
   &Irrep [&Type "Integer"] 0
$End
$SCF_Loewdin_Population_Analysis
   &GeometryIndex 1
   &NAtoms [&Type "Integer"] 42
   &ATNO [&Type "ArrayOfIntegers", &Dim (42,1)] 
                                                         0

0                                                        6
1                                                        6
2                                                        6
3                                                        6
4                                                        6
5                                                        6
6                                                        6
7                                                        6
8                                                        6
9                                                        6
10                                                       6
11                                                       6
12                                                       6
13                                                       6
14                                                       6
15                                                       6
16                                                       6
17                                                       6
18                                                       6
19                                                       6
20                                                       6
21                                                       6
22                                                       6
23                                                       6
24                                                       6
25                                                       6
26                                                       1
27                                                       1
28                                                       1
29                                                       1
30                                                       1
31                                                       1
32                                                       1
33                                                       1
34                                                       1
35                                                       1
36                                                       1
37                                                       1
38                                                       1
39                                                       1
40                                                       1
41                                                       1
   &AtomicCharges [&Type "ArrayOfDoubles", &Dim (42,1)] 
                                                         0

0                                     -1.3334946597131925e-01
1                                     -1.3384089053508230e-01
2                                     -1.2747913816776890e-01
3                                     -1.7833989315566789e-02
4                                     -1.2943604751828097e-02
5                                     -1.2908106277264508e-01
6                                     -1.3422719634787583e-02
7                                     -1.2823823784486876e-01
8                                     -1.2905602027813146e-01
9                                     -1.2800728882615076e-02
10                                    -1.2800478112402480e-02
11                                    -1.3173276440253012e-02
12                                    -1.3140092860256480e-01
13                                    -1.2640918173108329e-01
14                                    -1.2905631282331420e-01
15                                    -1.2823794285071788e-01
16                                    -1.3422858854359454e-02
17                                    -1.3172933858668578e-02
18                                    -1.3140121025426055e-01
19                                    -1.2640874683631864e-01
20                                    -1.7833974873778580e-02
21                                    -1.2943581962747253e-02
22                                    -1.2908114179955366e-01
23                                    -1.3334933782107949e-01
24                                    -1.3384092784394674e-01
25                                    -1.2747880240894105e-01
26                                     1.3776229437431242e-01
27                                     1.3807500065372635e-01
28                                     1.3767040556426080e-01
29                                     1.3806750270237589e-01
30                                     1.3939087934879502e-01
31                                     1.3956929343089008e-01
32                                     1.3972029785044737e-01
33                                     1.3877283095161586e-01
34                                     1.3956944865043142e-01
35                                     1.3939073542430391e-01
36                                     1.3972059438951978e-01
37                                     1.3877272253299999e-01
38                                     1.3806768854050866e-01
39                                     1.3776232260092547e-01
40                                     1.3807501663007482e-01
41                                     1.3767046158346330e-01
   &Method [&Type "String"] "SCF"
   &Level [&Type "String"] "Relaxed density"
   &Mult [&Type "Integer"] 1
   &State [&Type "Integer"] -1
   &Irrep [&Type "Integer"] 0
$End
$SCF_Mayer_Population_Analysis
   &GeometryIndex 1
   &NAtoms [&Type "Integer"] 42 "Total number of atoms"
   &NBondOrdersPrint [&Type "Integer"] 47 "The number of bond orders larger than threshold"
   &bondThresh [&Type "Double"]       1.0000000000000001e-01  "The threshold for printing"
   &components [&Type "ArrayOfIntegers", &Dim (47,4)] "The indices and atomic numbers of the bonding atoms"
                                                         0                           1                           2                           3

0                                                        0                           6                           1                           6
1                                                        0                           6                           5                           6
2                                                        0                           6                          26                           1
3                                                        1                           6                           2                           6
4                                                        1                           6                          27                           1
5                                                        2                           6                           3                           6
6                                                        2                           6                          28                           1
7                                                        3                           6                           4                           6
8                                                        3                           6                          13                           6
9                                                        4                           6                           5                           6
10                                                       4                           6                           6                           6
11                                                       5                           6                          29                           1
12                                                       6                           6                           7                           6
13                                                       6                           6                          11                           6
14                                                       7                           6                           8                           6
15                                                       7                           6                          30                           1
16                                                       8                           6                           9                           6
17                                                       8                           6                          31                           1
18                                                       9                           6                          10                           6
19                                                       9                           6                          17                           6
20                                                      10                           6                          11                           6
21                                                      10                           6                          14                           6
22                                                      11                           6                          12                           6
23                                                      12                           6                          13                           6
24                                                      12                           6                          32                           1
25                                                      13                           6                          33                           1
26                                                      14                           6                          15                           6
27                                                      14                           6                          34                           1
28                                                      15                           6                          16                           6
29                                                      15                           6                          35                           1
30                                                      16                           6                          17                           6
31                                                      16                           6                          21                           6
32                                                      17                           6                          18                           6
33                                                      18                           6                          19                           6
34                                                      18                           6                          36                           1
35                                                      19                           6                          20                           6
36                                                      19                           6                          37                           1
37                                                      20                           6                          21                           6
38                                                      20                           6                          25                           6
39                                                      21                           6                          22                           6
40                                                      22                           6                          23                           6
41                                                      22                           6                          38                           1
42                                                      23                           6                          24                           6
43                                                      23                           6                          39                           1
44                                                      24                           6                          25                           6
45                                                      24                           6                          40                           1
46                                                      25                           6                          41                           1
   &BondOrders [&Type "ArrayOfDoubles", &Dim (47,1)] "The bond orders"
                                                         0

0                                      1.3463426984133626e+00
1                                      1.5036111563634014e+00
2                                      9.2809910346678826e-01
3                                      1.5078220253792405e+00
4                                      9.2826831370254337e-01
5                                      1.3048232409058058e+00
6                                      9.2158303676134445e-01
7                                      1.3226105832434079e+00
8                                      1.2124336108352387e+00
9                                      1.3325734680892238e+00
10                                     1.1494555897216399e+00
11                                     9.0863781426150880e-01
12                                     1.2607126114368770e+00
13                                     1.3490138132913851e+00
14                                     1.5342029681372227e+00
15                                     9.1005844460315488e-01
16                                     1.2583708459863685e+00
17                                     9.0850618459730026e-01
18                                     1.3307242274941742e+00
19                                     1.1756607874985225e+00
20                                     1.1756592401814667e+00
21                                     1.2583715583839801e+00
22                                     1.2344556639094915e+00
23                                     1.5689499863818297e+00
24                                     9.0847130605638926e-01
25                                     9.2172164781019150e-01
26                                     1.5342111927790760e+00
27                                     9.0850376269622335e-01
28                                     1.2607167599386542e+00
29                                     9.1005680533038080e-01
30                                     1.3490143788599038e+00
31                                     1.1494390761459787e+00
32                                     1.2344534097334285e+00
33                                     1.5689498462119729e+00
34                                     9.0847176766485671e-01
35                                     1.2124363442917232e+00
36                                     9.2172190539769805e-01
37                                     1.3226128626138069e+00
38                                     1.3048264391526063e+00
39                                     1.3325747318803367e+00
40                                     1.5036144505375109e+00
41                                     9.0863742310529139e-01
42                                     1.3463428916011002e+00
43                                     9.2809818164724245e-01
44                                     1.5078200024982595e+00
45                                     9.2826893154298062e-01
46                                     9.2158029266913633e-01
   &ATNO [&Type "ArrayOfIntegers", &Dim (42,1)] "Atomic number of the elements"
                                                         0

0                                                        6
1                                                        6
2                                                        6
3                                                        6
4                                                        6
5                                                        6
6                                                        6
7                                                        6
8                                                        6
9                                                        6
10                                                       6
11                                                       6
12                                                       6
13                                                       6
14                                                       6
15                                                       6
16                                                       6
17                                                       6
18                                                       6
19                                                       6
20                                                       6
21                                                       6
22                                                       6
23                                                       6
24                                                       6
25                                                       6
26                                                       1
27                                                       1
28                                                       1
29                                                       1
30                                                       1
31                                                       1
32                                                       1
33                                                       1
34                                                       1
35                                                       1
36                                                       1
37                                                       1
38                                                       1
39                                                       1
40                                                       1
41                                                       1
   &NA [&Type "ArrayOfDoubles", &Dim (42,1)] "Mulliken gross atomic population"
                                                         0

0                                      6.1489897552860802e+00
1                                      6.1365307326205123e+00
2                                      6.2170135098553541e+00
3                                      5.8502000701780013e+00
4                                      5.9618556961077278e+00
5                                      6.1991706829913662e+00
6                                      5.9214182938480313e+00
7                                      6.2132941428690005e+00
8                                      6.2135085020802174e+00
9                                      5.9379254446676519e+00
10                                     5.9379209350754234e+00
11                                     5.9548096414602085e+00
12                                     6.1975583701986903e+00
13                                     6.2157885219834483e+00
14                                     6.2135112573939990e+00
15                                     6.2132920480900653e+00
16                                     5.9214155058357347e+00
17                                     5.9547976644108749e+00
18                                     6.1975607251169444e+00
19                                     6.2157810670118678e+00
20                                     5.8502019488120860e+00
21                                     5.9618651137794689e+00
22                                     6.1991688326031742e+00
23                                     6.1489910261600009e+00
24                                     6.1365307265095517e+00
25                                     6.2170160239523877e+00
26                                     8.5809160803131257e-01
27                                     8.5759467879362450e-01
28                                     8.5668509794208625e-01
29                                     8.5063673041217058e-01
30                                     8.5141855086448170e-01
31                                     8.5072541721858463e-01
32                                     8.5022208480291572e-01
33                                     8.5656937611959538e-01
34                                     8.5072365669487193e-01
35                                     8.5141811108950416e-01
36                                     8.5022220273833704e-01
37                                     8.5657026305066264e-01
38                                     8.5063458356086952e-01
39                                     8.5809173848928100e-01
40                                     8.5759477485153734e-01
41                                     8.5668488644227214e-01
   &ZA [&Type "ArrayOfDoubles", &Dim (42,1)] "Total nuclear charge"
                                                         0

0                                      6.0000000000000000e+00
1                                      6.0000000000000000e+00
2                                      6.0000000000000000e+00
3                                      6.0000000000000000e+00
4                                      6.0000000000000000e+00
5                                      6.0000000000000000e+00
6                                      6.0000000000000000e+00
7                                      6.0000000000000000e+00
8                                      6.0000000000000000e+00
9                                      6.0000000000000000e+00
10                                     6.0000000000000000e+00
11                                     6.0000000000000000e+00
12                                     6.0000000000000000e+00
13                                     6.0000000000000000e+00
14                                     6.0000000000000000e+00
15                                     6.0000000000000000e+00
16                                     6.0000000000000000e+00
17                                     6.0000000000000000e+00
18                                     6.0000000000000000e+00
19                                     6.0000000000000000e+00
20                                     6.0000000000000000e+00
21                                     6.0000000000000000e+00
22                                     6.0000000000000000e+00
23                                     6.0000000000000000e+00
24                                     6.0000000000000000e+00
25                                     6.0000000000000000e+00
26                                     1.0000000000000000e+00
27                                     1.0000000000000000e+00
28                                     1.0000000000000000e+00
29                                     1.0000000000000000e+00
30                                     1.0000000000000000e+00
31                                     1.0000000000000000e+00
32                                     1.0000000000000000e+00
33                                     1.0000000000000000e+00
34                                     1.0000000000000000e+00
35                                     1.0000000000000000e+00
36                                     1.0000000000000000e+00
37                                     1.0000000000000000e+00
38                                     1.0000000000000000e+00
39                                     1.0000000000000000e+00
40                                     1.0000000000000000e+00
41                                     1.0000000000000000e+00
   &QA [&Type "ArrayOfDoubles", &Dim (42,1)] "Mulliken gross atomic charge"
                                                         0

0                                     -1.4898975528608016e-01
1                                     -1.3653073262051230e-01
2                                     -2.1701350985535406e-01
3                                      1.4979992982199875e-01
4                                      3.8144303892272191e-02
5                                     -1.9917068299136620e-01
6                                      7.8581706151968689e-02
7                                     -2.1329414286900050e-01
8                                     -2.1350850208021743e-01
9                                      6.2074555332348069e-02
10                                     6.2079064924576599e-02
11                                     4.5190358539791475e-02
12                                    -1.9755837019869027e-01
13                                    -2.1578852198344833e-01
14                                    -2.1351125739399901e-01
15                                    -2.1329204809006530e-01
16                                     7.8584494164265273e-02
17                                     4.5202335589125120e-02
18                                    -1.9756072511694445e-01
19                                    -2.1578106701186783e-01
20                                     1.4979805118791401e-01
21                                     3.8134886220531072e-02
22                                    -1.9916883260317420e-01
23                                    -1.4899102616000093e-01
24                                    -1.3653072650955167e-01
25                                    -2.1701602395238773e-01
26                                     1.4190839196868743e-01
27                                     1.4240532120637550e-01
28                                     1.4331490205791375e-01
29                                     1.4936326958782942e-01
30                                     1.4858144913551830e-01
31                                     1.4927458278141537e-01
32                                     1.4977791519708428e-01
33                                     1.4343062388040462e-01
34                                     1.4927634330512807e-01
35                                     1.4858188891049584e-01
36                                     1.4977779726166296e-01
37                                     1.4342973694933736e-01
38                                     1.4936541643913048e-01
39                                     1.4190826151071900e-01
40                                     1.4240522514846266e-01
41                                     1.4331511355772786e-01
   &VA [&Type "ArrayOfDoubles", &Dim (42,1)] "Mayer's total valence"
                                                         0

0                                      3.9251909306586641e+00
1                                      3.9089359048090833e+00
2                                      3.9020188991911295e+00
3                                      3.9692709472254553e+00
4                                      3.9926383008162523e+00
5                                      3.8839544094277905e+00
6                                      3.9244328775573871e+00
7                                      3.8638345262965470e+00
8                                      3.8653057145953249e+00
9                                      3.9405228244422190e+00
10                                     3.9405157395032782e+00
11                                     3.9465967159662356e+00
12                                     3.8553204008468178e+00
13                                     3.8754533621507079e+00
14                                     3.8653176708049850e+00
15                                     3.8638430989033319e+00
16                                     3.9244179818445266e+00
17                                     3.9465916713607889e+00
18                                     3.8553186988992372e+00
19                                     3.8754522188412106e+00
20                                     3.9692787856464178e+00
21                                     3.9926306959784004e+00
22                                     3.8839566047517864e+00
23                                     3.9251945516396813e+00
24                                     3.9089318976651350e+00
25                                     3.9020165199880235e+00
26                                     9.3658691297767360e-01
27                                     9.3613307675638802e-01
28                                     9.3606288256364278e-01
29                                     9.3533857109221130e-01
30                                     9.3835099917122067e-01
31                                     9.3808015394464683e-01
32                                     9.3708641209258303e-01
33                                     9.3796911450738651e-01
34                                     9.3808033275731939e-01
35                                     9.3835159819827751e-01
36                                     9.3708613035231525e-01
37                                     9.3796958361247440e-01
38                                     9.3533801503079061e-01
39                                     9.3658681711930902e-01
40                                     9.3613328982604371e-01
41                                     9.3606301699175010e-01
   &BVA [&Type "ArrayOfDoubles", &Dim (42,1)] "Mayer's bonded valence"
                                                         0

0                                      3.9251909306586237e+00
1                                      3.9089359048090757e+00
2                                      3.9020188991911393e+00
3                                      3.9692709472254908e+00
4                                      3.9926383008162261e+00
5                                      3.8839544094277971e+00
6                                      3.9244328775573671e+00
7                                      3.8638345262965053e+00
8                                      3.8653057145953276e+00
9                                      3.9405228244422741e+00
10                                     3.9405157395032622e+00
11                                     3.9465967159662365e+00
12                                     3.8553204008468214e+00
13                                     3.8754533621507319e+00
14                                     3.8653176708049664e+00
15                                     3.8638430989033150e+00
16                                     3.9244179818445426e+00
17                                     3.9465916713608045e+00
18                                     3.8553186988991870e+00
19                                     3.8754522188411751e+00
20                                     3.9692787856464360e+00
21                                     3.9926306959783480e+00
22                                     3.8839566047517673e+00
23                                     3.9251945516397031e+00
24                                     3.9089318976651688e+00
25                                     3.9020165199880279e+00
26                                     9.3658691297766761e-01
27                                     9.3613307675637891e-01
28                                     9.3606288256364301e-01
29                                     9.3533857109220886e-01
30                                     9.3835099917121489e-01
31                                     9.3808015394464039e-01
32                                     9.3708641209257559e-01
33                                     9.3796911450740283e-01
34                                     9.3808033275730807e-01
35                                     9.3835159819827285e-01
36                                     9.3708613035231569e-01
37                                     9.3796958361246352e-01
38                                     9.3533801503079139e-01
39                                     9.3658681711930925e-01
40                                     9.3613328982605015e-01
41                                     9.3606301699174277e-01
   &FA [&Type "ArrayOfDoubles", &Dim (42,1)] "Mayer's free valence"
                                                         0

0                                      0.0000000000000000e+00
1                                      0.0000000000000000e+00
2                                      0.0000000000000000e+00
3                                      0.0000000000000000e+00
4                                      0.0000000000000000e+00
5                                      0.0000000000000000e+00
6                                      0.0000000000000000e+00
7                                      0.0000000000000000e+00
8                                      0.0000000000000000e+00
9                                      0.0000000000000000e+00
10                                     0.0000000000000000e+00
11                                     0.0000000000000000e+00
12                                     0.0000000000000000e+00
13                                     0.0000000000000000e+00
14                                     0.0000000000000000e+00
15                                     0.0000000000000000e+00
16                                     0.0000000000000000e+00
17                                     0.0000000000000000e+00
18                                     0.0000000000000000e+00
19                                     0.0000000000000000e+00
20                                     0.0000000000000000e+00
21                                     0.0000000000000000e+00
22                                     0.0000000000000000e+00
23                                     0.0000000000000000e+00
24                                     0.0000000000000000e+00
25                                     0.0000000000000000e+00
26                                     0.0000000000000000e+00
27                                     0.0000000000000000e+00
28                                     0.0000000000000000e+00
29                                     0.0000000000000000e+00
30                                     0.0000000000000000e+00
31                                     0.0000000000000000e+00
32                                     0.0000000000000000e+00
33                                     0.0000000000000000e+00
34                                     0.0000000000000000e+00
35                                     0.0000000000000000e+00
36                                     0.0000000000000000e+00
37                                     0.0000000000000000e+00
38                                     0.0000000000000000e+00
39                                     0.0000000000000000e+00
40                                     0.0000000000000000e+00
41                                     0.0000000000000000e+00
   &Method [&Type "String"] "SCF"
   &Level [&Type "String"] "Relaxed density"
   &Mult [&Type "Integer"] 1
   &State [&Type "Integer"] -1
   &Irrep [&Type "Integer"] 0
$End
$SCF_Energy
   &GeometryIndex 1
   &Method [&Type "String"] "SCF"
   &totalEnergy [&Type "ArrayOfDoubles", &Dim (1,1)] "Total energy of each state"
                                                         0

0                                     -9.9982147988542579e+02
   &Mult [&Type "ArrayOfIntegers", &Dim (1,1)] "Multiplicity of each state"
                                                         0

0                                                        1
$End
$DFT_Energy
   &GeometryIndex 1
   &nAlphaEl [&Type "Integer"] 85
   &nBetaEl [&Type "Integer"] 85
   &nTotalEl [&Type "Integer"] 171
   &finalEn [&Type "Double"]      -9.9982147988542579e+02  "No Van der Waals correction"
   &eExchange [&Type "Double"]      -1.1169859052385041e+02
   &eCorr [&Type "Double"]      -6.8507138390259943e+00
   &eXC [&Type "Double"]      -1.1854930436287641e+02
   &eCNL [&Type "Double"]       0.0000000000000000e+00
$End
$Solvation_Details
   &GeometryIndex 1
   &Solvent [&Type "String"] "TOLUENE"
   &Epsilon [&Type "Double"]       2.3870000000000000e+00
   &Refrac [&Type "Double"]       1.4961000000000000e+00
   &RSolv [&Type "Double"]       1.3000000000000000e+00
   &SurfaceType [&Type "String"] "GAUSSIAN VDW"
   &CPCMDielEnergy [&Type "Double"]      -7.4762250000000004e-03
   &NPoints [&Type "Integer"] 3770
   &SurfaceArea [&Type "Double"]       1.2713239337350001e+03
$End
$SCF_Timings
   &GeometryIndex 1
   &TOTAL [&Type "Double"]       5.5687356999999999e+01
   &PREP [&Type "Double"]       1.1207119999999999e+00
   &FOCK [&Type "Double"]       5.2908873999999997e+01
   &DENS [&Type "Double"]       1.1922999999998751e-01
   &ETOT [&Type "Double"]       6.5083000000002222e-02
   &POP [&Type "Double"]       5.6592000000001974e-02
   &TRAFO [&Type "Double"]       8.4904000000001645e-02
   &DIIS [&Type "Double"]       3.5808499999999910e-01
   &SOSCF [&Type "Double"]       4.1941999999999702e-01
   &XC [&Type "Double"]       5.1032090000000023e+00
   &FOCKSTART [&Type "Double"]       1.3949000000002654e-02
   &SOLV [&Type "Double"]       9.4185459999999868e+00
   &SOLV_INIT [&Type "Double"]       4.3208000000000002e-01
   &SOLV_FINAL [&Type "Double"]       1.0000000045806701e-06
   &INT_PREP [&Type "Double"]       9.0000000030343585e-06
   &INT_BF [&Type "Double"]       1.4236190000001017e+00
   &INT_DENS [&Type "Double"]       1.2186099999998721e+00
   &INT_DENSIO [&Type "Double"]       1.7304463638300027e+05
   &INT_FUNC [&Type "Double"]       1.6158899999990073e-01
   &INT_POT [&Type "Double"]       1.2446500000000436e+00
   &INT_POTIO [&Type "Double"]       3.9008999999952110e-02
   &INT_SUM [&Type "Double"]       1.1010000000055697e-03
   &SPLITRIJ [&Type "Double"]       5.6817820000000037e+00
   &COSX [&Type "Double"]       3.4136196999999996e+01
   &FROZCORE [&Type "Double"]       6.6810000000003811e-03
$End
$CIS_Absorption_Spectrum
   &GeometryIndex 1
   &Method [&Type "Integer"] 20
   &RelCorrection [&Type "Integer"] 1 "Type of relativistic treatment in QDPT. 0->Unknow, 1->None, 2->SOC, 3->SSC, 4->SOC/SSC"
   &DensType [&Type "Integer"] 3 "Type of density (electron/spin ...). 0->Unknow, 1->Electronic, 2->Spin, 3->Trans/Electronic, 4->Tran/Spin"
   &DeriType [&Type "Integer"] 0 "Type of derivative (w.r.t. to what perturbation). 0->Unknown, 1->No Derivative, 2->Electric/Dipole, 3->Electric/Quad, 4->Magnetic/Dipole, 5->Magnetic/Quad"
   &DensLevel [&Type "Integer"] 0 "// Source of density: relaxed, unrelaxed, ... 0->Unknown, 1->Linearized, 2->Unrelaxed, 3->Relaxed"
   &Density_name [&Type "String"] "Tdens-CIS"
   &Representation [&Type "String"] "Length" "Possible values: Unknown,  Length, Velocity"
   &PointGroup [&Type "String"] "C1"
   &DoHigherMoments [&Type "Boolean"] false
   &NTrans [&Type "Integer"] 8
   &ExcitationEnergies [&Type "ArrayOfDoubles", &Dim (8,11)] 
                                                         0                           1                           2                           3                           4                           5                           6                           7

0                                      3.5198031076547145e+00         2.8389129584274888e+04         3.5224750270396208e+02         2.6464311840558724e-02         3.0689097396293047e-01         3.7042002722894207e-01         0.0000000000000000e+00         3.6154804136984764e-01
1                                      3.6208508485330912e+00         2.9204134663324865e+04         3.4241726780414416e+02         3.9810118745252487e-01         4.4877093107085440e+00        -2.0686376943344871e+00         0.0000000000000000e+00        -4.5610328199627309e-01
2                                      3.9756085815410174e+00         3.2065449045223970e+04         3.1186215374362462e+02         8.6146732608567790e-12         8.8445770814302990e-11         7.5312119566430663e-06         0.0000000000000000e+00         5.2393422005194215e-06
3                                      4.0675389926443293e+00         3.2806917892692130e+04         3.0481376009501759e+02         7.4268152154065503e-11         7.4526851481760053e-10         1.8934060106057249e-05         0.0000000000000000e+00        -1.4747655729740322e-05
4                                      4.2264531892106367e+00         3.4088647461397428e+04         2.9335279468990876e+02         2.4190624165656587e+00         2.3362154484665947e+01         4.7201852454407636e+00         0.0000000000000000e+00        -4.0987362409396455e-01
5                                      4.2512200561538505e+00         3.4288405735807231e+04         2.9164377244746152e+02         1.0821590272507345e-08         1.0390091715317608e-07        -3.1789481128952080e-04         0.0000000000000000e+00         1.0177579478954507e-05
6                                      4.4043241351589488e+00         3.5523273541141069e+04         2.8150558783436890e+02         2.2716032786671331e-01         2.1052083992318700e+00         3.5110068223741009e-01         0.0000000000000000e+00         1.1807515203166314e+00
7                                      4.5819325406076752e+00         3.6955782088728542e+04         2.7059365097430816e+02         1.9184658545159526e-03         1.7090204660712448e-02         5.9792370964365259e-02         0.0000000000000000e+00         9.9389965515160619e-02
                                                         8                           9                          10

0                                      0.0000000000000000e+00         1.9739045359962887e-01         0.0000000000000000e+00
1                                      0.0000000000000000e+00        -2.0425387126563894e-02         0.0000000000000000e+00
2                                      0.0000000000000000e+00         2.0678275035108289e-06         0.0000000000000000e+00
3                                      0.0000000000000000e+00        -1.3010631544812471e-05         0.0000000000000000e+00
4                                      0.0000000000000000e+00        -9.5603835993193564e-01         0.0000000000000000e+00
5                                      0.0000000000000000e+00         5.2347139218161635e-05         0.0000000000000000e+00
6                                      0.0000000000000000e+00         7.6665674029141540e-01         0.0000000000000000e+00
7                                      0.0000000000000000e+00         6.0305155584471901e-02         0.0000000000000000e+00
   &States [&Type "ArrayOfIntegers", &Dim (8,4)] "The initial and Final states. Col1: Initial State  Col2: Initial Irrep Col3: Final State Col4: Final Irrep"
                                                         0                           1                           2                           3

0                                                        0                           0                           1                           0
1                                                        0                           0                           2                           0
2                                                        0                           0                           3                           0
3                                                        0                           0                           4                           0
4                                                        0                           0                           5                           0
5                                                        0                           0                           6                           0
6                                                        0                           0                           7                           0
7                                                        0                           0                           8                           0
   &Multiplicities [&Type "ArrayOfDoubles", &Dim (8,2)] "Col1: Multiplicity of the initial state  Col2: Multiplicity of the final state"
                                                         0                           1

0                                      1.0000000000000000e+00         1.0000000000000000e+00
1                                      1.0000000000000000e+00         1.0000000000000000e+00
2                                      1.0000000000000000e+00         1.0000000000000000e+00
3                                      1.0000000000000000e+00         1.0000000000000000e+00
4                                      1.0000000000000000e+00         1.0000000000000000e+00
5                                      1.0000000000000000e+00         1.0000000000000000e+00
6                                      1.0000000000000000e+00         1.0000000000000000e+00
7                                      1.0000000000000000e+00         1.0000000000000000e+00
   &Temperature [&Type "Double"]       2.9814999999999998e+02
$End
$CIS_Absorption_Spectrum
   &GeometryIndex 1
   &Method [&Type "Integer"] 20
   &RelCorrection [&Type "Integer"] 1 "Type of relativistic treatment in QDPT. 0->Unknow, 1->None, 2->SOC, 3->SSC, 4->SOC/SSC"
   &DensType [&Type "Integer"] 3 "Type of density (electron/spin ...). 0->Unknow, 1->Electronic, 2->Spin, 3->Trans/Electronic, 4->Tran/Spin"
   &DeriType [&Type "Integer"] 0 "Type of derivative (w.r.t. to what perturbation). 0->Unknown, 1->No Derivative, 2->Electric/Dipole, 3->Electric/Quad, 4->Magnetic/Dipole, 5->Magnetic/Quad"
   &DensLevel [&Type "Integer"] 0 "// Source of density: relaxed, unrelaxed, ... 0->Unknown, 1->Linearized, 2->Unrelaxed, 3->Relaxed"
   &Density_name [&Type "String"] "Tdens-CIS"
   &Representation [&Type "String"] "Velocity" "Possible values: Unknown,  Length, Velocity"
   &PointGroup [&Type "String"] "C1"
   &DoHigherMoments [&Type "Boolean"] false
   &NTrans [&Type "Integer"] 8
   &ExcitationEnergies [&Type "ArrayOfDoubles", &Dim (8,11)] 
                                                         0                           1                           2                           3                           4                           5                           6                           7

0                                      3.5198031076547145e+00         2.8389129584274888e+04         3.5224750270396208e+02         2.5086989496017295e-03         4.8675178853521391e-04        -2.1131388820059466e-02         0.0000000000000000e+00         3.4949263610075335e-03
1                                      3.6208508485330912e+00         2.9204134663324865e+04         3.4241726780414416e+02         1.2475518639844534e-01         2.4900604053617218e-02         1.5437660083720164e-01         0.0000000000000000e+00        -1.2117207785464424e-02
2                                      3.9756085815410174e+00         3.2065449045223970e+04         3.1186215374362462e+02         1.4478652150758550e-12         0.0000000000000000e+00        -4.8178441192760482e-07         0.0000000000000000e+00         4.4957657116857113e-08
3                                      4.0675389926443293e+00         3.2806917892692130e+04         3.0481376009501759e+02         2.4021119269218598e-11         5.3859907362063798e-12        -2.1869658105124061e-06         0.0000000000000000e+00        -7.7627946696921357e-07
4                                      4.2264531892106367e+00         3.4088647461397428e+04         2.9335279468990876e+02         1.0007235132722392e+00         2.3314752260193039e-01        -4.7950247770194332e-01         0.0000000000000000e+00        -2.5262234457243498e-02
5                                      4.2512200561538505e+00         3.4288405735807231e+04         2.9164377244746152e+02         4.3909694349898793e-09         1.0289982534287938e-09         3.1873516117691301e-05         0.0000000000000000e+00         6.6501363277243633e-07
6                                      4.4043241351589488e+00         3.5523273541141069e+04         2.8150558783436890e+02         1.2100996100132733e-02         2.9379272122900734e-03        -4.4902251369722208e-02         0.0000000000000000e+00         2.1622259171090598e-02
7                                      4.5819325406076752e+00         3.6955782088728542e+04         2.7059365097430816e+02         3.2427330317644324e-04         8.1903134693685775e-05        -8.2770621316174513e-03         0.0000000000000000e+00        -3.4342330844827321e-03
                                                         8                           9                          10

0                                      0.0000000000000000e+00         5.2916618185419170e-03         0.0000000000000000e+00
1                                      0.0000000000000000e+00        -3.0358564574966482e-02         0.0000000000000000e+00
2                                      0.0000000000000000e+00         2.8838218379961850e-07         0.0000000000000000e+00
3                                      0.0000000000000000e+00        -2.3695337477837338e-08         0.0000000000000000e+00
4                                      0.0000000000000000e+00         5.0859767890298169e-02         0.0000000000000000e+00
5                                      0.0000000000000000e+00        -3.5545717874722489e-06         0.0000000000000000e+00
6                                      0.0000000000000000e+00         2.1311802893198457e-02         0.0000000000000000e+00
7                                      0.0000000000000000e+00        -1.2646818906248195e-03         0.0000000000000000e+00
   &States [&Type "ArrayOfIntegers", &Dim (8,4)] "The initial and Final states. Col1: Initial State  Col2: Initial Irrep Col3: Final State Col4: Final Irrep"
                                                         0                           1                           2                           3

0                                                        0                           0                           1                           0
1                                                        0                           0                           2                           0
2                                                        0                           0                           3                           0
3                                                        0                           0                           4                           0
4                                                        0                           0                           5                           0
5                                                        0                           0                           6                           0
6                                                        0                           0                           7                           0
7                                                        0                           0                           8                           0
   &Multiplicities [&Type "ArrayOfDoubles", &Dim (8,2)] "Col1: Multiplicity of the initial state  Col2: Multiplicity of the final state"
                                                         0                           1

0                                      1.0000000000000000e+00         1.0000000000000000e+00
1                                      1.0000000000000000e+00         1.0000000000000000e+00
2                                      1.0000000000000000e+00         1.0000000000000000e+00
3                                      1.0000000000000000e+00         1.0000000000000000e+00
4                                      1.0000000000000000e+00         1.0000000000000000e+00
5                                      1.0000000000000000e+00         1.0000000000000000e+00
6                                      1.0000000000000000e+00         1.0000000000000000e+00
7                                      1.0000000000000000e+00         1.0000000000000000e+00
   &Temperature [&Type "Double"]       2.9814999999999998e+02
$End
$CIS_ECD_Spectrum
   &GeometryIndex 1
   &Method [&Type "Integer"] 20
   &RelCorrection [&Type "Integer"] 1 "Type of relativistic treatment in QDPT. 0->Unknow, 1->None, 2->SOC, 3->SSC, 4->SOC/SSC"
   &DensType [&Type "Integer"] 3 "Type of density (electron/spin ...). 0->Unknow, 1->Electronic, 2->Spin, 3->Trans/Electronic, 4->Tran/Spin"
   &DeriType [&Type "Integer"] 0 "Type of derivative (w.r.t. to what perturbation). 0->Unknown, 1->No Derivative, 2->Electric/Dipole, 3->Electric/Quad, 4->Magnetic/Dipole, 5->Magnetic/Quad"
   &DensLevel [&Type "Integer"] 0 "// Source of density: relaxed, unrelaxed, ... 0->Unknown, 1->Linearized, 2->Unrelaxed, 3->Relaxed"
   &Density_name [&Type "String"] "Tdens-CIS"
   &Representation [&Type "String"] "Length" "Possible values: Unknown,  Length, Velocity"
   &PointGroup [&Type "String"] "C1"
   &DoHigherMoments [&Type "Boolean"] false
   &NTrans [&Type "Integer"] 8
   &ExcitationEnergies [&Type "ArrayOfDoubles", &Dim (8,10)] 
                                                         0                           1                           2                           3                           4                           5                           6                           7

0                                      3.5198031076547145e+00         2.8389129584274888e+04         3.5224750270396208e+02         6.5657894051929344e-05        -5.4118497465621328e-08         0.0000000000000000e+00        -4.1427264863328221e-07         0.0000000000000000e+00
1                                      3.6208508485330912e+00         2.9204134663324865e+04         3.4241726780414416e+02        -7.1218355601026400e-04        -4.8179554049912910e-07         0.0000000000000000e+00        -1.1439164552832347e-06         0.0000000000000000e+00
2                                      3.9756085815410174e+00         3.2065449045223970e+04         3.1186215374362462e+02         2.7301899247856214e-06         1.6140965763375731e-03         0.0000000000000000e+00        -8.2359015149944467e-03         0.0000000000000000e+00
3                                      4.0675389926443293e+00         3.2806917892692130e+04         3.0481376009501759e+02         5.4035198315442463e-06         4.8424409489696242e-03         0.0000000000000000e+00        -2.2432219348994559e-02         0.0000000000000000e+00
4                                      4.2264531892106367e+00         3.4088647461397428e+04         2.9335279468990876e+02         7.0888870990319501e-04        -1.4973298138250843e-06         0.0000000000000000e+00         6.9720783751639641e-06         0.0000000000000000e+00
5                                      4.2512200561538505e+00         3.4288405735807231e+04         2.9164377244746152e+02        -2.3768093042615156e-06        -2.6453886875161235e-02         0.0000000000000000e+00         1.2801002814585488e-01         0.0000000000000000e+00
6                                      4.4043241351589488e+00         3.5523273541141069e+04         2.8150558783436890e+02        -3.6768728256424664e-04         7.5146849595164288e-07         0.0000000000000000e+00        -1.3574256833428014e-06         0.0000000000000000e+00
7                                      4.5819325406076752e+00         3.6955782088728542e+04         2.7059365097430816e+02        -7.5707780683713285e-05         9.5191944869652237e-07         0.0000000000000000e+00        -1.8826687121160141e-06         0.0000000000000000e+00
                                                         8                           9

0                                      1.5481107081767080e-07         0.0000000000000000e+00
1                                      3.8102914198251700e-07         0.0000000000000000e+00
2                                      1.2188425558524651e-02         0.0000000000000000e+00
3                                      3.3355121222042525e-02         0.0000000000000000e+00
4                                     -8.8089687839354308e-06         0.0000000000000000e+00
5                                     -1.8544173140092954e-01         0.0000000000000000e+00
6                                      2.7637500601623371e-06         0.0000000000000000e+00
7                                      4.8219030767449918e-06         0.0000000000000000e+00
   &States [&Type "ArrayOfIntegers", &Dim (8,4)] "The initial and Final states. Col1: Initial State  Col2: Initial Irrep Col3: Final State Col4: Final Irrep"
                                                         0                           1                           2                           3

0                                                        0                           0                           1                           0
1                                                        0                           0                           2                           0
2                                                        0                           0                           3                           0
3                                                        0                           0                           4                           0
4                                                        0                           0                           5                           0
5                                                        0                           0                           6                           0
6                                                        0                           0                           7                           0
7                                                        0                           0                           8                           0
   &Multiplicities [&Type "ArrayOfDoubles", &Dim (8,2)] "Col1: Multiplicity of the initial state  Col2: Multiplicity of the final state"
                                                         0                           1

0                                      1.0000000000000000e+00         1.0000000000000000e+00
1                                      1.0000000000000000e+00         1.0000000000000000e+00
2                                      1.0000000000000000e+00         1.0000000000000000e+00
3                                      1.0000000000000000e+00         1.0000000000000000e+00
4                                      1.0000000000000000e+00         1.0000000000000000e+00
5                                      1.0000000000000000e+00         1.0000000000000000e+00
6                                      1.0000000000000000e+00         1.0000000000000000e+00
7                                      1.0000000000000000e+00         1.0000000000000000e+00
   &Temperature [&Type "Double"]       2.9814999999999998e+02
$End
$CIS_ECD_Spectrum
   &GeometryIndex 1
   &Method [&Type "Integer"] 20
   &RelCorrection [&Type "Integer"] 1 "Type of relativistic treatment in QDPT. 0->Unknow, 1->None, 2->SOC, 3->SSC, 4->SOC/SSC"
   &DensType [&Type "Integer"] 3 "Type of density (electron/spin ...). 0->Unknow, 1->Electronic, 2->Spin, 3->Trans/Electronic, 4->Tran/Spin"
   &DeriType [&Type "Integer"] 0 "Type of derivative (w.r.t. to what perturbation). 0->Unknown, 1->No Derivative, 2->Electric/Dipole, 3->Electric/Quad, 4->Magnetic/Dipole, 5->Magnetic/Quad"
   &DensLevel [&Type "Integer"] 0 "// Source of density: relaxed, unrelaxed, ... 0->Unknown, 1->Linearized, 2->Unrelaxed, 3->Relaxed"
   &Density_name [&Type "String"] "Tdens-CIS"
   &Representation [&Type "String"] "Velocity" "Possible values: Unknown,  Length, Velocity"
   &PointGroup [&Type "String"] "C1"
   &DoHigherMoments [&Type "Boolean"] false
   &NTrans [&Type "Integer"] 8
   &ExcitationEnergies [&Type "ArrayOfDoubles", &Dim (8,10)] 
                                                         0                           1                           2                           3                           4                           5                           6                           7

0                                      3.5198031076547145e+00         2.8389129584274888e+04         3.5224750270396208e+02         1.8768832412379179e-06        -5.4118497465621328e-08         0.0000000000000000e+00        -4.1427264863328221e-07         0.0000000000000000e+00
1                                      3.6208508485330912e+00         2.9204134663324865e+04         3.4241726780414416e+02        -2.5539792333111619e-04        -4.8179554049912910e-07         0.0000000000000000e+00        -1.1439164552832347e-06         0.0000000000000000e+00
2                                      3.9756085815410174e+00         3.2065449045223970e+04         3.1186215374362462e+02         7.6380683681360854e-06         1.6140965763375731e-03         0.0000000000000000e+00        -8.2359015149944467e-03         0.0000000000000000e+00
3                                      4.0675389926443293e+00         3.2806917892692130e+04         3.0481376009501759e+02         1.9027974690062547e-05         4.8424409489696242e-03         0.0000000000000000e+00        -2.2432219348994559e-02         0.0000000000000000e+00
4                                      4.2264531892106367e+00         3.4088647461397428e+04         2.9335279468990876e+02         2.8478077578533348e-04        -1.4973298138250843e-06         0.0000000000000000e+00         6.9720783751639641e-06         0.0000000000000000e+00
5                                      4.2512200561538505e+00         3.4288405735807231e+04         2.9164377244746152e+02        -2.9840038850125882e-04        -2.6453886875161235e-02         0.0000000000000000e+00         1.2801002814585488e-01         0.0000000000000000e+00
6                                      4.4043241351589488e+00         3.5523273541141069e+04         2.8150558783436890e+02        -1.2212527299255493e-05         7.5146849595164288e-07         0.0000000000000000e+00        -1.3574256833428014e-06         0.0000000000000000e+00
7                                      4.5819325406076752e+00         3.6955782088728542e+04         2.7059365097430816e+02        -2.1031926848511500e-05         9.5191944869652237e-07         0.0000000000000000e+00        -1.8826687121160141e-06         0.0000000000000000e+00
                                                         8                           9

0                                      1.5481107081767080e-07         0.0000000000000000e+00
1                                      3.8102914198251700e-07         0.0000000000000000e+00
2                                      1.2188425558524651e-02         0.0000000000000000e+00
3                                      3.3355121222042525e-02         0.0000000000000000e+00
4                                     -8.8089687839354308e-06         0.0000000000000000e+00
5                                     -1.8544173140092954e-01         0.0000000000000000e+00
6                                      2.7637500601623371e-06         0.0000000000000000e+00
7                                      4.8219030767449918e-06         0.0000000000000000e+00
   &States [&Type "ArrayOfIntegers", &Dim (8,4)] "The initial and Final states. Col1: Initial State  Col2: Initial Irrep Col3: Final State Col4: Final Irrep"
                                                         0                           1                           2                           3

0                                                        0                           0                           1                           0
1                                                        0                           0                           2                           0
2                                                        0                           0                           3                           0
3                                                        0                           0                           4                           0
4                                                        0                           0                           5                           0
5                                                        0                           0                           6                           0
6                                                        0                           0                           7                           0
7                                                        0                           0                           8                           0
   &Multiplicities [&Type "ArrayOfDoubles", &Dim (8,2)] "Col1: Multiplicity of the initial state  Col2: Multiplicity of the final state"
                                                         0                           1

0                                      1.0000000000000000e+00         1.0000000000000000e+00
1                                      1.0000000000000000e+00         1.0000000000000000e+00
2                                      1.0000000000000000e+00         1.0000000000000000e+00
3                                      1.0000000000000000e+00         1.0000000000000000e+00
4                                      1.0000000000000000e+00         1.0000000000000000e+00
5                                      1.0000000000000000e+00         1.0000000000000000e+00
6                                      1.0000000000000000e+00         1.0000000000000000e+00
7                                      1.0000000000000000e+00         1.0000000000000000e+00
   &Temperature [&Type "Double"]       2.9814999999999998e+02
$End
$CIS_Energies
   &GeometryIndex 1
   &e0 [&Type "Double"]      -9.9982147988542579e+02  "Ground state energy"
   &multP1 [&Type "Boolean"] false "Do the higher multiplicity too?"
   &mode [&Type "String"] "TDA" "CIS mode: CIS, RPA, TDA, TD-DFT, sTDA, sTD-DFT"
   &dCorr [&Type "Integer"] 0 "(D) Correction algorithm"
   &Method [&Type "String"] "TDA/CIS"
   &totalEnergy [&Type "ArrayOfDoubles", &Dim (8,1)] "Total energy of each state"
                                                         0

0                                     -9.9969212949349924e+02
1                                     -9.9968841605712612e+02
2                                     -9.9967537894953796e+02
3                                     -9.9967200056888930e+02
4                                     -9.9966616057927058e+02
5                                     -9.9966525041360285e+02
6                                     -9.9965962394188864e+02
7                                     -9.9965309695269298e+02
   &Mult [&Type "ArrayOfIntegers", &Dim (8,1)] "Multiplicity of each state"
                                                         0

0                                                        1
1                                                        1
2                                                        1
3                                                        1
4                                                        1
5                                                        1
6                                                        1
7                                                        1
   &RelCorr [&Type "String"] "None" "Relativistic correction (SOC and/or SSC)"
   &NBlocks [&Type "Integer"] 1 "Number of multiplicity blocks"
   &NRoots [&Type "ArrayOfIntegers", &Dim (1,1)] "Number of roots in each block"
                                                         0

0                                                        8
   &NTotalRoots [&Type "Integer"] 8 "Total number of roots"
   &Block [&Type "ArrayOfIntegers", &Dim (8,1)] "Block index of each state"
                                                         0

0                                                        0
1                                                        0
2                                                        0
3                                                        0
4                                                        0
5                                                        0
6                                                        0
7                                                        0
   &Root [&Type "ArrayOfIntegers", &Dim (8,1)] "Root index within the block"
                                                         0

0                                                        0
1                                                        1
2                                                        2
3                                                        3
4                                                        4
5                                                        5
6                                                        6
7                                                        7
$End
$Single_Point_Data
   &GeometryIndex 1
   &FinalEnergy [&Type "Double"]      -9.9969212949349924e+02  "Final single point energy"
   &Converged [&Type "Boolean"] true
$End
$Calculation_Info
   &GeometryIndex 1
   &Mult [&Type "Integer"] 1
   &Charge [&Type "Integer"] 0
   &NumOfAtoms [&Type "Integer"] 42
   &NumOfElectrons [&Type "Integer"] 172
   &NumOfBasisFuncts [&Type "Integer"] 396
   &NumOfAuxCBasisFuncts [&Type "Integer"] 0
   &NumOfAuxJBasisFuncts [&Type "Integer"] 1450
   &NumOfAuxJKBasisFuncts [&Type "Integer"] 0
   &NumOfCABSBasisFuncts [&Type "Integer"] 0
$End
$SCF_Dipole_Moment
   &GeometryIndex 1
   &dipoleMagnitude [&Type "Double", &Units "a.u."]       1.2644267222142446e-05
   &dipoleElecContrib [&Type "ArrayOfDoubles", &Dim (3,1)] "Electronic contribution"
                                                         0

0                                      3.3244576012059213e-06
1                                      1.1611030207248074e-05
2                                      5.8340676345192133e-06
   &dipoleNucContrib [&Type "ArrayOfDoubles", &Dim (3,1)] "Nuclear contribution"
                                                         0

0                                      9.2335221690831304e-06
1                                     -1.0499982974199185e-05
2                                     -6.8037127860520741e-06
   &dipoleTotal [&Type "ArrayOfDoubles", &Dim (3,1)] "Total"
                                                         0

0                                      1.2557979770289052e-05
1                                      1.1110472330488896e-06
2                                     -9.6964515153286079e-07
   &doAtomicDipole [&Type "Boolean"] false
   &Method [&Type "String"] "SCF"
   &Level [&Type "String"] "Relaxed density"
   &Mult [&Type "Integer"] 1
   &State [&Type "Integer"] -1
   &Irrep [&Type "Integer"] 0
$End
$Calculation_Timings
   &GeometryIndex 1
   &GTOINT [&Type "Double"]       6.0338430000000001e+00
   &SCF [&Type "Double"]       6.3549188999999998e+01
   &CIS [&Type "Double"]       4.4951318999999998e+01
   &PROPINT [&Type "Double"]       3.2386959999999902e+00
   &PROP [&Type "Double"]       3.1810310000000044e+00
   &SUM [&Type "Double"]       1.2095407800000000e+02
$End
