*************************************************
******************* ORCA 6.1.1 ******************
*************************************************
$Calculation_Status
   &GeometryIndex 1
   &version [&Type "String"] "6.1.1"
   &progName [&Type "String"] "ProgCIS"
   &Status [&Type "String"] "NORMAL TERMINATION"
$End
$Geometry
   &GeometryIndex 1
   &NAtoms [&Type "Integer"] 44
   &NCorelessECP [&Type "Integer"] 0
   &NGhostAtoms [&Type "Integer"] 0
   &CartesianCoordinates [&Type "Coordinates", &Dim(44,4), &Units "Bohr"] 
              C    -11.329806841831   -0.417425204438    3.040559406905
              C     -9.496424043142    0.476896975372    0.983905050388
              C     -9.385386748115   -1.337845743967   -1.274603305150
              C     -7.630267399933   -0.481790888939   -3.421609354654
              N     -4.972127101639   -0.324112403515   -2.686551301419
              C     -3.681412687205    1.933303563337   -2.171690488398
              O     -4.602199641392    4.053248297659   -2.239316513173
              C     -1.046775096624    1.201476072125   -1.561581407106
              C     -0.852434948632   -1.392603662795   -1.744293986692
              C     -3.356693096162   -2.412271048037   -2.478504888937
              O     -3.959459760253   -4.613598465995   -2.854213553481
              C      1.412250520659   -2.723792530017   -1.286183252633
              N      1.451018513277   -5.267379302694   -1.511242506365
              C      3.544604430124   -1.196258368421   -0.594971505631
              C      3.342454605457    1.500738701356   -0.404443790102
              C      1.000227515123    2.776804065362   -0.898147762759
              N      0.659603039537    5.304145490735   -0.765514749289
              C      5.560547450551    3.034869438704    0.310618985985
              O      5.455804811892    5.372731768376    0.490020278904
              C      7.990355129696    1.732511202914    0.831335679654
              C      8.188226217744   -0.907095353222    0.644843123876
              C      5.973030991140   -2.469414799140   -0.078656925714
              O      6.217679132780   -4.798803149134   -0.229860988267
              C     10.503734139778   -2.093289445354    1.146019067987
              C     12.599136152672   -0.657633343433    1.826637320807
              C     12.401681647843    1.977505221557    2.012473357546
              C     10.109514371840    3.167274781513    1.517264994534
              H    -10.782726785780   -2.277340314371    3.776008596632
              H    -11.371422836815    0.903310840104    4.635448993510
              H    -13.262103922615   -0.579562637542    2.305785342965
              H    -10.047203417266    2.366527065851    0.323411673955
              H     -7.599682014541    0.686407233972    1.799659478565
              H     -8.799872891101   -3.226554600241   -0.646829531970
              H    -11.285968880560   -1.553223181840   -2.086008489487
              H     -8.153005855255    1.402508603710   -4.093814783852
              H     -7.754245862529   -1.804689341104   -5.007338701587
              H     -0.163728817356   -6.157837648356   -2.017571444347
              H      3.096507686839   -6.181908704683   -1.172672437317
              H     -1.075379600854    6.007305369212   -1.155495795146
              H      2.154160045514    6.396042159831   -0.283332004935
              H     10.607749619065   -4.134534296289    0.988382348768
              H     14.391359563125   -1.582518182907    2.214273079986
              H     14.040877104863    3.094737991375    2.543988878407
              H      9.907805522287    5.203137773372    1.647299835832
$End
$SCF_Mulliken_Population_Analysis
   &GeometryIndex 1
   &NAtoms [&Type "Integer"] 44
   &ATNO [&Type "ArrayOfIntegers", &Dim (44,1)] 
                                                         0

0                                                        6
1                                                        6
2                                                        6
3                                                        6
4                                                        7
5                                                        6
6                                                        8
7                                                        6
8                                                        6
9                                                        6
10                                                       8
11                                                       6
12                                                       7
13                                                       6
14                                                       6
15                                                       6
16                                                       7
17                                                       6
18                                                       8
19                                                       6
20                                                       6
21                                                       6
22                                                       8
23                                                       6
24                                                       6
25                                                       6
26                                                       6
27                                                       1
28                                                       1
29                                                       1
30                                                       1
31                                                       1
32                                                       1
33                                                       1
34                                                       1
35                                                       1
36                                                       1
37                                                       1
38                                                       1
39                                                       1
40                                                       1
41                                                       1
42                                                       1
43                                                       1
   &AtomicCharges [&Type "ArrayOfDoubles", &Dim (44,1)] 
                                                         0

0                                     -4.5057939165747030e-01
1                                     -2.5382368530037702e-01
2                                     -2.6348003930644470e-01
3                                     -1.6201453582918290e-01
4                                     -4.9670653944932930e-01
5                                      5.2728783950257618e-01
6                                     -4.4796467347260993e-01
7                                     -4.3182427781414567e-02
8                                     -3.9621552606141641e-02
9                                      5.2549473012278192e-01
10                                    -4.4936882487259489e-01
11                                     2.6681161826895305e-01
12                                    -8.2810958862387007e-01
13                                    -4.6575453750330453e-03
14                                    -4.5206620764135508e-03
15                                     2.6723221396576502e-01
16                                    -8.2802079304398024e-01
17                                     3.0218509385311076e-01
18                                    -4.7423378246166337e-01
19                                     4.4005839611565456e-02
20                                     4.4021001849817054e-02
21                                     3.0228554565160870e-01
22                                    -4.7417711814770769e-01
23                                    -1.8250355371366389e-01
24                                    -1.3834299616987256e-01
25                                    -1.3835645655112394e-01
26                                    -1.8258223146977492e-01
27                                     1.4712054858431212e-01
28                                     1.4919965120541379e-01
29                                     1.4608205543799091e-01
30                                     1.4215873379928434e-01
31                                     1.3936557973050656e-01
32                                     1.5461151479320034e-01
33                                     1.4748809969311028e-01
34                                     1.8187328689259918e-01
35                                     1.7872684121953419e-01
36                                     3.7086851400886556e-01
37                                     3.8620814523048863e-01
38                                     3.7094874980224102e-01
39                                     3.8623535910708306e-01
40                                     1.7555158850806674e-01
41                                     1.6544027863529864e-01
42                                     1.6548182862532435e-01
43                                     1.7556173980902068e-01
   &Method [&Type "String"] "SCF"
   &Level [&Type "String"] "Relaxed density"
   &Mult [&Type "Integer"] 1
   &State [&Type "Integer"] -1
   &Irrep [&Type "Integer"] 0
$End
$SCF_Loewdin_Population_Analysis
   &GeometryIndex 1
   &NAtoms [&Type "Integer"] 44
   &ATNO [&Type "ArrayOfIntegers", &Dim (44,1)] 
                                                         0

0                                                        6
1                                                        6
2                                                        6
3                                                        6
4                                                        7
5                                                        6
6                                                        8
7                                                        6
8                                                        6
9                                                        6
10                                                       8
11                                                       6
12                                                       7
13                                                       6
14                                                       6
15                                                       6
16                                                       7
17                                                       6
18                                                       8
19                                                       6
20                                                       6
21                                                       6
22                                                       8
23                                                       6
24                                                       6
25                                                       6
26                                                       6
27                                                       1
28                                                       1
29                                                       1
30                                                       1
31                                                       1
32                                                       1
33                                                       1
34                                                       1
35                                                       1
36                                                       1
37                                                       1
38                                                       1
39                                                       1
40                                                       1
41                                                       1
42                                                       1
43                                                       1
   &AtomicCharges [&Type "ArrayOfDoubles", &Dim (44,1)] 
                                                         0

0                                     -3.6986511589570004e-01
1                                     -2.3958284384734174e-01
2                                     -2.3998506880696535e-01
3                                     -1.5614776299735311e-01
4                                     -5.9306876727627689e-02
5                                      1.4773807884660872e-01
6                                     -2.4388904361901709e-01
7                                     -5.5657160579482223e-02
8                                     -5.5097739960032754e-02
9                                      1.4887191385826704e-01
10                                    -2.4483269231227034e-01
11                                     6.3961079727635983e-02
12                                    -3.6043181107172462e-01
13                                    -7.2423067080737091e-02
14                                    -7.2543157740637021e-02
15                                     6.4095597278750027e-02
16                                    -3.6034453110138287e-01
17                                     1.3417688234098879e-01
18                                    -2.5464524507855835e-01
19                                    -4.4425699607775648e-02
20                                    -4.4450811698783177e-02
21                                     1.3419259581900711e-01
22                                    -2.5460810089385255e-01
23                                    -1.0109076325845123e-01
24                                    -1.1465386752625761e-01
25                                    -1.1467459760414833e-01
26                                    -1.0110270959125067e-01
27                                     1.2559709332474134e-01
28                                     1.2840252310614941e-01
29                                     1.2475992831443472e-01
30                                     1.2360740668802106e-01
31                                     1.2158799976780144e-01
32                                     1.3001332749688366e-01
33                                     1.3082960510452413e-01
34                                     1.4776918944750583e-01
35                                     1.4517205915728992e-01
36                                     2.6773627429197555e-01
37                                     2.7353488145608384e-01
38                                     2.6774013923015461e-01
39                                     2.7354995497038392e-01
40                                     1.5549015955755807e-01
41                                     1.4771359620653013e-01
42                                     1.4773540700022436e-01
43                                     1.5548297400756006e-01
   &Method [&Type "String"] "SCF"
   &Level [&Type "String"] "Relaxed density"
   &Mult [&Type "Integer"] 1
   &State [&Type "Integer"] -1
   &Irrep [&Type "Integer"] 0
$End
$SCF_Mayer_Population_Analysis
   &GeometryIndex 1
   &NAtoms [&Type "Integer"] 44 "Total number of atoms"
   &NBondOrdersPrint [&Type "Integer"] 47 "The number of bond orders larger than threshold"
   &bondThresh [&Type "Double"]       1.0000000000000001e-01  "The threshold for printing"
   &components [&Type "ArrayOfIntegers", &Dim (47,4)] "The indices and atomic numbers of the bonding atoms"
                                                         0                           1                           2                           3

0                                                        0                           6                           1                           6
1                                                        0                           6                          27                           1
2                                                        0                           6                          28                           1
3                                                        0                           6                          29                           1
4                                                        1                           6                           2                           6
5                                                        1                           6                          30                           1
6                                                        1                           6                          31                           1
7                                                        2                           6                           3                           6
8                                                        2                           6                          32                           1
9                                                        2                           6                          33                           1
10                                                       3                           6                           4                           7
11                                                       3                           6                          34                           1
12                                                       3                           6                          35                           1
13                                                       4                           7                           5                           6
14                                                       4                           7                           9                           6
15                                                       5                           6                           6                           8
16                                                       5                           6                           7                           6
17                                                       7                           6                           8                           6
18                                                       7                           6                          15                           6
19                                                       8                           6                           9                           6
20                                                       8                           6                          11                           6
21                                                       9                           6                          10                           8
22                                                      11                           6                          12                           7
23                                                      11                           6                          13                           6
24                                                      12                           7                          36                           1
25                                                      12                           7                          37                           1
26                                                      13                           6                          14                           6
27                                                      13                           6                          21                           6
28                                                      14                           6                          15                           6
29                                                      14                           6                          17                           6
30                                                      15                           6                          16                           7
31                                                      16                           7                          38                           1
32                                                      16                           7                          39                           1
33                                                      17                           6                          18                           8
34                                                      17                           6                          19                           6
35                                                      19                           6                          20                           6
36                                                      19                           6                          26                           6
37                                                      20                           6                          21                           6
38                                                      20                           6                          23                           6
39                                                      21                           6                          22                           8
40                                                      23                           6                          24                           6
41                                                      23                           6                          40                           1
42                                                      24                           6                          25                           6
43                                                      24                           6                          41                           1
44                                                      25                           6                          26                           6
45                                                      25                           6                          42                           1
46                                                      26                           6                          43                           1
   &BondOrders [&Type "ArrayOfDoubles", &Dim (47,1)] "The bond orders"
                                                         0

0                                      1.0175149096878238e+00
1                                      9.5548266721768482e-01
2                                      9.5609626987936669e-01
3                                      9.5619374631977605e-01
4                                      1.0141491838267316e+00
5                                      9.4651963041841491e-01
6                                      9.4551447252203236e-01
7                                      9.9877578575984827e-01
8                                      9.3862202022120989e-01
9                                      9.3895254115888305e-01
10                                     9.0224835075343612e-01
11                                     9.2542208860225061e-01
12                                     9.3177788969013209e-01
13                                     1.0122813535539392e+00
14                                     1.0131577077328977e+00
15                                     1.8634135387886515e+00
16                                     9.5733335115145723e-01
17                                     1.4541875060208549e+00
18                                     1.2423512258193032e+00
19                                     9.6046805451465234e-01
20                                     1.2419108912618244e+00
21                                     1.8653001648998306e+00
22                                     1.1654049033223677e+00
23                                     1.2562536057754501e+00
24                                     7.8598354762576017e-01
25                                     7.4719267224452302e-01
26                                     1.2970420441896284e+00
27                                     1.0122052470525384e+00
28                                     1.2566661256914093e+00
29                                     1.0121682042507041e+00
30                                     1.1657316811367988e+00
31                                     7.8578909414219145e-01
32                                     7.4716882869982726e-01
33                                     1.7767322307288183e+00
34                                     9.8816223551758320e-01
35                                     1.3813075064333149e+00
36                                     1.3852156312830788e+00
37                                     9.8822862608074113e-01
38                                     1.3851806542064877e+00
39                                     1.7768125392466025e+00
40                                     1.4328350800822058e+00
41                                     9.1127879420429303e-01
42                                     1.4105348707966157e+00
43                                     9.3096800980526362e-01
44                                     1.4328494554372389e+00
45                                     9.3095495894881997e-01
46                                     9.1127439127910959e-01
   &ATNO [&Type "ArrayOfIntegers", &Dim (44,1)] "Atomic number of the elements"
                                                         0

0                                                        6
1                                                        6
2                                                        6
3                                                        6
4                                                        7
5                                                        6
6                                                        8
7                                                        6
8                                                        6
9                                                        6
10                                                       8
11                                                       6
12                                                       7
13                                                       6
14                                                       6
15                                                       6
16                                                       7
17                                                       6
18                                                       8
19                                                       6
20                                                       6
21                                                       6
22                                                       8
23                                                       6
24                                                       6
25                                                       6
26                                                       6
27                                                       1
28                                                       1
29                                                       1
30                                                       1
31                                                       1
32                                                       1
33                                                       1
34                                                       1
35                                                       1
36                                                       1
37                                                       1
38                                                       1
39                                                       1
40                                                       1
41                                                       1
42                                                       1
43                                                       1
   &NA [&Type "ArrayOfDoubles", &Dim (44,1)] "Mulliken gross atomic population"
                                                         0

0                                      6.4505793916574721e+00
1                                      6.2538236853003779e+00
2                                      6.2634800393064447e+00
3                                      6.1620145358291847e+00
4                                      7.4967065394493257e+00
5                                      5.4727121604974229e+00
6                                      8.4479646734726117e+00
7                                      6.0431824277814181e+00
8                                      6.0396215526061461e+00
9                                      5.4745052698772136e+00
10                                     8.4493688248725931e+00
11                                     5.7331883817310425e+00
12                                     7.8281095886238727e+00
13                                     6.0046575453750339e+00
14                                     6.0045206620764136e+00
15                                     5.7327677860342359e+00
16                                     7.8280207930439829e+00
17                                     5.6978149061468937e+00
18                                     8.4742337824616616e+00
19                                     5.9559941603884301e+00
20                                     5.9559789981501821e+00
21                                     5.6977144543483904e+00
22                                     8.4741771181477095e+00
23                                     6.1825035537136639e+00
24                                     6.1383429961698717e+00
25                                     6.1383564565511231e+00
26                                     6.1825822314697776e+00
27                                     8.5287945141568799e-01
28                                     8.5080034879458577e-01
29                                     8.5391794456200931e-01
30                                     8.5784126620071555e-01
31                                     8.6063442026949311e-01
32                                     8.4538848520679943e-01
33                                     8.5251190030688961e-01
34                                     8.1812671310740082e-01
35                                     8.2127315878046581e-01
36                                     6.2913148599113433e-01
37                                     6.1379185476951137e-01
38                                     6.2905125019775898e-01
39                                     6.1376464089291682e-01
40                                     8.2444841149193304e-01
41                                     8.3455972136470113e-01
42                                     8.3451817137467577e-01
43                                     8.2443826019097932e-01
   &ZA [&Type "ArrayOfDoubles", &Dim (44,1)] "Total nuclear charge"
                                                         0

0                                      6.0000000000000000e+00
1                                      6.0000000000000000e+00
2                                      6.0000000000000000e+00
3                                      6.0000000000000000e+00
4                                      7.0000000000000000e+00
5                                      6.0000000000000000e+00
6                                      8.0000000000000000e+00
7                                      6.0000000000000000e+00
8                                      6.0000000000000000e+00
9                                      6.0000000000000000e+00
10                                     8.0000000000000000e+00
11                                     6.0000000000000000e+00
12                                     7.0000000000000000e+00
13                                     6.0000000000000000e+00
14                                     6.0000000000000000e+00
15                                     6.0000000000000000e+00
16                                     7.0000000000000000e+00
17                                     6.0000000000000000e+00
18                                     8.0000000000000000e+00
19                                     6.0000000000000000e+00
20                                     6.0000000000000000e+00
21                                     6.0000000000000000e+00
22                                     8.0000000000000000e+00
23                                     6.0000000000000000e+00
24                                     6.0000000000000000e+00
25                                     6.0000000000000000e+00
26                                     6.0000000000000000e+00
27                                     1.0000000000000000e+00
28                                     1.0000000000000000e+00
29                                     1.0000000000000000e+00
30                                     1.0000000000000000e+00
31                                     1.0000000000000000e+00
32                                     1.0000000000000000e+00
33                                     1.0000000000000000e+00
34                                     1.0000000000000000e+00
35                                     1.0000000000000000e+00
36                                     1.0000000000000000e+00
37                                     1.0000000000000000e+00
38                                     1.0000000000000000e+00
39                                     1.0000000000000000e+00
40                                     1.0000000000000000e+00
41                                     1.0000000000000000e+00
42                                     1.0000000000000000e+00
43                                     1.0000000000000000e+00
   &QA [&Type "ArrayOfDoubles", &Dim (44,1)] "Mulliken gross atomic charge"
                                                         0

0                                     -4.5057939165747207e-01
1                                     -2.5382368530037791e-01
2                                     -2.6348003930644470e-01
3                                     -1.6201453582918468e-01
4                                     -4.9670653944932575e-01
5                                      5.2728783950257707e-01
6                                     -4.4796467347261171e-01
7                                     -4.3182427781418120e-02
8                                     -3.9621552606146082e-02
9                                      5.2549473012278636e-01
10                                    -4.4936882487259311e-01
11                                     2.6681161826895750e-01
12                                    -8.2810958862387274e-01
13                                    -4.6575453750339335e-03
14                                    -4.5206620764135508e-03
15                                     2.6723221396576413e-01
16                                    -8.2802079304398291e-01
17                                     3.0218509385310632e-01
18                                    -4.7423378246166159e-01
19                                     4.4005839611569897e-02
20                                     4.4021001849817942e-02
21                                     3.0228554565160959e-01
22                                    -4.7417711814770946e-01
23                                    -1.8250355371366389e-01
24                                    -1.3834299616987167e-01
25                                    -1.3835645655112305e-01
26                                    -1.8258223146977759e-01
27                                     1.4712054858431201e-01
28                                     1.4919965120541423e-01
29                                     1.4608205543799069e-01
30                                     1.4215873379928445e-01
31                                     1.3936557973050689e-01
32                                     1.5461151479320057e-01
33                                     1.4748809969311039e-01
34                                     1.8187328689259918e-01
35                                     1.7872684121953419e-01
36                                     3.7086851400886567e-01
37                                     3.8620814523048863e-01
38                                     3.7094874980224102e-01
39                                     3.8623535910708318e-01
40                                     1.7555158850806696e-01
41                                     1.6544027863529887e-01
42                                     1.6548182862532423e-01
43                                     1.7556173980902068e-01
   &VA [&Type "ArrayOfDoubles", &Dim (44,1)] "Mayer's total valence"
                                                         0

0                                      3.8696413365138804e+00
1                                      3.8874256092914821e+00
2                                      3.8541670694964392e+00
3                                      3.8044567810447969e+00
4                                      3.0507113109155366e+00
5                                      3.9178105562830119e+00
6                                      2.1176529591520756e+00
7                                      3.8770809076838768e+00
8                                      3.8773477087531796e+00
9                                      3.9188879273094521e+00
10                                     2.1143180927609548e+00
11                                     3.8281371438257823e+00
12                                     2.8541793555580930e+00
13                                     3.7729764179687915e+00
14                                     3.7734223409012024e+00
15                                     3.8285660509074502e+00
16                                     2.8545157509376247e+00
17                                     3.9064136162263252e+00
18                                     2.0839545766941665e+00
19                                     3.8915532920108613e+00
20                                     3.8916301584715338e+00
21                                     3.9064994225244400e+00
22                                     2.0840531196477330e+00
23                                     3.8971162151861529e+00
24                                     3.9019799337639638e+00
25                                     3.9019460257778498e+00
26                                     3.8971871311852508e+00
27                                     9.3699117361922313e-01
28                                     9.3621940433959272e-01
29                                     9.3708843529441999e-01
30                                     9.3505124123720584e-01
31                                     9.3555772453854658e-01
32                                     9.3872374549567239e-01
33                                     9.3489273103118142e-01
34                                     9.3885552550006168e-01
35                                     9.3101194443269952e-01
36                                     8.6206232213105294e-01
37                                     8.6212779340208523e-01
38                                     8.6204598741115956e-01
39                                     8.6211888937546521e-01
40                                     9.4485601222853566e-01
41                                     9.3428532991903213e-01
42                                     9.3427266014528176e-01
43                                     9.4487039491006031e-01
   &BVA [&Type "ArrayOfDoubles", &Dim (44,1)] "Mayer's bonded valence"
                                                         0

0                                      3.8696413365139017e+00
1                                      3.8874256092915229e+00
2                                      3.8541670694964481e+00
3                                      3.8044567810448653e+00
4                                      3.0507113109155872e+00
5                                      3.9178105562830350e+00
6                                      2.1176529591521280e+00
7                                      3.8770809076838226e+00
8                                      3.8773477087531534e+00
9                                      3.9188879273094273e+00
10                                     2.1143180927609588e+00
11                                     3.8281371438258218e+00
12                                     2.8541793555581485e+00
13                                     3.7729764179687968e+00
14                                     3.7734223409012486e+00
15                                     3.8285660509073538e+00
16                                     2.8545157509376304e+00
17                                     3.9064136162263243e+00
18                                     2.0839545766941896e+00
19                                     3.8915532920109031e+00
20                                     3.8916301584715338e+00
21                                     3.9064994225244623e+00
22                                     2.0840531196476917e+00
23                                     3.8971162151861440e+00
24                                     3.9019799337639833e+00
25                                     3.9019460257778436e+00
26                                     3.8971871311852784e+00
27                                     9.3699117361922779e-01
28                                     9.3621940433959616e-01
29                                     9.3708843529441821e-01
30                                     9.3505124123721206e-01
31                                     9.3555772453854646e-01
32                                     9.3872374549566850e-01
33                                     9.3489273103118742e-01
34                                     9.3885552550006890e-01
35                                     9.3101194443270230e-01
36                                     8.6206232213105549e-01
37                                     8.6212779340208978e-01
38                                     8.6204598741116101e-01
39                                     8.6211888937547043e-01
40                                     9.4485601222852389e-01
41                                     9.3428532991904500e-01
42                                     9.3427266014528976e-01
43                                     9.4487039491006075e-01
   &FA [&Type "ArrayOfDoubles", &Dim (44,1)] "Mayer's free valence"
                                                         0

0                                      0.0000000000000000e+00
1                                      0.0000000000000000e+00
2                                      0.0000000000000000e+00
3                                      0.0000000000000000e+00
4                                      0.0000000000000000e+00
5                                      0.0000000000000000e+00
6                                      0.0000000000000000e+00
7                                      0.0000000000000000e+00
8                                      0.0000000000000000e+00
9                                      0.0000000000000000e+00
10                                     0.0000000000000000e+00
11                                     0.0000000000000000e+00
12                                     0.0000000000000000e+00
13                                     0.0000000000000000e+00
14                                     0.0000000000000000e+00
15                                     0.0000000000000000e+00
16                                     0.0000000000000000e+00
17                                     0.0000000000000000e+00
18                                     0.0000000000000000e+00
19                                     0.0000000000000000e+00
20                                     0.0000000000000000e+00
21                                     0.0000000000000000e+00
22                                     0.0000000000000000e+00
23                                     0.0000000000000000e+00
24                                     0.0000000000000000e+00
25                                     0.0000000000000000e+00
26                                     0.0000000000000000e+00
27                                     0.0000000000000000e+00
28                                     0.0000000000000000e+00
29                                     0.0000000000000000e+00
30                                     0.0000000000000000e+00
31                                     0.0000000000000000e+00
32                                     0.0000000000000000e+00
33                                     0.0000000000000000e+00
34                                     0.0000000000000000e+00
35                                     0.0000000000000000e+00
36                                     0.0000000000000000e+00
37                                     0.0000000000000000e+00
38                                     0.0000000000000000e+00
39                                     0.0000000000000000e+00
40                                     0.0000000000000000e+00
41                                     0.0000000000000000e+00
42                                     0.0000000000000000e+00
43                                     0.0000000000000000e+00
   &Method [&Type "String"] "SCF"
   &Level [&Type "String"] "Relaxed density"
   &Mult [&Type "Integer"] 1
   &State [&Type "Integer"] -1
   &Irrep [&Type "Integer"] 0
$End
$SCF_Energy
   &GeometryIndex 1
   &Method [&Type "String"] "SCF"
   &totalEnergy [&Type "ArrayOfDoubles", &Dim (1,1)] "Total energy of each state"
                                                         0

0                                     -1.2369935420845081e+03
   &Mult [&Type "ArrayOfIntegers", &Dim (1,1)] "Multiplicity of each state"
                                                         0

0                                                        1
$End
$DFT_Energy
   &GeometryIndex 1
   &nAlphaEl [&Type "Integer"] 95
   &nBetaEl [&Type "Integer"] 95
   &nTotalEl [&Type "Integer"] 190
   &finalEn [&Type "Double"]      -1.2369935420845081e+03  "No Van der Waals correction"
   &eExchange [&Type "Double"]       0.0000000000000000e+00
   &eCorr [&Type "Double"]       0.0000000000000000e+00
   &eXC [&Type "Double"]      -1.2380208648813269e+02
   &eCNL [&Type "Double"]       0.0000000000000000e+00
$End
$Solvation_Details
   &GeometryIndex 1
   &Solvent [&Type "String"] "TOLUENE"
   &Epsilon [&Type "Double"]       2.3870000000000000e+00
   &Refrac [&Type "Double"]       1.4961000000000000e+00
   &RSolv [&Type "Double"]       1.3000000000000000e+00
   &SurfaceType [&Type "String"] "GAUSSIAN VDW"
   &CPCMDielEnergy [&Type "Double"]      -9.2098500000000003e-03
   &NPoints [&Type "Integer"] 3737
   &SurfaceArea [&Type "Double"]       1.3472918289380000e+03
$End
$SCF_Timings
   &GeometryIndex 1
   &TOTAL [&Type "Double"]       1.0253714500000001e+02
   &PREP [&Type "Double"]       1.1504529999999999e+00
   &FOCK [&Type "Double"]       9.7593690999999993e+01
   &DENS [&Type "Double"]       1.2909399999999494e-01
   &ETOT [&Type "Double"]       7.5831000000000870e-02
   &POP [&Type "Double"]       5.5573000000009642e-02
   &TRAFO [&Type "Double"]       9.7597999999990748e-02
   &DIIS [&Type "Double"]       4.7537899999999311e-01
   &SOSCF [&Type "Double"]       4.2358699999997285e-01
   &XC [&Type "Double"]       5.9287930000000078e+00
   &FOCKSTART [&Type "Double"]       4.6574999999991817e-02
   &SOLV [&Type "Double"]       1.0013796999999984e+01
   &SOLV_INIT [&Type "Double"]       4.8481200000000002e-01
   &INT_PREP [&Type "Double"]       5.9999999848514562e-06
   &INT_BF [&Type "Double"]       1.4861609999996670e+00
   &INT_DENS [&Type "Double"]       1.3001469999996758e+00
   &INT_DENSIO [&Type "Double"]       3.1135288567000063e+05
   &INT_FUNC [&Type "Double"]       5.0547599999921466e-01
   &INT_POT [&Type "Double"]       1.2127680000007537e+00
   &INT_POTIO [&Type "Double"]       4.4514999999913485e-02
   &INT_SUM [&Type "Double"]       1.0360000000186886e-03
   &SPLITRIJ [&Type "Double"]       6.5215439999999685e+00
   &COSX [&Type "Double"]       7.8485772000000011e+01
   &FROZCORE [&Type "Double"]       7.9860000000024911e-03
$End
$CIS_Absorption_Spectrum
   &GeometryIndex 1
   &Method [&Type "Integer"] 20
   &RelCorrection [&Type "Integer"] 1 "Type of relativistic treatment in QDPT. 0->Unknow, 1->None, 2->SOC, 3->SSC, 4->SOC/SSC"
   &DensType [&Type "Integer"] 3 "Type of density (electron/spin ...). 0->Unknow, 1->Electronic, 2->Spin, 3->Trans/Electronic, 4->Tran/Spin"
   &DeriType [&Type "Integer"] 0 "Type of derivative (w.r.t. to what perturbation). 0->Unknown, 1->No Derivative, 2->Electric/Dipole, 3->Electric/Quad, 4->Magnetic/Dipole, 5->Magnetic/Quad"
   &DensLevel [&Type "Integer"] 0 "// Source of density: relaxed, unrelaxed, ... 0->Unknown, 1->Linearized, 2->Unrelaxed, 3->Relaxed"
   &Density_name [&Type "String"] "Tdens-CIS"
   &Representation [&Type "String"] "Length" "Possible values: Unknown,  Length, Velocity"
   &PointGroup [&Type "String"] "C1"
   &DoHigherMoments [&Type "Boolean"] false
   &NTrans [&Type "Integer"] 8
   &ExcitationEnergies [&Type "ArrayOfDoubles", &Dim (8,11)] 
                                                         0                           1                           2                           3                           4                           5                           6                           7

0                                      2.2724767528194767e+00         1.8328763013119369e+04         5.4559055582977396e+02         4.8005147648454777e-01         8.6224411947118487e+00         2.8411035581868309e+00         0.0000000000000000e+00         1.6202595190762287e-01
1                                      3.2942102365933956e+00         2.6569600180507838e+04         3.7636998419480409e+02         9.4963991562290777e-06         1.1766560410552880e-04        -1.7948199897338121e-03         0.0000000000000000e+00        -7.9363238590641366e-04
2                                      3.5801652649469080e+00         2.8875983266978827e+04         3.4630855363583458e+02         2.5279598412272286e-08         2.8820995415887887e-07         1.0998242830530667e-04         0.0000000000000000e+00         5.1725578379244468e-04
3                                      3.8175209180620078e+00         3.0790385916147061e+04         3.2477670228731398e+02         1.7143186730253787e-03         1.8329558769708529e-02         1.1324913990218202e-02         0.0000000000000000e+00        -1.3449613013135336e-01
4                                      3.8722061093922755e+00         3.1231451775666195e+04         3.2019004661805189e+02         8.6657892543948699e-03         9.1346421343496589e-02         2.8753839016112209e-01         0.0000000000000000e+00         1.6288074958281357e-02
5                                      4.0019773617905594e+00         3.2278127623140881e+04         3.0980731338427404e+02         1.0980394516428883e-02         1.1199153495565461e-01        -2.1176853580017984e-02         0.0000000000000000e+00         3.3332991413635782e-01
6                                      4.0459343697893573e+00         3.2632664839583751e+04         3.0644141534741897e+02         3.9342465944459482e-04         3.9690322192690438e-03        -1.1593971881171400e-02         0.0000000000000000e+00         9.6809107867444101e-04
7                                      4.2723209183380115e+00         3.4458595684666390e+04         2.9020335278636628e+02         6.4126237171174189e-02         6.1265187904340501e-01         7.5552481949701245e-01         0.0000000000000000e+00         4.1277844891220106e-02
                                                         8                           9                          10

0                                      0.0000000000000000e+00         7.2409899687708879e-01         0.0000000000000000e+00
1                                      0.0000000000000000e+00         1.0668381927266253e-02         0.0000000000000000e+00
2                                      0.0000000000000000e+00        -9.2521747477069584e-05         0.0000000000000000e+00
3                                      0.0000000000000000e+00        -1.0587543270879551e-02         0.0000000000000000e+00
4                                      0.0000000000000000e+00         9.1666755921655310e-02         0.0000000000000000e+00
5                                      0.0000000000000000e+00         2.0838526098393127e-02         0.0000000000000000e+00
6                                      0.0000000000000000e+00         6.1916676549626286e-02         0.0000000000000000e+00
7                                      0.0000000000000000e+00         2.0032539950926884e-01         0.0000000000000000e+00
   &States [&Type "ArrayOfIntegers", &Dim (8,4)] "The initial and Final states. Col1: Initial State  Col2: Initial Irrep Col3: Final State Col4: Final Irrep"
                                                         0                           1                           2                           3

0                                                        0                           0                           1                           0
1                                                        0                           0                           2                           0
2                                                        0                           0                           3                           0
3                                                        0                           0                           4                           0
4                                                        0                           0                           5                           0
5                                                        0                           0                           6                           0
6                                                        0                           0                           7                           0
7                                                        0                           0                           8                           0
   &Multiplicities [&Type "ArrayOfDoubles", &Dim (8,2)] "Col1: Multiplicity of the initial state  Col2: Multiplicity of the final state"
                                                         0                           1

0                                      1.0000000000000000e+00         1.0000000000000000e+00
1                                      1.0000000000000000e+00         1.0000000000000000e+00
2                                      1.0000000000000000e+00         1.0000000000000000e+00
3                                      1.0000000000000000e+00         1.0000000000000000e+00
4                                      1.0000000000000000e+00         1.0000000000000000e+00
5                                      1.0000000000000000e+00         1.0000000000000000e+00
6                                      1.0000000000000000e+00         1.0000000000000000e+00
7                                      1.0000000000000000e+00         1.0000000000000000e+00
   &Temperature [&Type "Double"]       2.9814999999999998e+02
$End
$CIS_Absorption_Spectrum
   &GeometryIndex 1
   &Method [&Type "Integer"] 20
   &RelCorrection [&Type "Integer"] 1 "Type of relativistic treatment in QDPT. 0->Unknow, 1->None, 2->SOC, 3->SSC, 4->SOC/SSC"
   &DensType [&Type "Integer"] 3 "Type of density (electron/spin ...). 0->Unknow, 1->Electronic, 2->Spin, 3->Trans/Electronic, 4->Tran/Spin"
   &DeriType [&Type "Integer"] 0 "Type of derivative (w.r.t. to what perturbation). 0->Unknown, 1->No Derivative, 2->Electric/Dipole, 3->Electric/Quad, 4->Magnetic/Dipole, 5->Magnetic/Quad"
   &DensLevel [&Type "Integer"] 0 "// Source of density: relaxed, unrelaxed, ... 0->Unknown, 1->Linearized, 2->Unrelaxed, 3->Relaxed"
   &Density_name [&Type "String"] "Tdens-CIS"
   &Representation [&Type "String"] "Velocity" "Possible values: Unknown,  Length, Velocity"
   &PointGroup [&Type "String"] "C1"
   &DoHigherMoments [&Type "Boolean"] false
   &NTrans [&Type "Integer"] 8
   &ExcitationEnergies [&Type "ArrayOfDoubles", &Dim (8,11)] 
                                                         0                           1                           2                           3                           4                           5                           6                           7

0                                      2.2724767528194767e+00         1.8328763013119369e+04         5.4559055582977396e+02         4.3018028825029996e-02         5.3887817289545899e-03        -7.2986665173555496e-02         0.0000000000000000e+00        -4.6254104316269572e-03
1                                      3.2942102365933956e+00         2.6569600180507838e+04         3.7636998419480409e+02         6.2639711620347157e-05         1.1374745793170840e-05        -7.6910918750615061e-04         0.0000000000000000e+00        -3.1625951447274251e-04
2                                      3.5801652649469080e+00         2.8875983266978827e+04         3.4630855363583458e+02         9.9189455344696271e-08         1.9575335666731521e-08         5.2704511547041828e-06         0.0000000000000000e+00         1.2442709179005137e-04
3                                      3.8175209180620078e+00         3.0790385916147061e+04         3.2477670228731398e+02         1.2391687242624908e-03         2.6076692553677396e-04        -1.1308199062901219e-03         0.0000000000000000e+00         1.6037465207433408e-02
4                                      3.8722061093922755e+00         3.1231451775666195e+04         3.2019004661805189e+02         2.8302771604156300e-03         6.0412675556040414e-04        -2.1571368481547330e-02         0.0000000000000000e+00        -9.5363800828555587e-04
5                                      4.0019773617905594e+00         3.2278127623140881e+04         3.0980731338427404e+02         3.0002654168011412e-04         6.6187342081630175e-05        -7.9412930736675344e-04         0.0000000000000000e+00         8.0343217291492814e-03
6                                      4.0459343697893573e+00         3.2632664839583751e+04         3.0644141534741897e+02         9.4460006426595083e-04         2.1067230262825483e-04        -4.2057909978917528e-03         0.0000000000000000e+00        -1.1457438387251111e-03
7                                      4.2723209183380115e+00         3.4458595684666390e+04         2.9020335278636628e+02         2.7344949584933918e-02         6.4399371986327333e-03        -7.7687022972971517e-02         0.0000000000000000e+00        -4.3554218937751537e-03
                                                         8                           9                          10

0                                      0.0000000000000000e+00        -6.3509065602391120e-03         0.0000000000000000e+00
1                                      0.0000000000000000e+00         3.2685159890032561e-03         0.0000000000000000e+00
2                                      0.0000000000000000e+00         6.3760935062368178e-05         0.0000000000000000e+00
3                                      0.0000000000000000e+00         1.5125744929341070e-03         0.0000000000000000e+00
4                                      0.0000000000000000e+00        -1.1742801707551044e-02         0.0000000000000000e+00
5                                      0.0000000000000000e+00         1.0031824745932692e-03         0.0000000000000000e+00
6                                      0.0000000000000000e+00         1.3844525841152198e-02         0.0000000000000000e+00
7                                      0.0000000000000000e+00        -1.9639092656152754e-02         0.0000000000000000e+00
   &States [&Type "ArrayOfIntegers", &Dim (8,4)] "The initial and Final states. Col1: Initial State  Col2: Initial Irrep Col3: Final State Col4: Final Irrep"
                                                         0                           1                           2                           3

0                                                        0                           0                           1                           0
1                                                        0                           0                           2                           0
2                                                        0                           0                           3                           0
3                                                        0                           0                           4                           0
4                                                        0                           0                           5                           0
5                                                        0                           0                           6                           0
6                                                        0                           0                           7                           0
7                                                        0                           0                           8                           0
   &Multiplicities [&Type "ArrayOfDoubles", &Dim (8,2)] "Col1: Multiplicity of the initial state  Col2: Multiplicity of the final state"
                                                         0                           1

0                                      1.0000000000000000e+00         1.0000000000000000e+00
1                                      1.0000000000000000e+00         1.0000000000000000e+00
2                                      1.0000000000000000e+00         1.0000000000000000e+00
3                                      1.0000000000000000e+00         1.0000000000000000e+00
4                                      1.0000000000000000e+00         1.0000000000000000e+00
5                                      1.0000000000000000e+00         1.0000000000000000e+00
6                                      1.0000000000000000e+00         1.0000000000000000e+00
7                                      1.0000000000000000e+00         1.0000000000000000e+00
   &Temperature [&Type "Double"]       2.9814999999999998e+02
$End
$CIS_ECD_Spectrum
   &GeometryIndex 1
   &Method [&Type "Integer"] 20
   &RelCorrection [&Type "Integer"] 1 "Type of relativistic treatment in QDPT. 0->Unknow, 1->None, 2->SOC, 3->SSC, 4->SOC/SSC"
   &DensType [&Type "Integer"] 3 "Type of density (electron/spin ...). 0->Unknow, 1->Electronic, 2->Spin, 3->Trans/Electronic, 4->Tran/Spin"
   &DeriType [&Type "Integer"] 0 "Type of derivative (w.r.t. to what perturbation). 0->Unknown, 1->No Derivative, 2->Electric/Dipole, 3->Electric/Quad, 4->Magnetic/Dipole, 5->Magnetic/Quad"
   &DensLevel [&Type "Integer"] 0 "// Source of density: relaxed, unrelaxed, ... 0->Unknown, 1->Linearized, 2->Unrelaxed, 3->Relaxed"
   &Density_name [&Type "String"] "Tdens-CIS"
   &Representation [&Type "String"] "Length" "Possible values: Unknown,  Length, Velocity"
   &PointGroup [&Type "String"] "C1"
   &DoHigherMoments [&Type "Boolean"] false
   &NTrans [&Type "Integer"] 8
   &ExcitationEnergies [&Type "ArrayOfDoubles", &Dim (8,10)] 
                                                         0                           1                           2                           3                           4                           5                           6                           7

0                                      2.2724767528194767e+00         1.8328763013119369e+04         5.4559055582977396e+02        -3.7092986245018589e-01        -4.1962733481473108e-03         0.0000000000000000e+00         6.4712892411583997e-02         0.0000000000000000e+00
1                                      3.2942102365933956e+00         2.6569600180507838e+04         3.7636998419480409e+02         1.5196178441272001e-02         1.9889921304596714e-02         0.0000000000000000e+00        -2.5511461175266031e-01         0.0000000000000000e+00
2                                      3.5801652649469080e+00         2.8875983266978827e+04         3.4630855363583458e+02         2.2290453290368050e-03        -3.5881409014871898e-02         0.0000000000000000e+00        -3.0995332455929911e-03         0.0000000000000000e+00
3                                      3.8175209180620078e+00         3.0790385916147061e+04         3.2477670228731398e+02         2.0669267948692957e-01        -5.6865077318439691e-02         0.0000000000000000e+00        -1.9839233093140497e-02         0.0000000000000000e+00
4                                      3.8722061093922755e+00         3.1231451775666195e+04         3.2019004661805189e+02        -1.8844266135037355e-02         1.1313983431666091e-03         0.0000000000000000e+00        -1.5052429610796525e-02         0.0000000000000000e+00
5                                      4.0019773617905594e+00         3.2278127623140881e+04         3.0980731338427404e+02         2.4657438437630011e-01         9.4588688169747470e-02         0.0000000000000000e+00         2.6623253379416668e-02         0.0000000000000000e+00
6                                      4.0459343697893573e+00         3.2632664839583751e+04         3.0644141534741897e+02        -1.2086287663663804e+00        -3.0696726414749170e-02         0.0000000000000000e+00         5.0475197088829704e-01         0.0000000000000000e+00
7                                      4.2723209183380115e+00         3.4458595684666390e+04         2.9020335278636628e+02         2.5341567795335177e-03        -1.3253669122429133e-03         0.0000000000000000e+00         2.6686863955976730e-02         0.0000000000000000e+00
                                                         8                           9

0                                      3.0709382407474680e-03         0.0000000000000000e+00
1                                     -1.8653363052378757e-02         0.0000000000000000e+00
2                                     -8.8791986078654798e-03         0.0000000000000000e+00
3                                      2.3260603827025497e-01         0.0000000000000000e+00
4                                     -4.3826726682034175e-04         0.0000000000000000e+00
5                                     -3.5483546485732381e-01         0.0000000000000000e+00
6                                      2.7764657593184756e-02         0.0000000000000000e+00
7                                     -5.2716164306661239e-04         0.0000000000000000e+00
   &States [&Type "ArrayOfIntegers", &Dim (8,4)] "The initial and Final states. Col1: Initial State  Col2: Initial Irrep Col3: Final State Col4: Final Irrep"
                                                         0                           1                           2                           3

0                                                        0                           0                           1                           0
1                                                        0                           0                           2                           0
2                                                        0                           0                           3                           0
3                                                        0                           0                           4                           0
4                                                        0                           0                           5                           0
5                                                        0                           0                           6                           0
6                                                        0                           0                           7                           0
7                                                        0                           0                           8                           0
   &Multiplicities [&Type "ArrayOfDoubles", &Dim (8,2)] "Col1: Multiplicity of the initial state  Col2: Multiplicity of the final state"
                                                         0                           1

0                                      1.0000000000000000e+00         1.0000000000000000e+00
1                                      1.0000000000000000e+00         1.0000000000000000e+00
2                                      1.0000000000000000e+00         1.0000000000000000e+00
3                                      1.0000000000000000e+00         1.0000000000000000e+00
4                                      1.0000000000000000e+00         1.0000000000000000e+00
5                                      1.0000000000000000e+00         1.0000000000000000e+00
6                                      1.0000000000000000e+00         1.0000000000000000e+00
7                                      1.0000000000000000e+00         1.0000000000000000e+00
   &Temperature [&Type "Double"]       2.9814999999999998e+02
$End
$CIS_ECD_Spectrum
   &GeometryIndex 1
   &Method [&Type "Integer"] 20
   &RelCorrection [&Type "Integer"] 1 "Type of relativistic treatment in QDPT. 0->Unknow, 1->None, 2->SOC, 3->SSC, 4->SOC/SSC"
   &DensType [&Type "Integer"] 3 "Type of density (electron/spin ...). 0->Unknow, 1->Electronic, 2->Spin, 3->Trans/Electronic, 4->Tran/Spin"
   &DeriType [&Type "Integer"] 0 "Type of derivative (w.r.t. to what perturbation). 0->Unknown, 1->No Derivative, 2->Electric/Dipole, 3->Electric/Quad, 4->Magnetic/Dipole, 5->Magnetic/Quad"
   &DensLevel [&Type "Integer"] 0 "// Source of density: relaxed, unrelaxed, ... 0->Unknown, 1->Linearized, 2->Unrelaxed, 3->Relaxed"
   &Density_name [&Type "String"] "Tdens-CIS"
   &Representation [&Type "String"] "Velocity" "Possible values: Unknown,  Length, Velocity"
   &PointGroup [&Type "String"] "C1"
   &DoHigherMoments [&Type "Boolean"] false
   &NTrans [&Type "Integer"] 8
   &ExcitationEnergies [&Type "ArrayOfDoubles", &Dim (8,10)] 
                                                         0                           1                           2                           3                           4                           5                           6                           7

0                                      2.2724767528194767e+00         1.8328763013119369e+04         5.4559055582977396e+02        -7.0876411024462654e-02        -4.1962733481473108e-03         0.0000000000000000e+00         6.4712892411583997e-02         0.0000000000000000e+00
1                                      3.2942102365933956e+00         2.6569600180507838e+04         3.7636998419480409e+02         1.7197807750777134e-02         1.9889921304596714e-02         0.0000000000000000e+00        -2.5511461175266031e-01         0.0000000000000000e+00
2                                      3.5801652649469080e+00         2.8875983266978827e+04         3.4630855363583458e+02        -4.0882752241394697e-03        -3.5881409014871898e-02         0.0000000000000000e+00        -3.0995332455929911e-03         0.0000000000000000e+00
3                                      3.8175209180620078e+00         3.0790385916147061e+04         3.2477670228731398e+02         3.2921960777160508e-01        -5.6865077318439691e-02         0.0000000000000000e+00        -1.9839233093140497e-02         0.0000000000000000e+00
4                                      3.8722061093922755e+00         3.1231451775666195e+04         3.2019004661805189e+02        -1.6249715192817663e-02         1.1313983431666091e-03         0.0000000000000000e+00        -1.5052429610796525e-02         0.0000000000000000e+00
5                                      4.0019773617905594e+00         3.2278127623140881e+04         3.0980731338427404e+02        -6.9619866968050903e-01         9.4588688169747470e-02         0.0000000000000000e+00         2.6623253379416668e-02         0.0000000000000000e+00
6                                      4.0459343697893573e+00         3.2632664839583751e+04         3.0644141534741897e+02        -2.0554329286517947e-01        -3.0696726414749170e-02         0.0000000000000000e+00         5.0475197088829704e-01         0.0000000000000000e+00
7                                      4.2723209183380115e+00         3.4458595684666390e+04         2.9020335278636628e+02        -8.7553907297507356e-03        -1.3253669122429133e-03         0.0000000000000000e+00         2.6686863955976730e-02         0.0000000000000000e+00
                                                         8                           9

0                                      3.0709382407474680e-03         0.0000000000000000e+00
1                                     -1.8653363052378757e-02         0.0000000000000000e+00
2                                     -8.8791986078654798e-03         0.0000000000000000e+00
3                                      2.3260603827025497e-01         0.0000000000000000e+00
4                                     -4.3826726682034175e-04         0.0000000000000000e+00
5                                     -3.5483546485732381e-01         0.0000000000000000e+00
6                                      2.7764657593184756e-02         0.0000000000000000e+00
7                                     -5.2716164306661239e-04         0.0000000000000000e+00
   &States [&Type "ArrayOfIntegers", &Dim (8,4)] "The initial and Final states. Col1: Initial State  Col2: Initial Irrep Col3: Final State Col4: Final Irrep"
                                                         0                           1                           2                           3

0                                                        0                           0                           1                           0
1                                                        0                           0                           2                           0
2                                                        0                           0                           3                           0
3                                                        0                           0                           4                           0
4                                                        0                           0                           5                           0
5                                                        0                           0                           6                           0
6                                                        0                           0                           7                           0
7                                                        0                           0                           8                           0
   &Multiplicities [&Type "ArrayOfDoubles", &Dim (8,2)] "Col1: Multiplicity of the initial state  Col2: Multiplicity of the final state"
                                                         0                           1

0                                      1.0000000000000000e+00         1.0000000000000000e+00
1                                      1.0000000000000000e+00         1.0000000000000000e+00
2                                      1.0000000000000000e+00         1.0000000000000000e+00
3                                      1.0000000000000000e+00         1.0000000000000000e+00
4                                      1.0000000000000000e+00         1.0000000000000000e+00
5                                      1.0000000000000000e+00         1.0000000000000000e+00
6                                      1.0000000000000000e+00         1.0000000000000000e+00
7                                      1.0000000000000000e+00         1.0000000000000000e+00
   &Temperature [&Type "Double"]       2.9814999999999998e+02
$End
$CIS_Energies
   &GeometryIndex 1
   &e0 [&Type "Double"]      -1.2369935420845081e+03  "Ground state energy"
   &multP1 [&Type "Boolean"] false "Do the higher multiplicity too?"
   &mode [&Type "String"] "TDA" "CIS mode: CIS, RPA, TDA, TD-DFT, sTDA, sTD-DFT"
   &dCorr [&Type "Integer"] 0 "(D) Correction algorithm"
   &Method [&Type "String"] "TDA/CIS"
   &totalEnergy [&Type "ArrayOfDoubles", &Dim (8,1)] "Total energy of each state"
                                                         0

0                                     -1.2369100300954476e+03
1                                     -1.2368724820785478e+03
2                                     -1.2368619734239840e+03
3                                     -1.2368532507637051e+03
4                                     -1.2368512411197805e+03
5                                     -1.2368464721137182e+03
6                                     -1.2368448567233004e+03
7                                     -1.2368365371702214e+03
   &Mult [&Type "ArrayOfIntegers", &Dim (8,1)] "Multiplicity of each state"
                                                         0

0                                                        1
1                                                        1
2                                                        1
3                                                        1
4                                                        1
5                                                        1
6                                                        1
7                                                        1
   &RelCorr [&Type "String"] "None" "Relativistic correction (SOC and/or SSC)"
   &NBlocks [&Type "Integer"] 1 "Number of multiplicity blocks"
   &NRoots [&Type "ArrayOfIntegers", &Dim (1,1)] "Number of roots in each block"
                                                         0

0                                                        8
   &NTotalRoots [&Type "Integer"] 8 "Total number of roots"
   &Block [&Type "ArrayOfIntegers", &Dim (8,1)] "Block index of each state"
                                                         0

0                                                        0
1                                                        0
2                                                        0
3                                                        0
4                                                        0
5                                                        0
6                                                        0
7                                                        0
   &Root [&Type "ArrayOfIntegers", &Dim (8,1)] "Root index within the block"
                                                         0

0                                                        0
1                                                        1
2                                                        2
3                                                        3
4                                                        4
5                                                        5
6                                                        6
7                                                        7
$End
$Single_Point_Data
   &GeometryIndex 1
   &FinalEnergy [&Type "Double"]      -1.2369100300954476e+03  "Final single point energy"
   &Converged [&Type "Boolean"] true
$End
$Calculation_Info
   &GeometryIndex 1
   &Mult [&Type "Integer"] 1
   &Charge [&Type "Integer"] 0
   &NumOfAtoms [&Type "Integer"] 44
   &NumOfElectrons [&Type "Integer"] 190
   &NumOfBasisFuncts [&Type "Integer"] 412
   &NumOfAuxCBasisFuncts [&Type "Integer"] 0
   &NumOfAuxJBasisFuncts [&Type "Integer"] 1510
   &NumOfAuxJKBasisFuncts [&Type "Integer"] 0
   &NumOfCABSBasisFuncts [&Type "Integer"] 0
$End
$SCF_Dipole_Moment
   &GeometryIndex 1
   &dipoleMagnitude [&Type "Double", &Units "a.u."]       3.5591573161849110e-01
   &dipoleElecContrib [&Type "ArrayOfDoubles", &Dim (3,1)] "Electronic contribution"
                                                         0

0                                      2.7642547903301200e+01
1                                      1.0950302472006133e+00
2                                     -5.9994420603620888e+00
   &dipoleNucContrib [&Type "ArrayOfDoubles", &Dim (3,1)] "Nuclear contribution"
                                                         0

0                                     -2.7329710927842008e+01
1                                     -1.0719056239453408e+00
2                                      6.1675916562532853e+00
   &dipoleTotal [&Type "ArrayOfDoubles", &Dim (3,1)] "Total"
                                                         0

0                                      3.1283697545919154e-01
1                                      2.3124623255272425e-02
2                                      1.6814959589119649e-01
   &doAtomicDipole [&Type "Boolean"] false
   &Method [&Type "String"] "SCF"
   &Level [&Type "String"] "Relaxed density"
   &Mult [&Type "Integer"] 1
   &State [&Type "Integer"] -1
   &Irrep [&Type "Integer"] 0
$End
$Calculation_Timings
   &GeometryIndex 1
   &GTOINT [&Type "Double"]       5.5842479999999997e+00
   &SCF [&Type "Double"]       1.1003934100000001e+02
   &CIS [&Type "Double"]       5.8178691000000001e+01
   &PROPINT [&Type "Double"]       3.0937010000000100e+00
   &PROP [&Type "Double"]       3.0976880000000051e+00
   &SUM [&Type "Double"]       1.7999366900000001e+02
$End
