*************************************************
******************* ORCA 6.1.1 ******************
*************************************************
$Calculation_Status
   &GeometryIndex 1
   &version [&Type "String"] "6.1.1"
   &progName [&Type "String"] "ProgCIS"
   &Status [&Type "String"] "NORMAL TERMINATION"
$End
$Geometry
   &GeometryIndex 1
   &NAtoms [&Type "Integer"] 42
   &NCorelessECP [&Type "Integer"] 0
   &NGhostAtoms [&Type "Integer"] 0
   &CartesianCoordinates [&Type "Coordinates", &Dim(42,4), &Units "Bohr"] 
              C    -11.523426755147    1.989759592489    2.967844492908
              C    -12.789310152159   -0.019430079240    1.760353017226
              C    -11.420000824078   -1.749380235709    0.370711002707
              C     -8.762385172226   -1.536741413909    0.139259621131
              C     -7.464881958933    0.491289820451    1.355713849188
              C     -8.930070762687    2.234783443488    2.768341936849
              C     -4.735500871189    0.680769052358    1.098278966551
              C     -3.335165900134    2.659131344878    2.268006143177
              C     -0.767456979577    2.847189564082    2.031882706008
              C      0.665877740608    1.072461142838    0.598786735711
              C     -0.665877328384   -0.933147977943   -0.598787845992
              C     -3.386981356567   -1.131554607291   -0.347485379361
              C     -4.780933611584   -3.131503905581   -1.531095288726
              C     -7.340421006537   -3.324240321264   -1.298714105640
              C      0.767457275312   -2.707880285046   -2.031882996607
              C      3.335164113400   -2.519807650293   -2.268014046163
              C      4.735499758168   -0.541453334161   -1.098278646016
              C      3.386983189147    1.270869529864    0.347488571306
              C      4.780935002768    3.270814804769    1.531102458622
              C      7.340422781443    3.463545340848    1.298712552044
              C      8.762386393884    1.676041585732   -0.139259267692
              C      7.464880688968   -0.351990155356   -1.355708023468
              C      8.930064405336   -2.095493083158   -2.768330870506
              C     11.523420096363   -1.850466130738   -2.967842514806
              C     12.789306686874    0.158726403891   -1.760358818307
              C     11.420002403763    1.888679758830   -0.370715316626
              H    -12.591165769030    3.359112778746    4.064929773947
              H    -14.828341786029   -0.200277658442    1.925295290687
              H    -12.366489594789   -3.311005028848   -0.573391169105
              H     -8.022158426888    3.804393834938    3.723108663584
              H     -4.310259172730    4.071931322415    3.386013807874
              H      0.173303600695    4.402217293842    2.974552940135
              H     -3.795915887127   -4.538973663352   -2.644793071991
              H     -8.345309999433   -4.863318179958   -2.218572980054
              H     -0.173296590537   -4.262913211295   -2.974555150099
              H      4.310263822099   -3.932602207693   -3.386026847930
              H      3.795926630075    4.678282602276    2.644808845724
              H      8.345311430443    5.002623354468    2.218571636461
              H      8.022152298842   -3.665107383501   -3.723093192611
              H     12.591158237188   -3.219820412424   -4.064925684305
              H     14.828338353725    0.339570006449   -1.925308597488
              H     12.366494939971    3.450308744209    0.573376820548
$End
$SCF_Mulliken_Population_Analysis
   &GeometryIndex 1
   &NAtoms [&Type "Integer"] 42
   &ATNO [&Type "ArrayOfIntegers", &Dim (42,1)] 
                                                         0

0                                                        6
1                                                        6
2                                                        6
3                                                        6
4                                                        6
5                                                        6
6                                                        6
7                                                        6
8                                                        6
9                                                        6
10                                                       6
11                                                       6
12                                                       6
13                                                       6
14                                                       6
15                                                       6
16                                                       6
17                                                       6
18                                                       6
19                                                       6
20                                                       6
21                                                       6
22                                                       6
23                                                       6
24                                                       6
25                                                       6
26                                                       1
27                                                       1
28                                                       1
29                                                       1
30                                                       1
31                                                       1
32                                                       1
33                                                       1
34                                                       1
35                                                       1
36                                                       1
37                                                       1
38                                                       1
39                                                       1
40                                                       1
41                                                       1
   &AtomicCharges [&Type "ArrayOfDoubles", &Dim (42,1)] 
                                                         0

0                                     -1.5786833001591738e-01
1                                     -1.4535616550879826e-01
2                                     -2.2542335275605296e-01
3                                      1.4170227749379460e-01
4                                      3.2916388629329774e-02
5                                     -2.1041176438458997e-01
6                                      7.3332603883200065e-02
7                                     -2.2419408953031184e-01
8                                     -2.2441382601525994e-01
9                                      5.6961192778921088e-02
10                                     5.6967660803763032e-02
11                                     4.0243455756255209e-02
12                                    -2.0901034253549433e-01
13                                    -2.2379674067904887e-01
14                                    -2.2441668911997326e-01
15                                    -2.2419249892523307e-01
16                                     7.3335340585831688e-02
17                                     4.0255039267502291e-02
18                                    -2.0901187781752029e-01
19                                    -2.2378977807246603e-01
20                                     1.4170117732347531e-01
21                                     3.2907015967782449e-02
22                                    -2.1040920886787617e-01
23                                    -1.5786956251288320e-01
24                                    -1.4535658046465016e-01
25                                    -2.2542576735464159e-01
26                                     1.5361550766226872e-01
27                                     1.5393436506189129e-01
28                                     1.5593850315094937e-01
29                                     1.6326189217032061e-01
30                                     1.6343492464344411e-01
31                                     1.6418896042803421e-01
32                                     1.6413607017664034e-01
33                                     1.5680029851830291e-01
34                                     1.6419076481054307e-01
35                                     1.6343537697019528e-01
36                                     1.6413585071794667e-01
37                                     1.5679930576672629e-01
38                                     1.6326414718192739e-01
39                                     1.5361537789640167e-01
40                                     1.5393439362031591e-01
41                                     1.5593868329496896e-01
   &Method [&Type "String"] "SCF"
   &Level [&Type "String"] "Relaxed density"
   &Mult [&Type "Integer"] 1
   &State [&Type "Integer"] -1
   &Irrep [&Type "Integer"] 0
$End
$SCF_Loewdin_Population_Analysis
   &GeometryIndex 1
   &NAtoms [&Type "Integer"] 42
   &ATNO [&Type "ArrayOfIntegers", &Dim (42,1)] 
                                                         0

0                                                        6
1                                                        6
2                                                        6
3                                                        6
4                                                        6
5                                                        6
6                                                        6
7                                                        6
8                                                        6
9                                                        6
10                                                       6
11                                                       6
12                                                       6
13                                                       6
14                                                       6
15                                                       6
16                                                       6
17                                                       6
18                                                       6
19                                                       6
20                                                       6
21                                                       6
22                                                       6
23                                                       6
24                                                       6
25                                                       6
26                                                       1
27                                                       1
28                                                       1
29                                                       1
30                                                       1
31                                                       1
32                                                       1
33                                                       1
34                                                       1
35                                                       1
36                                                       1
37                                                       1
38                                                       1
39                                                       1
40                                                       1
41                                                       1
   &AtomicCharges [&Type "ArrayOfDoubles", &Dim (42,1)] 
                                                         0

0                                     -1.3581502904160381e-01
1                                     -1.3622600207628466e-01
2                                     -1.3052716047229396e-01
3                                     -2.2207867000636483e-02
4                                     -1.7814292645146779e-02
5                                     -1.3274306066745378e-01
6                                     -1.7588360452046814e-02
7                                     -1.3111561496325308e-01
8                                     -1.3203203646789952e-01
9                                     -1.7082497805541941e-02
10                                    -1.7082229617694900e-02
11                                    -1.7487706302742545e-02
12                                    -1.3507156684573296e-01
13                                    -1.2852313875117982e-01
14                                    -1.3203237410124569e-01
15                                    -1.3111532020847960e-01
16                                    -1.7588469022800979e-02
17                                    -1.7487357732064446e-02
18                                    -1.3507178686139465e-01
19                                    -1.2852268774819553e-01
20                                    -2.2207830659488614e-02
21                                    -1.7814263003939956e-02
22                                    -1.3274312732147475e-01
23                                    -1.3581487064340259e-01
24                                    -1.3622604746441525e-01
25                                    -1.3052681080240980e-01
26                                     1.4282436790454556e-01
27                                     1.4305785855961384e-01
28                                     1.4317188594276709e-01
29                                     1.4375749269113225e-01
30                                     1.4551229368449692e-01
31                                     1.4569825681733783e-01
32                                     1.4556484741628928e-01
33                                     1.4464647756871774e-01
34                                     1.4569841657279858e-01
35                                     1.4551215189993161e-01
36                                     1.4556516929619534e-01
37                                     1.4464636613045490e-01
38                                     1.4375769852591025e-01
39                                     1.4282440056062717e-01
40                                     1.4305788422788202e-01
41                                     1.4317194088013374e-01
   &Method [&Type "String"] "SCF"
   &Level [&Type "String"] "Relaxed density"
   &Mult [&Type "Integer"] 1
   &State [&Type "Integer"] -1
   &Irrep [&Type "Integer"] 0
$End
$SCF_Mayer_Population_Analysis
   &GeometryIndex 1
   &NAtoms [&Type "Integer"] 42 "Total number of atoms"
   &NBondOrdersPrint [&Type "Integer"] 47 "The number of bond orders larger than threshold"
   &bondThresh [&Type "Double"]       1.0000000000000001e-01  "The threshold for printing"
   &components [&Type "ArrayOfIntegers", &Dim (47,4)] "The indices and atomic numbers of the bonding atoms"
                                                         0                           1                           2                           3

0                                                        0                           6                           1                           6
1                                                        0                           6                           5                           6
2                                                        0                           6                          26                           1
3                                                        1                           6                           2                           6
4                                                        1                           6                          27                           1
5                                                        2                           6                           3                           6
6                                                        2                           6                          28                           1
7                                                        3                           6                           4                           6
8                                                        3                           6                          13                           6
9                                                        4                           6                           5                           6
10                                                       4                           6                           6                           6
11                                                       5                           6                          29                           1
12                                                       6                           6                           7                           6
13                                                       6                           6                          11                           6
14                                                       7                           6                           8                           6
15                                                       7                           6                          30                           1
16                                                       8                           6                           9                           6
17                                                       8                           6                          31                           1
18                                                       9                           6                          10                           6
19                                                       9                           6                          17                           6
20                                                      10                           6                          11                           6
21                                                      10                           6                          14                           6
22                                                      11                           6                          12                           6
23                                                      12                           6                          13                           6
24                                                      12                           6                          32                           1
25                                                      13                           6                          33                           1
26                                                      14                           6                          15                           6
27                                                      14                           6                          34                           1
28                                                      15                           6                          16                           6
29                                                      15                           6                          35                           1
30                                                      16                           6                          17                           6
31                                                      16                           6                          21                           6
32                                                      17                           6                          18                           6
33                                                      18                           6                          19                           6
34                                                      18                           6                          36                           1
35                                                      19                           6                          20                           6
36                                                      19                           6                          37                           1
37                                                      20                           6                          21                           6
38                                                      20                           6                          25                           6
39                                                      21                           6                          22                           6
40                                                      22                           6                          23                           6
41                                                      22                           6                          38                           1
42                                                      23                           6                          24                           6
43                                                      23                           6                          39                           1
44                                                      24                           6                          25                           6
45                                                      24                           6                          40                           1
46                                                      25                           6                          41                           1
   &BondOrders [&Type "ArrayOfDoubles", &Dim (47,1)] "The bond orders"
                                                         0

0                                      1.3446814463248808e+00
1                                      1.5022633469916520e+00
2                                      9.2605628818122310e-01
3                                      1.5056190982799496e+00
4                                      9.2622163524564805e-01
5                                      1.3039451501281061e+00
6                                      9.1945265759321737e-01
7                                      1.3222907638749932e+00
8                                      1.2117372870980474e+00
9                                      1.3311090133391954e+00
10                                     1.1483754717692101e+00
11                                     9.0619671743415597e-01
12                                     1.2591124378980112e+00
13                                     1.3490523153746037e+00
14                                     1.5337365778973930e+00
15                                     9.0738930956686792e-01
16                                     1.2568970226085190e+00
17                                     9.0581231600455825e-01
18                                     1.3306382257495846e+00
19                                     1.1744901480862091e+00
20                                     1.1744883746981176e+00
21                                     1.2568976788741508e+00
22                                     1.2330868677172819e+00
23                                     1.5674606628425896e+00
24                                     9.0587428625272182e-01
25                                     9.1944192815944126e-01
26                                     1.5337445071475111e+00
27                                     9.0580980909714026e-01
28                                     1.2591162993265201e+00
29                                     9.0738766582629848e-01
30                                     1.3490531034849931e+00
31                                     1.1483600522832667e+00
32                                     1.2330840371327345e+00
33                                     1.5674602476054007e+00
34                                     9.0587496667202827e-01
35                                     1.2117397131022554e+00
36                                     9.1944221786672919e-01
37                                     1.3222927650594671e+00
38                                     1.3039485382966669e+00
39                                     1.3311099906884059e+00
40                                     1.5022670916983123e+00
41                                     9.0619619037626031e-01
42                                     1.3446815399740399e+00
43                                     9.2605536278655443e-01
44                                     1.5056169101724532e+00
45                                     9.2622221286234652e-01
46                                     9.1944996734054985e-01
   &ATNO [&Type "ArrayOfIntegers", &Dim (42,1)] "Atomic number of the elements"
                                                         0

0                                                        6
1                                                        6
2                                                        6
3                                                        6
4                                                        6
5                                                        6
6                                                        6
7                                                        6
8                                                        6
9                                                        6
10                                                       6
11                                                       6
12                                                       6
13                                                       6
14                                                       6
15                                                       6
16                                                       6
17                                                       6
18                                                       6
19                                                       6
20                                                       6
21                                                       6
22                                                       6
23                                                       6
24                                                       6
25                                                       6
26                                                       1
27                                                       1
28                                                       1
29                                                       1
30                                                       1
31                                                       1
32                                                       1
33                                                       1
34                                                       1
35                                                       1
36                                                       1
37                                                       1
38                                                       1
39                                                       1
40                                                       1
41                                                       1
   &NA [&Type "ArrayOfDoubles", &Dim (42,1)] "Mulliken gross atomic population"
                                                         0

0                                      6.1578683300159183e+00
1                                      6.1453561655087956e+00
2                                      6.2254233527560539e+00
3                                      5.8582977225062045e+00
4                                      5.9670836113706782e+00
5                                      6.2104117643845900e+00
6                                      5.9266673961167982e+00
7                                      6.2241940895303172e+00
8                                      6.2244138260152617e+00
9                                      5.9430388072210771e+00
10                                     5.9430323391962379e+00
11                                     5.9597565442437475e+00
12                                     6.2090103425354899e+00
13                                     6.2237967406790471e+00
14                                     6.2244166891199733e+00
15                                     6.2241924989252286e+00
16                                     5.9266646594141692e+00
17                                     5.9597449607324959e+00
18                                     6.2090118778175185e+00
19                                     6.2237897780724643e+00
20                                     5.8582988226765274e+00
21                                     5.9670929840322238e+00
22                                     6.2104092088678735e+00
23                                     6.1578695625128823e+00
24                                     6.1453565804646484e+00
25                                     6.2254257673546398e+00
26                                     8.4638449233773139e-01
27                                     8.4606563493810849e-01
28                                     8.4406149684905030e-01
29                                     8.3673810782967906e-01
30                                     8.3656507535655600e-01
31                                     8.3581103957196579e-01
32                                     8.3586392982335955e-01
33                                     8.4319970148169721e-01
34                                     8.3580923518945704e-01
35                                     8.3656462302980439e-01
36                                     8.3586414928205310e-01
37                                     8.4320069423327371e-01
38                                     8.3673585281807228e-01
39                                     8.4638462210359844e-01
40                                     8.4606560637968409e-01
41                                     8.4406131670503093e-01
   &ZA [&Type "ArrayOfDoubles", &Dim (42,1)] "Total nuclear charge"
                                                         0

0                                      6.0000000000000000e+00
1                                      6.0000000000000000e+00
2                                      6.0000000000000000e+00
3                                      6.0000000000000000e+00
4                                      6.0000000000000000e+00
5                                      6.0000000000000000e+00
6                                      6.0000000000000000e+00
7                                      6.0000000000000000e+00
8                                      6.0000000000000000e+00
9                                      6.0000000000000000e+00
10                                     6.0000000000000000e+00
11                                     6.0000000000000000e+00
12                                     6.0000000000000000e+00
13                                     6.0000000000000000e+00
14                                     6.0000000000000000e+00
15                                     6.0000000000000000e+00
16                                     6.0000000000000000e+00
17                                     6.0000000000000000e+00
18                                     6.0000000000000000e+00
19                                     6.0000000000000000e+00
20                                     6.0000000000000000e+00
21                                     6.0000000000000000e+00
22                                     6.0000000000000000e+00
23                                     6.0000000000000000e+00
24                                     6.0000000000000000e+00
25                                     6.0000000000000000e+00
26                                     1.0000000000000000e+00
27                                     1.0000000000000000e+00
28                                     1.0000000000000000e+00
29                                     1.0000000000000000e+00
30                                     1.0000000000000000e+00
31                                     1.0000000000000000e+00
32                                     1.0000000000000000e+00
33                                     1.0000000000000000e+00
34                                     1.0000000000000000e+00
35                                     1.0000000000000000e+00
36                                     1.0000000000000000e+00
37                                     1.0000000000000000e+00
38                                     1.0000000000000000e+00
39                                     1.0000000000000000e+00
40                                     1.0000000000000000e+00
41                                     1.0000000000000000e+00
   &QA [&Type "ArrayOfDoubles", &Dim (42,1)] "Mulliken gross atomic charge"
                                                         0

0                                     -1.5786833001591827e-01
1                                     -1.4535616550879560e-01
2                                     -2.2542335275605385e-01
3                                      1.4170227749379549e-01
4                                      3.2916388629321780e-02
5                                     -2.1041176438458997e-01
6                                      7.3332603883201841e-02
7                                     -2.2419408953031716e-01
8                                     -2.2441382601526172e-01
9                                      5.6961192778922864e-02
10                                     5.6967660803762143e-02
11                                     4.0243455756252544e-02
12                                    -2.0901034253548989e-01
13                                    -2.2379674067904709e-01
14                                    -2.2441668911997326e-01
15                                    -2.2419249892522863e-01
16                                     7.3335340585830799e-02
17                                     4.0255039267504067e-02
18                                    -2.0901187781751851e-01
19                                    -2.2378977807246425e-01
20                                     1.4170117732347265e-01
21                                     3.2907015967776232e-02
22                                    -2.1040920886787351e-01
23                                    -1.5786956251288231e-01
24                                    -1.4535658046464839e-01
25                                    -2.2542576735463982e-01
26                                     1.5361550766226861e-01
27                                     1.5393436506189151e-01
28                                     1.5593850315094970e-01
29                                     1.6326189217032094e-01
30                                     1.6343492464344400e-01
31                                     1.6418896042803421e-01
32                                     1.6413607017664045e-01
33                                     1.5680029851830279e-01
34                                     1.6419076481054296e-01
35                                     1.6343537697019561e-01
36                                     1.6413585071794690e-01
37                                     1.5679930576672629e-01
38                                     1.6326414718192772e-01
39                                     1.5361537789640156e-01
40                                     1.5393439362031591e-01
41                                     1.5593868329496907e-01
   &VA [&Type "ArrayOfDoubles", &Dim (42,1)] "Mayer's total valence"
                                                         0

0                                      3.9183917377890540e+00
1                                      3.9012127480535721e+00
2                                      3.8945870474086490e+00
3                                      3.9645515391608961e+00
4                                      3.9863532840995135e+00
5                                      3.8772114832532658e+00
6                                      3.9186733879133753e+00
7                                      3.8579717699607805e+00
8                                      3.8595009429266818e+00
9                                      3.9346312530051302e+00
10                                     3.9346234884239895e+00
11                                     3.9409180742853609e+00
12                                     3.8484300720892413e+00
13                                     3.8690635281054115e+00
14                                     3.8595125857280577e+00
15                                     3.8579799551173042e+00
16                                     3.9186599824801625e+00
17                                     3.9409129019815152e+00
18                                     3.8484276280238929e+00
19                                     3.8690620443596977e+00
20                                     3.9645586882600972e+00
21                                     3.9863464145877323e+00
22                                     3.8772136624357447e+00
23                                     3.9183958617323600e+00
24                                     3.9012085674035810e+00
25                                     3.8945846581564294e+00
26                                     9.3426129580740114e-01
27                                     9.3381881171241743e-01
28                                     9.3344437910989631e-01
29                                     9.3225003127500361e-01
30                                     9.3507165097800304e-01
31                                     9.3477593874028153e-01
32                                     9.3389367126939427e-01
33                                     9.3519565219357803e-01
34                                     9.3477607813982311e-01
35                                     9.3507229153199112e-01
36                                     9.3389337254717775e-01
37                                     9.3519614594308520e-01
38                                     9.3224933661979092e-01
39                                     9.3426122051065152e-01
40                                     9.3381900466256884e-01
41                                     9.3344449590295286e-01
   &BVA [&Type "ArrayOfDoubles", &Dim (42,1)] "Mayer's bonded valence"
                                                         0

0                                      3.9183917377890061e+00
1                                      3.9012127480535694e+00
2                                      3.8945870474086330e+00
3                                      3.9645515391609107e+00
4                                      3.9863532840994935e+00
5                                      3.8772114832532791e+00
6                                      3.9186733879133455e+00
7                                      3.8579717699607494e+00
8                                      3.8595009429266995e+00
9                                      3.9346312530051759e+00
10                                     3.9346234884240054e+00
11                                     3.9409180742853462e+00
12                                     3.8484300720892728e+00
13                                     3.8690635281054528e+00
14                                     3.8595125857280461e+00
15                                     3.8579799551172815e+00
16                                     3.9186599824801598e+00
17                                     3.9409129019815445e+00
18                                     3.8484276280238756e+00
19                                     3.8690620443596826e+00
20                                     3.9645586882601522e+00
21                                     3.9863464145877217e+00
22                                     3.8772136624357247e+00
23                                     3.9183958617323835e+00
24                                     3.9012085674035957e+00
25                                     3.8945846581564161e+00
26                                     9.3426129580740136e-01
27                                     9.3381881171240977e-01
28                                     9.3344437910990274e-01
29                                     9.3225003127500139e-01
30                                     9.3507165097799760e-01
31                                     9.3477593874027975e-01
32                                     9.3389367126938749e-01
33                                     9.3519565219359668e-01
34                                     9.3477607813981434e-01
35                                     9.3507229153198534e-01
36                                     9.3389337254718130e-01
37                                     9.3519614594307554e-01
38                                     9.3224933661979614e-01
39                                     9.3426122051065397e-01
40                                     9.3381900466257473e-01
41                                     9.3344449590294842e-01
   &FA [&Type "ArrayOfDoubles", &Dim (42,1)] "Mayer's free valence"
                                                         0

0                                      0.0000000000000000e+00
1                                      0.0000000000000000e+00
2                                      0.0000000000000000e+00
3                                      0.0000000000000000e+00
4                                      0.0000000000000000e+00
5                                      0.0000000000000000e+00
6                                      0.0000000000000000e+00
7                                      0.0000000000000000e+00
8                                      0.0000000000000000e+00
9                                      0.0000000000000000e+00
10                                     0.0000000000000000e+00
11                                     0.0000000000000000e+00
12                                     0.0000000000000000e+00
13                                     0.0000000000000000e+00
14                                     0.0000000000000000e+00
15                                     0.0000000000000000e+00
16                                     0.0000000000000000e+00
17                                     0.0000000000000000e+00
18                                     0.0000000000000000e+00
19                                     0.0000000000000000e+00
20                                     0.0000000000000000e+00
21                                     0.0000000000000000e+00
22                                     0.0000000000000000e+00
23                                     0.0000000000000000e+00
24                                     0.0000000000000000e+00
25                                     0.0000000000000000e+00
26                                     0.0000000000000000e+00
27                                     0.0000000000000000e+00
28                                     0.0000000000000000e+00
29                                     0.0000000000000000e+00
30                                     0.0000000000000000e+00
31                                     0.0000000000000000e+00
32                                     0.0000000000000000e+00
33                                     0.0000000000000000e+00
34                                     0.0000000000000000e+00
35                                     0.0000000000000000e+00
36                                     0.0000000000000000e+00
37                                     0.0000000000000000e+00
38                                     0.0000000000000000e+00
39                                     0.0000000000000000e+00
40                                     0.0000000000000000e+00
41                                     0.0000000000000000e+00
   &Method [&Type "String"] "SCF"
   &Level [&Type "String"] "Relaxed density"
   &Mult [&Type "Integer"] 1
   &State [&Type "Integer"] -1
   &Irrep [&Type "Integer"] 0
$End
$SCF_Energy
   &GeometryIndex 1
   &Method [&Type "String"] "SCF"
   &totalEnergy [&Type "ArrayOfDoubles", &Dim (1,1)] "Total energy of each state"
                                                         0

0                                     -9.9982715332815826e+02
   &Mult [&Type "ArrayOfIntegers", &Dim (1,1)] "Multiplicity of each state"
                                                         0

0                                                        1
$End
$DFT_Energy
   &GeometryIndex 1
   &nAlphaEl [&Type "Integer"] 85
   &nBetaEl [&Type "Integer"] 85
   &nTotalEl [&Type "Integer"] 171
   &finalEn [&Type "Double"]      -9.9982715332815826e+02  "No Van der Waals correction"
   &eExchange [&Type "Double"]      -1.1170439181180092e+02
   &eCorr [&Type "Double"]      -6.8514763687228832e+00
   &eXC [&Type "Double"]      -1.1855586818052380e+02
   &eCNL [&Type "Double"]       0.0000000000000000e+00
$End
$Solvation_Details
   &GeometryIndex 1
   &Solvent [&Type "String"] "WATER"
   &Epsilon [&Type "Double"]       8.0150999999999996e+01
   &Refrac [&Type "Double"]       1.3328000000000000e+00
   &RSolv [&Type "Double"]       1.3000000000000000e+00
   &SurfaceType [&Type "String"] "GAUSSIAN VDW"
   &CPCMDielEnergy [&Type "Double"]      -1.4808264000000000e-02
   &NPoints [&Type "Integer"] 3770
   &SurfaceArea [&Type "Double"]       1.2713239337350001e+03
$End
$SCF_Timings
   &GeometryIndex 1
   &TOTAL [&Type "Double"]       4.8827421999999999e+01
   &PREP [&Type "Double"]       1.1370020000000001e+00
   &FOCK [&Type "Double"]       4.5199404000000008e+01
   &DENS [&Type "Double"]       9.3515999999993937e-02
   &ETOT [&Type "Double"]       5.1109000000000293e-02
   &POP [&Type "Double"]       4.7905999999997562e-02
   &TRAFO [&Type "Double"]       9.0684000000001319e-02
   &DIIS [&Type "Double"]       3.6010200000000125e-01
   &SOSCF [&Type "Double"]       2.9831299999999672e-01
   &XC [&Type "Double"]       4.1367059999999940e+00
   &FOCKSTART [&Type "Double"]       1.2302999999994180e-02
   &SOLV [&Type "Double"]       7.4523720000000031e+00
   &SOLV_INIT [&Type "Double"]       4.6276800000000007e-01
   &INT_PREP [&Type "Double"]       6.9999999974257321e-06
   &INT_BF [&Type "Double"]       1.0740259999999138e+00
   &INT_DENS [&Type "Double"]       9.5524799999991217e-01
   &INT_DENSIO [&Type "Double"]       1.1400717891500022e+05
   &INT_FUNC [&Type "Double"]       1.2171000000015209e-01
   &INT_POT [&Type "Double"]       1.0698399999999983e+00
   &INT_POTIO [&Type "Double"]       2.9684000000033350e-02
   &INT_SUM [&Type "Double"]       1.0560000000152669e-03
   &SPLITRIJ [&Type "Double"]       4.7127189999999990e+00
   &COSX [&Type "Double"]       3.1367627999999989e+01
   &FROZCORE [&Type "Double"]       8.2799999999991769e-03
$End
$CIS_Absorption_Spectrum
   &GeometryIndex 1
   &Method [&Type "Integer"] 20
   &RelCorrection [&Type "Integer"] 1 "Type of relativistic treatment in QDPT. 0->Unknow, 1->None, 2->SOC, 3->SSC, 4->SOC/SSC"
   &DensType [&Type "Integer"] 3 "Type of density (electron/spin ...). 0->Unknow, 1->Electronic, 2->Spin, 3->Trans/Electronic, 4->Tran/Spin"
   &DeriType [&Type "Integer"] 0 "Type of derivative (w.r.t. to what perturbation). 0->Unknown, 1->No Derivative, 2->Electric/Dipole, 3->Electric/Quad, 4->Magnetic/Dipole, 5->Magnetic/Quad"
   &DensLevel [&Type "Integer"] 0 "// Source of density: relaxed, unrelaxed, ... 0->Unknown, 1->Linearized, 2->Unrelaxed, 3->Relaxed"
   &Density_name [&Type "String"] "Tdens-CIS"
   &Representation [&Type "String"] "Length" "Possible values: Unknown,  Length, Velocity"
   &PointGroup [&Type "String"] "C1"
   &DoHigherMoments [&Type "Boolean"] false
   &NTrans [&Type "Integer"] 8
   &ExcitationEnergies [&Type "ArrayOfDoubles", &Dim (8,11)] 
                                                         0                           1                           2                           3                           4                           5                           6                           7

0                                      3.5218988029224487e+00         2.8406032508303644e+04         3.5203789888914622e+02         2.0932300011969600e-02         2.4259506289485733e-01         2.8285023401471981e-01         0.0000000000000000e+00         3.4931603115548460e-01
1                                      3.6317729324832433e+00         2.9292227220524121e+04         3.4138749248105387e+02         3.3924574241346300e-01         3.8127435836076913e+00         1.9033089722348879e+00         0.0000000000000000e+00         4.3507620698101224e-01
2                                      3.9794219679279190e+00         3.2096206083893896e+04         3.1156330358366159e+02         3.0265070996743079e-12         3.1042992819988127e-11         3.2716692503660660e-06         0.0000000000000000e+00         4.0958494331639651e-06
3                                      4.0707860176071264e+00         3.2833106917933845e+04         3.0457062820752662e+02         3.2787228428319614e-11         3.2875193127106159e-10         8.8747955527650191e-06         0.0000000000000000e+00        -1.2310790014423423e-05
4                                      4.2632509632409175e+00         3.4385441555671227e+04         2.9082075284127586e+02         5.6515014629808070e-08         5.4108416706223305e-07        -7.1590958474745947e-04         0.0000000000000000e+00         7.2912236188556190e-05
5                                      4.2725500841675075e+00         3.4460444031926418e+04         2.9018778721293734e+02         2.2577221285376758e+00         2.1568761479693688e+01        -4.5421746436842039e+00         0.0000000000000000e+00         3.6237495947317494e-01
6                                      4.4222860660524965e+00         3.5668146299112035e+04         2.8036220094367366e+02         1.9480053254923110e-01         1.7979813715849229e+00         1.8896682262236056e-01         0.0000000000000000e+00         1.1042392958917160e+00
7                                      4.5875041729167041e+00         3.7000720338618994e+04         2.7026500858586360e+02         2.5264760002306160e-03         2.2479186231278245e-02        -1.2251827119677219e-01         0.0000000000000000e+00        -7.8227276908134635e-02
                                                         8                           9                          10

0                                      0.0000000000000000e+00         2.0141777079109993e-01         0.0000000000000000e+00
1                                      0.0000000000000000e+00         2.9448835917256520e-02         0.0000000000000000e+00
2                                      0.0000000000000000e+00         1.8876415329844003e-06         0.0000000000000000e+00
3                                      0.0000000000000000e+00        -9.9214104031864533e-06         0.0000000000000000e+00
4                                      0.0000000000000000e+00         1.5245143273494473e-04         0.0000000000000000e+00
5                                      0.0000000000000000e+00         8.9782814319488657e-01         0.0000000000000000e+00
6                                      0.0000000000000000e+00         7.3683681296573378e-01         0.0000000000000000e+00
7                                      0.0000000000000000e+00        -3.6728090091515134e-02         0.0000000000000000e+00
   &States [&Type "ArrayOfIntegers", &Dim (8,4)] "The initial and Final states. Col1: Initial State  Col2: Initial Irrep Col3: Final State Col4: Final Irrep"
                                                         0                           1                           2                           3

0                                                        0                           0                           1                           0
1                                                        0                           0                           2                           0
2                                                        0                           0                           3                           0
3                                                        0                           0                           4                           0
4                                                        0                           0                           5                           0
5                                                        0                           0                           6                           0
6                                                        0                           0                           7                           0
7                                                        0                           0                           8                           0
   &Multiplicities [&Type "ArrayOfDoubles", &Dim (8,2)] "Col1: Multiplicity of the initial state  Col2: Multiplicity of the final state"
                                                         0                           1

0                                      1.0000000000000000e+00         1.0000000000000000e+00
1                                      1.0000000000000000e+00         1.0000000000000000e+00
2                                      1.0000000000000000e+00         1.0000000000000000e+00
3                                      1.0000000000000000e+00         1.0000000000000000e+00
4                                      1.0000000000000000e+00         1.0000000000000000e+00
5                                      1.0000000000000000e+00         1.0000000000000000e+00
6                                      1.0000000000000000e+00         1.0000000000000000e+00
7                                      1.0000000000000000e+00         1.0000000000000000e+00
   &Temperature [&Type "Double"]       2.9814999999999998e+02
$End
$CIS_Absorption_Spectrum
   &GeometryIndex 1
   &Method [&Type "Integer"] 20
   &RelCorrection [&Type "Integer"] 1 "Type of relativistic treatment in QDPT. 0->Unknow, 1->None, 2->SOC, 3->SSC, 4->SOC/SSC"
   &DensType [&Type "Integer"] 3 "Type of density (electron/spin ...). 0->Unknow, 1->Electronic, 2->Spin, 3->Trans/Electronic, 4->Tran/Spin"
   &DeriType [&Type "Integer"] 0 "Type of derivative (w.r.t. to what perturbation). 0->Unknown, 1->No Derivative, 2->Electric/Dipole, 3->Electric/Quad, 4->Magnetic/Dipole, 5->Magnetic/Quad"
   &DensLevel [&Type "Integer"] 0 "// Source of density: relaxed, unrelaxed, ... 0->Unknown, 1->Linearized, 2->Unrelaxed, 3->Relaxed"
   &Density_name [&Type "String"] "Tdens-CIS"
   &Representation [&Type "String"] "Velocity" "Possible values: Unknown,  Length, Velocity"
   &PointGroup [&Type "String"] "C1"
   &DoHigherMoments [&Type "Boolean"] false
   &NTrans [&Type "Integer"] 8
   &ExcitationEnergies [&Type "ArrayOfDoubles", &Dim (8,11)] 
                                                         0                           1                           2                           3                           4                           5                           6                           7

0                                      3.5218988029224487e+00         2.8406032508303644e+04         3.5203789888914622e+02         1.6669860637592805e-03         3.2363052639445454e-04        -1.2707541285051412e-02         0.0000000000000000e+00         9.6285346681394893e-03
1                                      3.6317729324832433e+00         2.9292227220524121e+04         3.4138749248105387e+02         8.9877377820432855e-02         1.7993254323711700e-02        -1.2887404722951282e-01         0.0000000000000000e+00         1.9395067443437844e-02
2                                      3.9794219679279190e+00         3.2096206083893896e+04         3.1156330358366159e+02         1.3754177262395783e-12         0.0000000000000000e+00        -1.7336196076936090e-07         0.0000000000000000e+00         3.1650445599205179e-07
3                                      4.0707860176071264e+00         3.2833106917933845e+04         3.0457062820752662e+02         9.1091142242426884e-12         2.0440666836971614e-12        -1.2493648258448097e-06         0.0000000000000000e+00        -6.8992248054771540e-07
4                                      4.2632509632409175e+00         3.4385441555671227e+04         2.9082075284127586e+02         2.1128325220397983e-08         4.9653127621322487e-09         6.9917454746268285e-05         0.0000000000000000e+00         6.1769862761337881e-06
5                                      4.2725500841675075e+00         3.4460444031926418e+04         2.9018778721293734e+02         8.3502769250446118e-01         1.9666572544923255e-01         4.4044240478011654e-01         0.0000000000000000e+00         3.2120853031086437e-02
6                                      4.4222860660524965e+00         3.5668146299112035e+04         2.8036220094367366e+02         1.4886470073875795e-02         3.6289350790821096e-03        -2.6888844355357874e-02         0.0000000000000000e+00         4.2485288480760240e-02
7                                      4.5875041729167041e+00         3.7000720338618994e+04         2.7026500858586360e+02         7.9581117603680460e-04         2.0124594754649216e-04         1.3963792569918131e-02         0.0000000000000000e+00         2.4939819396487162e-03
                                                         8                           9                          10

0                                      0.0000000000000000e+00         8.3330811245063748e-03         0.0000000000000000e+00
1                                      0.0000000000000000e+00         3.1757922370040201e-02         0.0000000000000000e+00
2                                      0.0000000000000000e+00         4.1410676248515564e-07         0.0000000000000000e+00
3                                      0.0000000000000000e+00        -8.4623793780573281e-08         0.0000000000000000e+00
4                                      0.0000000000000000e+00        -6.2215050012219382e-06         0.0000000000000000e+00
5                                      0.0000000000000000e+00        -4.0551995281316124e-02         0.0000000000000000e+00
6                                      0.0000000000000000e+00         3.3180195765275859e-02         0.0000000000000000e+00
7                                      0.0000000000000000e+00        -1.9621084449488992e-04         0.0000000000000000e+00
   &States [&Type "ArrayOfIntegers", &Dim (8,4)] "The initial and Final states. Col1: Initial State  Col2: Initial Irrep Col3: Final State Col4: Final Irrep"
                                                         0                           1                           2                           3

0                                                        0                           0                           1                           0
1                                                        0                           0                           2                           0
2                                                        0                           0                           3                           0
3                                                        0                           0                           4                           0
4                                                        0                           0                           5                           0
5                                                        0                           0                           6                           0
6                                                        0                           0                           7                           0
7                                                        0                           0                           8                           0
   &Multiplicities [&Type "ArrayOfDoubles", &Dim (8,2)] "Col1: Multiplicity of the initial state  Col2: Multiplicity of the final state"
                                                         0                           1

0                                      1.0000000000000000e+00         1.0000000000000000e+00
1                                      1.0000000000000000e+00         1.0000000000000000e+00
2                                      1.0000000000000000e+00         1.0000000000000000e+00
3                                      1.0000000000000000e+00         1.0000000000000000e+00
4                                      1.0000000000000000e+00         1.0000000000000000e+00
5                                      1.0000000000000000e+00         1.0000000000000000e+00
6                                      1.0000000000000000e+00         1.0000000000000000e+00
7                                      1.0000000000000000e+00         1.0000000000000000e+00
   &Temperature [&Type "Double"]       2.9814999999999998e+02
$End
$CIS_ECD_Spectrum
   &GeometryIndex 1
   &Method [&Type "Integer"] 20
   &RelCorrection [&Type "Integer"] 1 "Type of relativistic treatment in QDPT. 0->Unknow, 1->None, 2->SOC, 3->SSC, 4->SOC/SSC"
   &DensType [&Type "Integer"] 3 "Type of density (electron/spin ...). 0->Unknow, 1->Electronic, 2->Spin, 3->Trans/Electronic, 4->Tran/Spin"
   &DeriType [&Type "Integer"] 0 "Type of derivative (w.r.t. to what perturbation). 0->Unknown, 1->No Derivative, 2->Electric/Dipole, 3->Electric/Quad, 4->Magnetic/Dipole, 5->Magnetic/Quad"
   &DensLevel [&Type "Integer"] 0 "// Source of density: relaxed, unrelaxed, ... 0->Unknown, 1->Linearized, 2->Unrelaxed, 3->Relaxed"
   &Density_name [&Type "String"] "Tdens-CIS"
   &Representation [&Type "String"] "Length" "Possible values: Unknown,  Length, Velocity"
   &PointGroup [&Type "String"] "C1"
   &DoHigherMoments [&Type "Boolean"] false
   &NTrans [&Type "Integer"] 8
   &ExcitationEnergies [&Type "ArrayOfDoubles", &Dim (8,10)] 
                                                         0                           1                           2                           3                           4                           5                           6                           7

0                                      3.5218988029224487e+00         2.8406032508303644e+04         3.5203789888914622e+02         6.3556682267486633e-05        -9.1186713249156487e-08         0.0000000000000000e+00        -2.6074486093032037e-07         0.0000000000000000e+00
1                                      3.6317729324832433e+00         2.9292227220524121e+04         3.4138749248105387e+02        -6.8867036627950191e-04         5.0980857829811257e-07         0.0000000000000000e+00         1.1532265569925774e-06         0.0000000000000000e+00
2                                      3.9794219679279190e+00         3.2096206083893896e+04         3.1156330358366159e+02         4.0198266277361599e-06         2.5682980414669298e-03         0.0000000000000000e+00        -1.2828447831564272e-02         0.0000000000000000e+00
3                                      4.0707860176071264e+00         3.2833106917933845e+04         3.0457062820752662e+02         5.3440767435844733e-06         4.6502631854847204e-03         0.0000000000000000e+00        -2.1487381828861906e-02         0.0000000000000000e+00
4                                      4.2632509632409175e+00         3.4385441555671227e+04         2.9082075284127586e+02         4.6145180907333669e-06         3.0069516297201251e-02         0.0000000000000000e+00        -1.4552400191985776e-01         0.0000000000000000e+00
5                                      4.2725500841675075e+00         3.4460444031926418e+04         2.9018778721293734e+02         6.1096991707632736e-04        -5.0771091619151358e-06         0.0000000000000000e+00         2.4826250148344929e-05         0.0000000000000000e+00
6                                      4.4222860660524965e+00         3.5668146299112035e+04         2.8036220094367366e+02        -3.3441369498201555e-04         5.9001336334650312e-07         0.0000000000000000e+00        -3.5129986194266779e-07         0.0000000000000000e+00
7                                      4.5875041729167041e+00         3.7000720338618994e+04         2.7026500858586360e+02        -6.9479117528651812e-05        -1.5760104746257747e-07         0.0000000000000000e+00        -2.0266715392983688e-06         0.0000000000000000e+00
                                                         8                           9

0                                     -8.9050542440234297e-08         0.0000000000000000e+00
1                                     -3.8429403168952285e-07         0.0000000000000000e+00
2                                      1.8867068729717676e-02         0.0000000000000000e+00
3                                      3.1964424255237898e-02         0.0000000000000000e+00
4                                      2.1074086897251609e-01         0.0000000000000000e+00
5                                     -3.7149051714833370e-05         0.0000000000000000e+00
6                                      1.3378205045426101e-06         0.0000000000000000e+00
7                                      8.2979932247936968e-07         0.0000000000000000e+00
   &States [&Type "ArrayOfIntegers", &Dim (8,4)] "The initial and Final states. Col1: Initial State  Col2: Initial Irrep Col3: Final State Col4: Final Irrep"
                                                         0                           1                           2                           3

0                                                        0                           0                           1                           0
1                                                        0                           0                           2                           0
2                                                        0                           0                           3                           0
3                                                        0                           0                           4                           0
4                                                        0                           0                           5                           0
5                                                        0                           0                           6                           0
6                                                        0                           0                           7                           0
7                                                        0                           0                           8                           0
   &Multiplicities [&Type "ArrayOfDoubles", &Dim (8,2)] "Col1: Multiplicity of the initial state  Col2: Multiplicity of the final state"
                                                         0                           1

0                                      1.0000000000000000e+00         1.0000000000000000e+00
1                                      1.0000000000000000e+00         1.0000000000000000e+00
2                                      1.0000000000000000e+00         1.0000000000000000e+00
3                                      1.0000000000000000e+00         1.0000000000000000e+00
4                                      1.0000000000000000e+00         1.0000000000000000e+00
5                                      1.0000000000000000e+00         1.0000000000000000e+00
6                                      1.0000000000000000e+00         1.0000000000000000e+00
7                                      1.0000000000000000e+00         1.0000000000000000e+00
   &Temperature [&Type "Double"]       2.9814999999999998e+02
$End
$CIS_ECD_Spectrum
   &GeometryIndex 1
   &Method [&Type "Integer"] 20
   &RelCorrection [&Type "Integer"] 1 "Type of relativistic treatment in QDPT. 0->Unknow, 1->None, 2->SOC, 3->SSC, 4->SOC/SSC"
   &DensType [&Type "Integer"] 3 "Type of density (electron/spin ...). 0->Unknow, 1->Electronic, 2->Spin, 3->Trans/Electronic, 4->Tran/Spin"
   &DeriType [&Type "Integer"] 0 "Type of derivative (w.r.t. to what perturbation). 0->Unknown, 1->No Derivative, 2->Electric/Dipole, 3->Electric/Quad, 4->Magnetic/Dipole, 5->Magnetic/Quad"
   &DensLevel [&Type "Integer"] 0 "// Source of density: relaxed, unrelaxed, ... 0->Unknown, 1->Linearized, 2->Unrelaxed, 3->Relaxed"
   &Density_name [&Type "String"] "Tdens-CIS"
   &Representation [&Type "String"] "Velocity" "Possible values: Unknown,  Length, Velocity"
   &PointGroup [&Type "String"] "C1"
   &DoHigherMoments [&Type "Boolean"] false
   &NTrans [&Type "Integer"] 8
   &ExcitationEnergies [&Type "ArrayOfDoubles", &Dim (8,10)] 
                                                         0                           1                           2                           3                           4                           5                           6                           7

0                                      3.5218988029224487e+00         2.8406032508303644e+04         3.5203789888914622e+02        -7.6272036360572337e-06        -9.1186713249156487e-08         0.0000000000000000e+00        -2.6074486093032037e-07         0.0000000000000000e+00
1                                      3.6317729324832433e+00         2.9292227220524121e+04         3.4138749248105387e+02        -1.9618364808966711e-04         5.0980857829811257e-07         0.0000000000000000e+00         1.1532265569925774e-06         0.0000000000000000e+00
2                                      3.9794219679279190e+00         3.2096206083893896e+04         3.1156330358366159e+02         1.0662605687359014e-05         2.5682980414669298e-03         0.0000000000000000e+00        -1.2828447831564272e-02         0.0000000000000000e+00
3                                      4.0707860176071264e+00         3.2833106917933845e+04         3.0457062820752662e+02         1.9884938432816977e-05         4.6502631854847204e-03         0.0000000000000000e+00        -2.1487381828861906e-02         0.0000000000000000e+00
4                                      4.2632509632409175e+00         3.4385441555671227e+04         2.9082075284127586e+02        -3.2390973154890120e-04         3.0069516297201251e-02         0.0000000000000000e+00        -1.4552400191985776e-01         0.0000000000000000e+00
5                                      4.2725500841675075e+00         3.4460444031926418e+04         2.9018778721293734e+02         2.0338012779750399e-04        -5.0771091619151358e-06         0.0000000000000000e+00         2.4826250148344929e-05         0.0000000000000000e+00
6                                      4.4222860660524965e+00         3.5668146299112035e+04         2.8036220094367366e+02         3.9450844740943296e-05         5.9001336334650312e-07         0.0000000000000000e+00        -3.5129986194266779e-07         0.0000000000000000e+00
7                                      4.5875041729167041e+00         3.7000720338618994e+04         2.7026500858586360e+02        -2.0744240291754742e-05        -1.5760104746257747e-07         0.0000000000000000e+00        -2.0266715392983688e-06         0.0000000000000000e+00
                                                         8                           9

0                                     -8.9050542440234297e-08         0.0000000000000000e+00
1                                     -3.8429403168952285e-07         0.0000000000000000e+00
2                                      1.8867068729717676e-02         0.0000000000000000e+00
3                                      3.1964424255237898e-02         0.0000000000000000e+00
4                                      2.1074086897251609e-01         0.0000000000000000e+00
5                                     -3.7149051714833370e-05         0.0000000000000000e+00
6                                      1.3378205045426101e-06         0.0000000000000000e+00
7                                      8.2979932247936968e-07         0.0000000000000000e+00
   &States [&Type "ArrayOfIntegers", &Dim (8,4)] "The initial and Final states. Col1: Initial State  Col2: Initial Irrep Col3: Final State Col4: Final Irrep"
                                                         0                           1                           2                           3

0                                                        0                           0                           1                           0
1                                                        0                           0                           2                           0
2                                                        0                           0                           3                           0
3                                                        0                           0                           4                           0
4                                                        0                           0                           5                           0
5                                                        0                           0                           6                           0
6                                                        0                           0                           7                           0
7                                                        0                           0                           8                           0
   &Multiplicities [&Type "ArrayOfDoubles", &Dim (8,2)] "Col1: Multiplicity of the initial state  Col2: Multiplicity of the final state"
                                                         0                           1

0                                      1.0000000000000000e+00         1.0000000000000000e+00
1                                      1.0000000000000000e+00         1.0000000000000000e+00
2                                      1.0000000000000000e+00         1.0000000000000000e+00
3                                      1.0000000000000000e+00         1.0000000000000000e+00
4                                      1.0000000000000000e+00         1.0000000000000000e+00
5                                      1.0000000000000000e+00         1.0000000000000000e+00
6                                      1.0000000000000000e+00         1.0000000000000000e+00
7                                      1.0000000000000000e+00         1.0000000000000000e+00
   &Temperature [&Type "Double"]       2.9814999999999998e+02
$End
$CIS_Energies
   &GeometryIndex 1
   &e0 [&Type "Double"]      -9.9982715332815826e+02  "Ground state energy"
   &multP1 [&Type "Boolean"] false "Do the higher multiplicity too?"
   &mode [&Type "String"] "TDA" "CIS mode: CIS, RPA, TDA, TD-DFT, sTDA, sTD-DFT"
   &dCorr [&Type "Integer"] 0 "(D) Correction algorithm"
   &Method [&Type "String"] "TDA/CIS"
   &totalEnergy [&Type "ArrayOfDoubles", &Dim (8,1)] "Total energy of each state"
                                                         0

0                                     -9.9969772592084303e+02
1                                     -9.9969368812063476e+02
2                                     -9.9968091225289095e+02
3                                     -9.9967755468564280e+02
4                                     -9.9967048172860848e+02
5                                     -9.9967013999218182e+02
6                                     -9.9966463729576674e+02
7                                     -9.9965856564169326e+02
   &Mult [&Type "ArrayOfIntegers", &Dim (8,1)] "Multiplicity of each state"
                                                         0

0                                                        1
1                                                        1
2                                                        1
3                                                        1
4                                                        1
5                                                        1
6                                                        1
7                                                        1
   &RelCorr [&Type "String"] "None" "Relativistic correction (SOC and/or SSC)"
   &NBlocks [&Type "Integer"] 1 "Number of multiplicity blocks"
   &NRoots [&Type "ArrayOfIntegers", &Dim (1,1)] "Number of roots in each block"
                                                         0

0                                                        8
   &NTotalRoots [&Type "Integer"] 8 "Total number of roots"
   &Block [&Type "ArrayOfIntegers", &Dim (8,1)] "Block index of each state"
                                                         0

0                                                        0
1                                                        0
2                                                        0
3                                                        0
4                                                        0
5                                                        0
6                                                        0
7                                                        0
   &Root [&Type "ArrayOfIntegers", &Dim (8,1)] "Root index within the block"
                                                         0

0                                                        0
1                                                        1
2                                                        2
3                                                        3
4                                                        4
5                                                        5
6                                                        6
7                                                        7
$End
$Single_Point_Data
   &GeometryIndex 1
   &FinalEnergy [&Type "Double"]      -9.9969772592084303e+02  "Final single point energy"
   &Converged [&Type "Boolean"] true
$End
$Calculation_Info
   &GeometryIndex 1
   &Mult [&Type "Integer"] 1
   &Charge [&Type "Integer"] 0
   &NumOfAtoms [&Type "Integer"] 42
   &NumOfElectrons [&Type "Integer"] 172
   &NumOfBasisFuncts [&Type "Integer"] 396
   &NumOfAuxCBasisFuncts [&Type "Integer"] 0
   &NumOfAuxJBasisFuncts [&Type "Integer"] 1450
   &NumOfAuxJKBasisFuncts [&Type "Integer"] 0
   &NumOfCABSBasisFuncts [&Type "Integer"] 0
$End
$SCF_Dipole_Moment
   &GeometryIndex 1
   &dipoleMagnitude [&Type "Double", &Units "a.u."]       1.4526372645776723e-05
   &dipoleElecContrib [&Type "ArrayOfDoubles", &Dim (3,1)] "Electronic contribution"
                                                         0

0                                      5.1901201678639097e-06
1                                      1.1880438150035921e-05
2                                      5.7700844740826707e-06
   &dipoleNucContrib [&Type "ArrayOfDoubles", &Dim (3,1)] "Nuclear contribution"
                                                         0

0                                      9.2335221690831304e-06
1                                     -1.0499982974199185e-05
2                                     -6.8037127860520741e-06
   &dipoleTotal [&Type "ArrayOfDoubles", &Dim (3,1)] "Total"
                                                         0

0                                      1.4423642336947040e-05
1                                      1.3804551758367367e-06
2                                     -1.0336283119694034e-06
   &doAtomicDipole [&Type "Boolean"] false
   &Method [&Type "String"] "SCF"
   &Level [&Type "String"] "Relaxed density"
   &Mult [&Type "Integer"] 1
   &State [&Type "Integer"] -1
   &Irrep [&Type "Integer"] 0
$End
$Calculation_Timings
   &GeometryIndex 1
   &GTOINT [&Type "Double"]       5.6889930000000000e+00
   &SCF [&Type "Double"]       5.6625422000000000e+01
   &CIS [&Type "Double"]       5.0231827999999993e+01
   &PROPINT [&Type "Double"]       3.2235619999999940e+00
   &PROP [&Type "Double"]       3.1717399999999998e+00
   &SUM [&Type "Double"]       1.1894154499999999e+02
$End
