*************************************************
******************* ORCA 6.1.1 ******************
*************************************************
$Calculation_Status
   &GeometryIndex 1
   &version [&Type "String"] "6.1.1"
   &progName [&Type "String"] "ProgCIS"
   &Status [&Type "String"] "NORMAL TERMINATION"
$End
$Geometry
   &GeometryIndex 1
   &NAtoms [&Type "Integer"] 46
   &NCorelessECP [&Type "Integer"] 0
   &NGhostAtoms [&Type "Integer"] 0
   &CartesianCoordinates [&Type "Coordinates", &Dim(46,4), &Units "Bohr"] 
              O      4.331526309237   -5.041167605404   -6.442044265193
              C      6.043332837923   -3.962515707614   -5.190796120688
              N      8.534505887940   -3.533175599165   -6.113390654886
              C      9.627394982423   -2.369136426014   -4.257165585867
              C      8.061069020156   -1.989446982008   -2.173927716380
              C      5.794357640327   -2.966331458308   -2.639032781639
              C      3.464151462398   -2.924521267595   -1.021088950025
              N      2.385484446799   -0.378578285039   -0.916407570836
              C      0.234429975544    0.266404141730    0.619312386965
              C     -0.602401227793    2.783186760313    0.688706910055
              C     -2.686461128148    3.465623559056    2.160238540266
              C     -3.962243587051    1.643489149493    3.589961869490
              C     -3.144453264239   -0.873595825272    3.528345459167
              C     -1.061750187248   -1.561441020210    2.055797156296
              S     -6.619952532071    2.526172667743    5.386450805689
              O     -5.896478440604    4.653849336995    7.122527087114
              O     -7.548907884437    0.347601894252    6.955165381789
              N     -9.013659177279    3.516797342763    3.384495726401
              C    -10.006727268189    1.913755891440    1.440919956567
              C    -11.883119494510    2.815588004605   -0.196826315205
              C    -12.823708000955    1.232549304410   -2.087835573171
              C    -11.891791447738   -1.223431375814   -2.328605579894
              C    -10.024090071908   -2.062509463524   -0.664000630580
              N     -9.133004831266   -0.493379147675    1.165114427321
              C      9.004042360983   -0.712819815524   -0.065828609875
              S      7.631141206880    0.067827940125    2.688509591277
              C     10.277662973188    1.482408893837    3.793611985764
              N     12.196218769009    1.374065225401    2.099687935483
              C     11.487017779031    0.154872505306   -0.044111877144
              C     13.082248992242   -0.234445093353   -2.132903651739
              C     12.140237522017   -1.513880392872   -4.273630769672
              H      3.959658441699   -3.575291925512    0.911050197246
              H      2.043553620675   -4.248843231973   -1.817198444901
              H      3.231259723927    1.057779872641   -1.980928096597
              H      0.361376108042    4.220752452993   -0.402895280930
              H     -3.311285846246    5.414072932589    2.179406032442
              H     -4.122067174827   -2.310641843265    4.606156428827
              H     -0.484744988969   -3.521470635492    2.043039615166
              H     -9.706000030690    5.353350362728    3.595840807492
              H    -12.603513332379    4.721698064108   -0.011721971209
              H    -14.271204204469    1.909148739126   -3.364672499256
              H    -12.608653387463   -2.463163529260   -3.788774286861
              H     -9.281654468413   -3.960590076683   -0.825298204741
              H     10.448352486235    2.373919322859    5.624363546498
              H     15.011428828387    0.445364986064   -2.106695039987
              H     13.337428160736   -1.819904532725   -5.904158287612
$End
$SCF_Mulliken_Population_Analysis
   &GeometryIndex 1
   &NAtoms [&Type "Integer"] 46
   &ATNO [&Type "ArrayOfIntegers", &Dim (46,1)] 
                                                         0

0                                                        8
1                                                        6
2                                                        7
3                                                        6
4                                                        6
5                                                        6
6                                                        6
7                                                        7
8                                                        6
9                                                        6
10                                                       6
11                                                       6
12                                                       6
13                                                       6
14                                                      16
15                                                       8
16                                                       8
17                                                       7
18                                                       6
19                                                       6
20                                                       6
21                                                       6
22                                                       6
23                                                       7
24                                                       6
25                                                      16
26                                                       6
27                                                       7
28                                                       6
29                                                       6
30                                                       6
31                                                       1
32                                                       1
33                                                       1
34                                                       1
35                                                       1
36                                                       1
37                                                       1
38                                                       1
39                                                       1
40                                                       1
41                                                       1
42                                                       1
43                                                       1
44                                                       1
45                                                       1
   &AtomicCharges [&Type "ArrayOfDoubles", &Dim (46,1)] 
                                                         0

0                                     -4.4639827811666422e-01
1                                      4.4559852668217381e-01
2                                     -5.1911472155634186e-01
3                                      2.8443134566964723e-01
4                                      1.4851733178709825e-01
5                                     -4.7079679303312361e-03
6                                     -1.8820166220942447e-01
7                                     -6.7190621344506418e-01
8                                      3.5783885852562847e-01
9                                     -1.9261732688939670e-01
10                                    -1.5836662667586943e-01
11                                    -1.5000115993754548e-01
12                                    -1.4391845668315550e-01
13                                    -2.0132789938806095e-01
14                                     1.1969202528158362e+00
15                                    -5.8859466562653573e-01
16                                    -5.9264179833599151e-01
17                                    -7.8819985921471414e-01
18                                     4.6786329391426307e-01
19                                    -1.8927868394933789e-01
20                                    -1.0938284134460297e-01
21                                    -1.6419582618516237e-01
22                                     3.1272238762793947e-03
23                                    -4.6602086817445887e-01
24                                    -2.3378040771278119e-01
25                                     3.4301790917824881e-01
26                                    -1.5600206848572640e-01
27                                    -4.1406578530272675e-01
28                                     2.4970206845361087e-01
29                                    -1.2250338995012910e-01
30                                    -2.0673730207295993e-01
31                                     1.9369414578205046e-01
32                                     1.8497625691981323e-01
33                                     3.7176866631022998e-01
34                                     1.7509099309068454e-01
35                                     1.8779133856859920e-01
36                                     1.8265475855764390e-01
37                                     1.7998666058249124e-01
38                                     4.2023107006325067e-01
39                                     1.7348740255471062e-01
40                                     1.7784191172731512e-01
41                                     1.6245117111781360e-01
42                                     1.7929132136345016e-01
43                                     2.4251082354156983e-01
44                                     1.9863267528032802e-01
45                                     1.8053780282426990e-01
   &Method [&Type "String"] "SCF"
   &Level [&Type "String"] "Relaxed density"
   &Mult [&Type "Integer"] 1
   &State [&Type "Integer"] -1
   &Irrep [&Type "Integer"] 0
$End
$SCF_Loewdin_Population_Analysis
   &GeometryIndex 1
   &NAtoms [&Type "Integer"] 46
   &ATNO [&Type "ArrayOfIntegers", &Dim (46,1)] 
                                                         0

0                                                        8
1                                                        6
2                                                        7
3                                                        6
4                                                        6
5                                                        6
6                                                        6
7                                                        7
8                                                        6
9                                                        6
10                                                       6
11                                                       6
12                                                       6
13                                                       6
14                                                      16
15                                                       8
16                                                       8
17                                                       7
18                                                       6
19                                                       6
20                                                       6
21                                                       6
22                                                       6
23                                                       7
24                                                       6
25                                                      16
26                                                       6
27                                                       7
28                                                       6
29                                                       6
30                                                       6
31                                                       1
32                                                       1
33                                                       1
34                                                       1
35                                                       1
36                                                       1
37                                                       1
38                                                       1
39                                                       1
40                                                       1
41                                                       1
42                                                       1
43                                                       1
44                                                       1
45                                                       1
   &AtomicCharges [&Type "ArrayOfDoubles", &Dim (46,1)] 
                                                         0

0                                     -2.1217115823691479e-01
1                                      1.4960132010116478e-01
2                                     -2.2918799524255196e-01
3                                      6.1466579786515041e-02
4                                     -1.1089026061680052e-02
5                                     -2.3557674411090801e-02
6                                     -1.5122139059334128e-01
7                                     -2.4200410643215431e-01
8                                      6.2808896940604875e-02
9                                     -1.5607510402186975e-01
10                                    -1.0186792785553056e-01
11                                    -2.3003632244529904e-01
12                                    -9.0904229235675871e-02
13                                    -1.7182978912007218e-01
14                                     1.2681139144009830e+00
15                                    -6.1768486047577653e-01
16                                    -6.1996234485015300e-01
17                                    -4.0769252052407090e-01
18                                     6.8277042144976541e-02
19                                    -1.6029319243241513e-01
20                                    -9.4544690075367477e-02
21                                    -1.6283981119769564e-01
22                                    -6.6189904935730404e-02
23                                    -1.8610353879166741e-01
24                                    -1.8763588454202562e-01
25                                     4.6364888562027140e-01
26                                    -2.1205523254953018e-01
27                                    -1.6244265026324012e-01
28                                    -2.5682823264176591e-02
29                                    -4.7005401377962386e-02
30                                    -1.4036922777651029e-01
31                                     1.4763429025569241e-01
32                                     1.4383827449019537e-01
33                                     2.7759914966790611e-01
34                                     1.5502019196443673e-01
35                                     1.6010856343534008e-01
36                                     1.5997348615367457e-01
37                                     1.5595268824834840e-01
38                                     3.1257917202844743e-01
39                                     1.5362132823407693e-01
40                                     1.5502791829894136e-01
41                                     1.4864856115057479e-01
42                                     1.4872938854666928e-01
43                                     1.8548156619328027e-01
44                                     1.7041561999822519e-01
45                                     1.6189996905221005e-01
   &Method [&Type "String"] "SCF"
   &Level [&Type "String"] "Relaxed density"
   &Mult [&Type "Integer"] 1
   &State [&Type "Integer"] -1
   &Irrep [&Type "Integer"] 0
$End
$SCF_Mayer_Population_Analysis
   &GeometryIndex 1
   &NAtoms [&Type "Integer"] 46 "Total number of atoms"
   &NBondOrdersPrint [&Type "Integer"] 52 "The number of bond orders larger than threshold"
   &bondThresh [&Type "Double"]       1.0000000000000001e-01  "The threshold for printing"
   &components [&Type "ArrayOfIntegers", &Dim (52,4)] "The indices and atomic numbers of the bonding atoms"
                                                         0                           1                           2                           3

0                                                        0                           8                           1                           6
1                                                        1                           6                           2                           7
2                                                        1                           6                           5                           6
3                                                        2                           7                           3                           6
4                                                        3                           6                           4                           6
5                                                        3                           6                          30                           6
6                                                        4                           6                           5                           6
7                                                        4                           6                          24                           6
8                                                        5                           6                           6                           6
9                                                        6                           6                           7                           7
10                                                       6                           6                          31                           1
11                                                       6                           6                          32                           1
12                                                       7                           7                           8                           6
13                                                       7                           7                          33                           1
14                                                       8                           6                           9                           6
15                                                       8                           6                          13                           6
16                                                       9                           6                          10                           6
17                                                       9                           6                          34                           1
18                                                      10                           6                          11                           6
19                                                      10                           6                          35                           1
20                                                      11                           6                          12                           6
21                                                      11                           6                          14                          16
22                                                      12                           6                          13                           6
23                                                      12                           6                          36                           1
24                                                      13                           6                          37                           1
25                                                      14                          16                          15                           8
26                                                      14                          16                          16                           8
27                                                      14                          16                          17                           7
28                                                      17                           7                          18                           6
29                                                      17                           7                          38                           1
30                                                      18                           6                          19                           6
31                                                      18                           6                          23                           7
32                                                      19                           6                          20                           6
33                                                      19                           6                          22                           6
34                                                      19                           6                          39                           1
35                                                      20                           6                          21                           6
36                                                      20                           6                          40                           1
37                                                      21                           6                          22                           6
38                                                      21                           6                          41                           1
39                                                      22                           6                          23                           7
40                                                      22                           6                          42                           1
41                                                      24                           6                          25                          16
42                                                      24                           6                          26                           6
43                                                      24                           6                          28                           6
44                                                      25                          16                          26                           6
45                                                      26                           6                          27                           7
46                                                      26                           6                          43                           1
47                                                      27                           7                          28                           6
48                                                      28                           6                          29                           6
49                                                      29                           6                          30                           6
50                                                      29                           6                          44                           1
51                                                      30                           6                          45                           1
   &BondOrders [&Type "ArrayOfDoubles", &Dim (52,1)] "The bond orders"
                                                         0

0                                      1.8217126893193933e+00
1                                      1.1039684181134657e+00
2                                      9.3027468205046560e-01
3                                      1.5490448203487772e+00
4                                      1.0769391394723673e+00
5                                      1.2044713640789966e+00
6                                      1.6221993939138994e+00
7                                      1.0892819679497312e+00
8                                      1.0061607437420581e+00
9                                      9.2306953000719461e-01
10                                     8.9229438548940276e-01
11                                     9.0346354557065078e-01
12                                     1.0201411440966932e+00
13                                     8.0435821398873719e-01
14                                     1.3429354500126516e+00
15                                     1.3535257953070132e+00
16                                     1.4939795491273349e+00
17                                     9.1481490279990019e-01
18                                     1.3437555962146837e+00
19                                     9.1038081545988780e-01
20                                     1.3709231684431686e+00
21                                     8.4909578627707871e-01
22                                     1.4637904634799481e+00
23                                     9.0934967572728498e-01
24                                     9.0867708979971684e-01
25                                     1.6404091232820905e+00
26                                     1.6223477257007415e+00
27                                     8.2782266417335992e-01
28                                     9.2603221178286033e-01
29                                     7.7088002051048443e-01
30                                     1.3764908981387363e+00
31                                     1.3830457679087251e+00
32                                     1.4685245652646635e+00
33                                     1.0077152026571541e-01
34                                     9.1204200274470559e-01
35                                     1.4290008191600800e+00
36                                     9.2044582162026922e-01
37                                     1.4394211538313522e+00
38                                     9.2172447458458584e-01
39                                     1.4020195224423604e+00
40                                     9.2209709732928846e-01
41                                     1.1276703816143225e+00
42                                     1.0561306741910784e-01
43                                     1.3518604445142386e+00
44                                     1.1818817141629845e+00
45                                     1.5383807970626329e+00
46                                     8.9594574028566321e-01
47                                     1.2621025988162899e+00
48                                     1.1563743646505427e+00
49                                     1.6056447462743502e+00
50                                     9.0796187396658889e-01
51                                     9.1156907607542004e-01
   &ATNO [&Type "ArrayOfIntegers", &Dim (46,1)] "Atomic number of the elements"
                                                         0

0                                                        8
1                                                        6
2                                                        7
3                                                        6
4                                                        6
5                                                        6
6                                                        6
7                                                        7
8                                                        6
9                                                        6
10                                                       6
11                                                       6
12                                                       6
13                                                       6
14                                                      16
15                                                       8
16                                                       8
17                                                       7
18                                                       6
19                                                       6
20                                                       6
21                                                       6
22                                                       6
23                                                       7
24                                                       6
25                                                      16
26                                                       6
27                                                       7
28                                                       6
29                                                       6
30                                                       6
31                                                       1
32                                                       1
33                                                       1
34                                                       1
35                                                       1
36                                                       1
37                                                       1
38                                                       1
39                                                       1
40                                                       1
41                                                       1
42                                                       1
43                                                       1
44                                                       1
45                                                       1
   &NA [&Type "ArrayOfDoubles", &Dim (46,1)] "Mulliken gross atomic population"
                                                         0

0                                      8.4463982781166660e+00
1                                      5.5544014733178253e+00
2                                      7.5191147215563410e+00
3                                      5.7155686543303537e+00
4                                      5.8514826682129000e+00
5                                      6.0047079679303366e+00
6                                      6.1882016622094236e+00
7                                      7.6719062134450660e+00
8                                      5.6421611414743698e+00
9                                      6.1926173268893976e+00
10                                     6.1583666266758703e+00
11                                     6.1500011599375455e+00
12                                     6.1439184566831555e+00
13                                     6.2013278993880583e+00
14                                     1.4803079747184164e+01
15                                     8.5885946656265393e+00
16                                     8.5926417983359897e+00
17                                     7.7881998592147124e+00
18                                     5.5321367060857378e+00
19                                     6.1892786839493370e+00
20                                     6.1093828413446021e+00
21                                     6.1641958261851642e+00
22                                     5.9968727761237197e+00
23                                     7.4660208681744598e+00
24                                     6.2337804077127830e+00
25                                     1.5656982090821742e+01
26                                     6.1560020684857273e+00
27                                     7.4140657853027276e+00
28                                     5.7502979315463891e+00
29                                     6.1225033899501273e+00
30                                     6.2067373020729582e+00
31                                     8.0630585421794954e-01
32                                     8.1502374308018677e-01
33                                     6.2823133368977002e-01
34                                     8.2490900690931546e-01
35                                     8.1220866143140058e-01
36                                     8.1734524144235643e-01
37                                     8.2001333941750842e-01
38                                     5.7976892993674944e-01
39                                     8.2651259744528938e-01
40                                     8.2215808827268488e-01
41                                     8.3754882888218651e-01
42                                     8.2070867863654973e-01
43                                     7.5748917645843028e-01
44                                     8.0136732471967187e-01
45                                     8.1946219717572988e-01
   &ZA [&Type "ArrayOfDoubles", &Dim (46,1)] "Total nuclear charge"
                                                         0

0                                      8.0000000000000000e+00
1                                      6.0000000000000000e+00
2                                      7.0000000000000000e+00
3                                      6.0000000000000000e+00
4                                      6.0000000000000000e+00
5                                      6.0000000000000000e+00
6                                      6.0000000000000000e+00
7                                      7.0000000000000000e+00
8                                      6.0000000000000000e+00
9                                      6.0000000000000000e+00
10                                     6.0000000000000000e+00
11                                     6.0000000000000000e+00
12                                     6.0000000000000000e+00
13                                     6.0000000000000000e+00
14                                     1.6000000000000000e+01
15                                     8.0000000000000000e+00
16                                     8.0000000000000000e+00
17                                     7.0000000000000000e+00
18                                     6.0000000000000000e+00
19                                     6.0000000000000000e+00
20                                     6.0000000000000000e+00
21                                     6.0000000000000000e+00
22                                     6.0000000000000000e+00
23                                     7.0000000000000000e+00
24                                     6.0000000000000000e+00
25                                     1.6000000000000000e+01
26                                     6.0000000000000000e+00
27                                     7.0000000000000000e+00
28                                     6.0000000000000000e+00
29                                     6.0000000000000000e+00
30                                     6.0000000000000000e+00
31                                     1.0000000000000000e+00
32                                     1.0000000000000000e+00
33                                     1.0000000000000000e+00
34                                     1.0000000000000000e+00
35                                     1.0000000000000000e+00
36                                     1.0000000000000000e+00
37                                     1.0000000000000000e+00
38                                     1.0000000000000000e+00
39                                     1.0000000000000000e+00
40                                     1.0000000000000000e+00
41                                     1.0000000000000000e+00
42                                     1.0000000000000000e+00
43                                     1.0000000000000000e+00
44                                     1.0000000000000000e+00
45                                     1.0000000000000000e+00
   &QA [&Type "ArrayOfDoubles", &Dim (46,1)] "Mulliken gross atomic charge"
                                                         0

0                                     -4.4639827811666599e-01
1                                      4.4559852668217470e-01
2                                     -5.1911472155634097e-01
3                                      2.8443134566964634e-01
4                                      1.4851733178710003e-01
5                                     -4.7079679303365651e-03
6                                     -1.8820166220942358e-01
7                                     -6.7190621344506596e-01
8                                      3.5783885852563024e-01
9                                     -1.9261732688939759e-01
10                                    -1.5836662667587031e-01
11                                    -1.5000115993754548e-01
12                                    -1.4391845668315550e-01
13                                    -2.0132789938805828e-01
14                                     1.1969202528158362e+00
15                                    -5.8859466562653928e-01
16                                    -5.9264179833598973e-01
17                                    -7.8819985921471236e-01
18                                     4.6786329391426218e-01
19                                    -1.8927868394933700e-01
20                                    -1.0938284134460208e-01
21                                    -1.6419582618516415e-01
22                                     3.1272238762802829e-03
23                                    -4.6602086817445976e-01
24                                    -2.3378040771278297e-01
25                                     3.4301790917825770e-01
26                                    -1.5600206848572729e-01
27                                    -4.1406578530272764e-01
28                                     2.4970206845361087e-01
29                                    -1.2250338995012733e-01
30                                    -2.0673730207295815e-01
31                                     1.9369414578205046e-01
32                                     1.8497625691981323e-01
33                                     3.7176866631022998e-01
34                                     1.7509099309068454e-01
35                                     1.8779133856859942e-01
36                                     1.8265475855764357e-01
37                                     1.7998666058249158e-01
38                                     4.2023107006325056e-01
39                                     1.7348740255471062e-01
40                                     1.7784191172731512e-01
41                                     1.6245117111781349e-01
42                                     1.7929132136345027e-01
43                                     2.4251082354156972e-01
44                                     1.9863267528032813e-01
45                                     1.8053780282427012e-01
   &VA [&Type "ArrayOfDoubles", &Dim (46,1)] "Mayer's total valence"
                                                         0

0                                      2.0551899965566851e+00
1                                      3.9646772828092365e+00
2                                      2.9084505922826889e+00
3                                      3.9728446435426212e+00
4                                      4.0209783610840848e+00
5                                      3.7751321640451736e+00
6                                      3.7769871795114467e+00
7                                      2.9234970157557680e+00
8                                      3.8781341933428686e+00
9                                      3.8875589384845766e+00
10                                     3.9538976951397151e+00
11                                     3.7753830116763432e+00
12                                     3.9621383964364774e+00
13                                     3.8764867169798509e+00
14                                     5.1455502796461241e+00
15                                     1.8423049309997919e+00
16                                     1.8435577779627246e+00
17                                     2.7449681327270952e+00
18                                     3.8592005553979152e+00
19                                     3.9034528163721909e+00
20                                     3.9330418169085153e+00
21                                     3.9108662970002461e+00
22                                     3.9096784231661204e+00
23                                     2.9892615286134143e+00
24                                     3.7298846755627819e+00
25                                     2.5462293723133236e+00
26                                     3.8156120842439591e+00
27                                     2.9788451963683293e+00
28                                     3.9821048766030045e+00
29                                     3.8346999477618855e+00
30                                     3.8612997792008423e+00
31                                     9.1294725106886188e-01
32                                     9.2662627881931781e-01
33                                     8.3777715748994352e-01
34                                     9.2879130432128765e-01
35                                     9.2852526261276702e-01
36                                     9.3840594194801485e-01
37                                     9.2864254892218967e-01
38                                     8.0786346499459172e-01
39                                     9.2774710596560461e-01
40                                     9.2604395457971467e-01
41                                     9.3279081338884884e-01
42                                     9.2510889619037151e-01
43                                     9.0970391406552920e-01
44                                     9.2576780686329918e-01
45                                     9.3404266489067900e-01
   &BVA [&Type "ArrayOfDoubles", &Dim (46,1)] "Mayer's bonded valence"
                                                         0

0                                      2.0551899965566260e+00
1                                      3.9646772828092680e+00
2                                      2.9084505922825983e+00
3                                      3.9728446435425537e+00
4                                      4.0209783610840315e+00
5                                      3.7751321640451883e+00
6                                      3.7769871795114227e+00
7                                      2.9234970157557933e+00
8                                      3.8781341933428992e+00
9                                      3.8875589384846085e+00
10                                     3.9538976951397329e+00
11                                     3.7753830116763716e+00
12                                     3.9621383964365271e+00
13                                     3.8764867169799384e+00
14                                     5.1455502796461161e+00
15                                     1.8423049309998056e+00
16                                     1.8435577779626833e+00
17                                     2.7449681327271538e+00
18                                     3.8592005553979156e+00
19                                     3.9034528163721953e+00
20                                     3.9330418169085055e+00
21                                     3.9108662970002226e+00
22                                     3.9096784231661168e+00
23                                     2.9892615286134312e+00
24                                     3.7298846755627775e+00
25                                     2.5462293723134017e+00
26                                     3.8156120842439671e+00
27                                     2.9788451963683364e+00
28                                     3.9821048766030014e+00
29                                     3.8346999477618455e+00
30                                     3.8612997792007580e+00
31                                     9.1294725106885499e-01
32                                     9.2662627881931647e-01
33                                     8.3777715748995152e-01
34                                     9.2879130432129275e-01
35                                     9.2852526261276647e-01
36                                     9.3840594194802485e-01
37                                     9.2864254892220788e-01
38                                     8.0786346499459460e-01
39                                     9.2774710596560528e-01
40                                     9.2604395457971722e-01
41                                     9.3279081338884851e-01
42                                     9.2510889619036329e-01
43                                     9.0970391406553297e-01
44                                     9.2576780686328530e-01
45                                     9.3404266489066157e-01
   &FA [&Type "ArrayOfDoubles", &Dim (46,1)] "Mayer's free valence"
                                                         0

0                                      0.0000000000000000e+00
1                                      0.0000000000000000e+00
2                                      0.0000000000000000e+00
3                                      0.0000000000000000e+00
4                                      0.0000000000000000e+00
5                                      0.0000000000000000e+00
6                                      0.0000000000000000e+00
7                                      0.0000000000000000e+00
8                                      0.0000000000000000e+00
9                                      0.0000000000000000e+00
10                                     0.0000000000000000e+00
11                                     0.0000000000000000e+00
12                                     0.0000000000000000e+00
13                                     0.0000000000000000e+00
14                                     0.0000000000000000e+00
15                                     0.0000000000000000e+00
16                                     0.0000000000000000e+00
17                                     0.0000000000000000e+00
18                                     0.0000000000000000e+00
19                                     0.0000000000000000e+00
20                                     0.0000000000000000e+00
21                                     0.0000000000000000e+00
22                                     0.0000000000000000e+00
23                                     0.0000000000000000e+00
24                                     0.0000000000000000e+00
25                                     0.0000000000000000e+00
26                                     0.0000000000000000e+00
27                                     0.0000000000000000e+00
28                                     0.0000000000000000e+00
29                                     0.0000000000000000e+00
30                                     0.0000000000000000e+00
31                                     0.0000000000000000e+00
32                                     0.0000000000000000e+00
33                                     0.0000000000000000e+00
34                                     0.0000000000000000e+00
35                                     0.0000000000000000e+00
36                                     0.0000000000000000e+00
37                                     0.0000000000000000e+00
38                                     0.0000000000000000e+00
39                                     0.0000000000000000e+00
40                                     0.0000000000000000e+00
41                                     0.0000000000000000e+00
42                                     0.0000000000000000e+00
43                                     0.0000000000000000e+00
44                                     0.0000000000000000e+00
45                                     0.0000000000000000e+00
   &Method [&Type "String"] "SCF"
   &Level [&Type "String"] "Relaxed density"
   &Mult [&Type "Integer"] 1
   &State [&Type "Integer"] -1
   &Irrep [&Type "Integer"] 0
$End
$SCF_Energy
   &GeometryIndex 1
   &Method [&Type "String"] "SCF"
   &totalEnergy [&Type "ArrayOfDoubles", &Dim (1,1)] "Total energy of each state"
                                                         0

0                                     -2.1040590631919167e+03
   &Mult [&Type "ArrayOfIntegers", &Dim (1,1)] "Multiplicity of each state"
                                                         0

0                                                        1
$End
$DFT_Energy
   &GeometryIndex 1
   &nAlphaEl [&Type "Integer"] 116
   &nBetaEl [&Type "Integer"] 116
   &nTotalEl [&Type "Integer"] 231
   &finalEn [&Type "Double"]      -2.1040590631919167e+03  "No Van der Waals correction"
   &eExchange [&Type "Double"]      -1.7657815278654735e+02
   &eCorr [&Type "Double"]      -9.6906700603839759e+00
   &eXC [&Type "Double"]      -1.8626882284693133e+02
   &eCNL [&Type "Double"]       0.0000000000000000e+00
$End
$Solvation_Details
   &GeometryIndex 1
   &Solvent [&Type "String"] "WATER"
   &Epsilon [&Type "Double"]       8.0150999999999996e+01
   &Refrac [&Type "Double"]       1.3328000000000000e+00
   &RSolv [&Type "Double"]       1.3000000000000000e+00
   &SurfaceType [&Type "String"] "GAUSSIAN VDW"
   &CPCMDielEnergy [&Type "Double"]      -6.1311378999999999e-02
   &NPoints [&Type "Integer"] 4271
   &SurfaceArea [&Type "Double"]       1.6200430224150000e+03
$End
$SCF_Timings
   &GeometryIndex 1
   &TOTAL [&Type "Double"]       3.0047680000000000e+01
   &PREP [&Type "Double"]       1.4694670000000001e+00
   &FOCK [&Type "Double"]       2.7323508000000004e+01
   &DENS [&Type "Double"]       3.0790999999997126e-02
   &ETOT [&Type "Double"]       1.6767000000001531e-02
   &POP [&Type "Double"]       6.7547999999998609e-02
   &TRAFO [&Type "Double"]       5.3903999999999286e-02
   &DIIS [&Type "Double"]       7.5972000000000151e-02
   &SOSCF [&Type "Double"]       1.3588200000000050e-01
   &XC [&Type "Double"]       1.5283309999999997e+00
   &FOCKSTART [&Type "Double"]       1.0072999999999777e-02
   &SOLV [&Type "Double"]       2.7930780000000013e+00
   &SOLV_INIT [&Type "Double"]       7.3243899999999995e-01
   &SOLV_FINAL [&Type "Double"]       1.0000000010279564e-06
   &INT_BF [&Type "Double"]       3.2855999999998708e-01
   &INT_DENS [&Type "Double"]       3.4704399999999325e-01
   &INT_DENSIO [&Type "Double"]       1.9030344966000070e+04
   &INT_FUNC [&Type "Double"]       3.4984999999982058e-02
   &INT_POT [&Type "Double"]       4.1172700000005857e-01
   &INT_POTIO [&Type "Double"]       7.2819999999804708e-03
   &INT_SUM [&Type "Double"]       2.1700000000013375e-04
   &SPLITRIJ [&Type "Double"]       1.8596279999999983e+00
   &COSX [&Type "Double"]       2.3406388999999997e+01
   &FROZCORE [&Type "Double"]       1.3162999999998704e-02
$End
$CIS_Absorption_Spectrum
   &GeometryIndex 1
   &Method [&Type "Integer"] 20
   &RelCorrection [&Type "Integer"] 1 "Type of relativistic treatment in QDPT. 0->Unknow, 1->None, 2->SOC, 3->SSC, 4->SOC/SSC"
   &DensType [&Type "Integer"] 3 "Type of density (electron/spin ...). 0->Unknow, 1->Electronic, 2->Spin, 3->Trans/Electronic, 4->Tran/Spin"
   &DeriType [&Type "Integer"] 0 "Type of derivative (w.r.t. to what perturbation). 0->Unknown, 1->No Derivative, 2->Electric/Dipole, 3->Electric/Quad, 4->Magnetic/Dipole, 5->Magnetic/Quad"
   &DensLevel [&Type "Integer"] 0 "// Source of density: relaxed, unrelaxed, ... 0->Unknown, 1->Linearized, 2->Unrelaxed, 3->Relaxed"
   &Density_name [&Type "String"] "Tdens-CIS"
   &Representation [&Type "String"] "Length" "Possible values: Unknown,  Length, Velocity"
   &PointGroup [&Type "String"] "C1"
   &DoHigherMoments [&Type "Boolean"] false
   &NTrans [&Type "Integer"] 8
   &ExcitationEnergies [&Type "ArrayOfDoubles", &Dim (8,11)] 
                                                         0                           1                           2                           3                           4                           5                           6                           7

0                                      1.1440179258447343e+00         9.2271278109018403e+03         1.0837608630699806e+03         3.2558394669115380e-03         1.1616412735521114e-01         2.8710912462929028e-01         0.0000000000000000e+00        -6.3587357147658966e-02
1                                      1.4010770184723604e+00         1.1300449433793508e+04         8.8492055635375254e+02         1.8334055886350297e-02         5.3411948532044240e-01        -4.6843798464894482e-01         0.0000000000000000e+00         1.4143998911500638e-01
2                                      2.0864877753845952e+00         1.6828660586889113e+04         5.9422435602455539e+02         7.7309445439437720e-06         1.5123718804723076e-04        -2.9501278588883544e-04         0.0000000000000000e+00         6.3844801363464876e-03
3                                      2.1644810812750284e+00         1.7457719088148526e+04         5.7281251631484156e+02         2.5323096945502864e-04         4.7753466580557988e-03        -2.3602567453937330e-02         0.0000000000000000e+00         2.4022618044713326e-02
4                                      2.6117612734512270e+00         2.1065277507696101e+04         4.7471484751845998e+02         9.7367612713207825e-05         1.5216785702512007e-03        -2.3982179487190912e-02         0.0000000000000000e+00        -8.0602908287902963e-03
5                                      2.8110611502935607e+00         2.2672739589169458e+04         4.4105830090232678e+02         1.2812215684435458e-04         1.8603550112539790e-03         4.2200360044618808e-02         0.0000000000000000e+00        -7.9623543069787094e-03
6                                      3.0452723659419649e+00         2.4561780637139735e+04         4.0713660575891043e+02         6.0271508144806301e-04         8.0784454679667349e-03         5.4313203391904347e-02         0.0000000000000000e+00         4.8829156208914292e-03
7                                      3.1276688400406711e+00         2.5226353088760225e+04         3.9641084721261467e+02         4.8251625404932674e-03         6.2969908854691739e-02        -1.1798071132318749e-01         0.0000000000000000e+00        -1.7338375956061319e-01
                                                         8                           9                          10

0                                      0.0000000000000000e+00        -1.7230532760419764e-01         0.0000000000000000e+00
1                                      0.0000000000000000e+00         5.4284442461687332e-01         0.0000000000000000e+00
2                                      0.0000000000000000e+00         1.0506596446613432e-02         0.0000000000000000e+00
3                                      0.0000000000000000e+00        -6.0342184994545488e-02         0.0000000000000000e+00
4                                      0.0000000000000000e+00        -2.9691166178691587e-02         0.0000000000000000e+00
5                                      0.0000000000000000e+00        -4.0106779038782334e-03         0.0000000000000000e+00
6                                      0.0000000000000000e+00         7.1447033110659114e-02         0.0000000000000000e+00
7                                      0.0000000000000000e+00        -1.3779888436048354e-01         0.0000000000000000e+00
   &States [&Type "ArrayOfIntegers", &Dim (8,4)] "The initial and Final states. Col1: Initial State  Col2: Initial Irrep Col3: Final State Col4: Final Irrep"
                                                         0                           1                           2                           3

0                                                        0                           0                           1                           0
1                                                        0                           0                           2                           0
2                                                        0                           0                           3                           0
3                                                        0                           0                           4                           0
4                                                        0                           0                           5                           0
5                                                        0                           0                           6                           0
6                                                        0                           0                           7                           0
7                                                        0                           0                           8                           0
   &Multiplicities [&Type "ArrayOfDoubles", &Dim (8,2)] "Col1: Multiplicity of the initial state  Col2: Multiplicity of the final state"
                                                         0                           1

0                                      1.0000000000000000e+00         1.0000000000000000e+00
1                                      1.0000000000000000e+00         1.0000000000000000e+00
2                                      1.0000000000000000e+00         1.0000000000000000e+00
3                                      1.0000000000000000e+00         1.0000000000000000e+00
4                                      1.0000000000000000e+00         1.0000000000000000e+00
5                                      1.0000000000000000e+00         1.0000000000000000e+00
6                                      1.0000000000000000e+00         1.0000000000000000e+00
7                                      1.0000000000000000e+00         1.0000000000000000e+00
   &Temperature [&Type "Double"]       2.9814999999999998e+02
$End
$CIS_Absorption_Spectrum
   &GeometryIndex 1
   &Method [&Type "Integer"] 20
   &RelCorrection [&Type "Integer"] 1 "Type of relativistic treatment in QDPT. 0->Unknow, 1->None, 2->SOC, 3->SSC, 4->SOC/SSC"
   &DensType [&Type "Integer"] 3 "Type of density (electron/spin ...). 0->Unknow, 1->Electronic, 2->Spin, 3->Trans/Electronic, 4->Tran/Spin"
   &DeriType [&Type "Integer"] 0 "Type of derivative (w.r.t. to what perturbation). 0->Unknown, 1->No Derivative, 2->Electric/Dipole, 3->Electric/Quad, 4->Magnetic/Dipole, 5->Magnetic/Quad"
   &DensLevel [&Type "Integer"] 0 "// Source of density: relaxed, unrelaxed, ... 0->Unknown, 1->Linearized, 2->Unrelaxed, 3->Relaxed"
   &Density_name [&Type "String"] "Tdens-CIS"
   &Representation [&Type "String"] "Velocity" "Possible values: Unknown,  Length, Velocity"
   &PointGroup [&Type "String"] "C1"
   &DoHigherMoments [&Type "Boolean"] false
   &NTrans [&Type "Integer"] 8
   &ExcitationEnergies [&Type "ArrayOfDoubles", &Dim (8,11)] 
                                                         0                           1                           2                           3                           4                           5                           6                           7

0                                      1.1440179258447343e+00         9.2271278109018403e+03         1.0837608630699806e+03         6.8327549687093436e-03         4.3089287590803810e-04        -7.9859206631639427e-03         0.0000000000000000e+00        -1.9410633693413772e-03
1                                      1.4010770184723604e+00         1.1300449433793508e+04         8.8492055635375254e+02         4.4891037465795272e-02         3.4670674403514969e-03        -2.1091316816027342e-02         0.0000000000000000e+00        -5.4976479028848117e-03
2                                      2.0864877753845952e+00         1.6828660586889113e+04         5.9422435602455539e+02         2.6084916016536501e-05         3.0001704207973438e-06         5.2397785819858881e-04         0.0000000000000000e+00         1.0488728433448399e-03
3                                      2.1644810812750284e+00         1.7457719088148526e+04         5.7281251631484156e+02         1.0012372131435558e-03         1.1946244925484531e-04        -3.4245145352735261e-03         0.0000000000000000e+00         7.8076245253517742e-03
4                                      2.6117612734512270e+00         2.1065277507696101e+04         4.7471484751845998e+02         4.4182806770621830e-05         6.3610296091683884e-06         4.0674320296150556e-04         0.0000000000000000e+00        -5.2178575410490534e-04
5                                      2.8110611502935607e+00         2.2672739589169458e+04         4.4105830090232678e+02         4.8819562204968846e-05         7.5649282143109147e-06        -2.7290262215611981e-03         0.0000000000000000e+00        -2.2637816731275494e-04
6                                      3.0452723659419649e+00         2.4561780637139735e+04         4.0713660575891043e+02         1.4278739899321275e-04         2.3969372337686464e-05        -7.1178920318930425e-04         0.0000000000000000e+00         4.8257684950187753e-03
7                                      3.1276688400406711e+00         2.5226353088760225e+04         3.9641084721261467e+02         8.0241900380401414e-04         1.3834472569599081e-04         2.7762566255515805e-03         0.0000000000000000e+00        -1.1187990831468212e-02
                                                         8                           9                          10

0                                      0.0000000000000000e+00        -1.9061747560648535e-02         0.0000000000000000e+00
1                                      0.0000000000000000e+00         5.4699174242883827e-02         0.0000000000000000e+00
2                                      0.0000000000000000e+00         1.2749444628722751e-03         0.0000000000000000e+00
3                                      0.0000000000000000e+00        -6.8393090823321576e-03         0.0000000000000000e+00
4                                      0.0000000000000000e+00        -2.4337890629276358e-03         0.0000000000000000e+00
5                                      0.0000000000000000e+00         2.5709341046873042e-04         0.0000000000000000e+00
6                                      0.0000000000000000e+00         4.1795562012470470e-04         0.0000000000000000e+00
7                                      0.0000000000000000e+00        -2.3379448239971372e-03         0.0000000000000000e+00
   &States [&Type "ArrayOfIntegers", &Dim (8,4)] "The initial and Final states. Col1: Initial State  Col2: Initial Irrep Col3: Final State Col4: Final Irrep"
                                                         0                           1                           2                           3

0                                                        0                           0                           1                           0
1                                                        0                           0                           2                           0
2                                                        0                           0                           3                           0
3                                                        0                           0                           4                           0
4                                                        0                           0                           5                           0
5                                                        0                           0                           6                           0
6                                                        0                           0                           7                           0
7                                                        0                           0                           8                           0
   &Multiplicities [&Type "ArrayOfDoubles", &Dim (8,2)] "Col1: Multiplicity of the initial state  Col2: Multiplicity of the final state"
                                                         0                           1

0                                      1.0000000000000000e+00         1.0000000000000000e+00
1                                      1.0000000000000000e+00         1.0000000000000000e+00
2                                      1.0000000000000000e+00         1.0000000000000000e+00
3                                      1.0000000000000000e+00         1.0000000000000000e+00
4                                      1.0000000000000000e+00         1.0000000000000000e+00
5                                      1.0000000000000000e+00         1.0000000000000000e+00
6                                      1.0000000000000000e+00         1.0000000000000000e+00
7                                      1.0000000000000000e+00         1.0000000000000000e+00
   &Temperature [&Type "Double"]       2.9814999999999998e+02
$End
$CIS_ECD_Spectrum
   &GeometryIndex 1
   &Method [&Type "Integer"] 20
   &RelCorrection [&Type "Integer"] 1 "Type of relativistic treatment in QDPT. 0->Unknow, 1->None, 2->SOC, 3->SSC, 4->SOC/SSC"
   &DensType [&Type "Integer"] 3 "Type of density (electron/spin ...). 0->Unknow, 1->Electronic, 2->Spin, 3->Trans/Electronic, 4->Tran/Spin"
   &DeriType [&Type "Integer"] 0 "Type of derivative (w.r.t. to what perturbation). 0->Unknown, 1->No Derivative, 2->Electric/Dipole, 3->Electric/Quad, 4->Magnetic/Dipole, 5->Magnetic/Quad"
   &DensLevel [&Type "Integer"] 0 "// Source of density: relaxed, unrelaxed, ... 0->Unknown, 1->Linearized, 2->Unrelaxed, 3->Relaxed"
   &Density_name [&Type "String"] "Tdens-CIS"
   &Representation [&Type "String"] "Length" "Possible values: Unknown,  Length, Velocity"
   &PointGroup [&Type "String"] "C1"
   &DoHigherMoments [&Type "Boolean"] false
   &NTrans [&Type "Integer"] 8
   &ExcitationEnergies [&Type "ArrayOfDoubles", &Dim (8,10)] 
                                                         0                           1                           2                           3                           4                           5                           6                           7

0                                      1.1440179258447343e+00         9.2271278109018403e+03         1.0837608630699806e+03        -5.1083626783761549e+00         3.7507433244859383e-02         0.0000000000000000e+00        -4.2410571660117059e-02         0.0000000000000000e+00
1                                      1.4010770184723604e+00         1.1300449433793508e+04         8.8492055635375254e+02        -1.4977990344459307e+01        -2.5959305350672307e-01         0.0000000000000000e+00         4.3473563521466624e-01         0.0000000000000000e+00
2                                      2.0864877753845952e+00         1.6828660586889113e+04         5.9422435602455539e+02        -5.2500579130548772e-02         1.4670514252646321e-03         0.0000000000000000e+00         2.4932320617648850e-03         0.0000000000000000e+00
3                                      2.1644810812750284e+00         1.7457719088148526e+04         5.7281251631484156e+02         4.2218413184186332e+00         1.1193626012943941e-01         0.0000000000000000e+00         9.1131471896172545e-02         0.0000000000000000e+00
4                                      2.6117612734512270e+00         2.1065277507696101e+04         4.7471484751845998e+02         8.4013853136012590e-02         3.7129695404123867e-03         0.0000000000000000e+00        -4.8160741606424959e-03         0.0000000000000000e+00
5                                      2.8110611502935607e+00         2.2672739589169458e+04         4.4105830090232678e+02        -2.3503171423695723e-01         1.3413727982026096e-02         0.0000000000000000e+00         9.0316191833422835e-03         0.0000000000000000e+00
6                                      3.0452723659419649e+00         2.4561780637139735e+04         4.0713660575891043e+02        -1.0527651152655952e+01         2.7326052694411879e-01         0.0000000000000000e+00         1.3054742244109252e-01         0.0000000000000000e+00
7                                      3.1276688400406711e+00         2.5226353088760225e+04         3.9641084721261467e+02         5.7913741488994308e+00         7.0383457575934699e-02         0.0000000000000000e+00        -4.4668394007252631e-03         0.0000000000000000e+00
                                                         8                           9

0                                      1.5264113141467413e-02         0.0000000000000000e+00
1                                     -2.7875802615760747e-01         0.0000000000000000e+00
2                                      9.1251690933624712e-03         0.0000000000000000e+00
3                                      1.4090036529776176e-01         0.0000000000000000e+00
4                                      4.3102629112106456e-03         0.0000000000000000e+00
5                                     -1.0914926921867189e-03         0.0000000000000000e+00
6                                      9.5892450349630481e-02         0.0000000000000000e+00
7                                      3.4504967339044797e-02         0.0000000000000000e+00
   &States [&Type "ArrayOfIntegers", &Dim (8,4)] "The initial and Final states. Col1: Initial State  Col2: Initial Irrep Col3: Final State Col4: Final Irrep"
                                                         0                           1                           2                           3

0                                                        0                           0                           1                           0
1                                                        0                           0                           2                           0
2                                                        0                           0                           3                           0
3                                                        0                           0                           4                           0
4                                                        0                           0                           5                           0
5                                                        0                           0                           6                           0
6                                                        0                           0                           7                           0
7                                                        0                           0                           8                           0
   &Multiplicities [&Type "ArrayOfDoubles", &Dim (8,2)] "Col1: Multiplicity of the initial state  Col2: Multiplicity of the final state"
                                                         0                           1

0                                      1.0000000000000000e+00         1.0000000000000000e+00
1                                      1.0000000000000000e+00         1.0000000000000000e+00
2                                      1.0000000000000000e+00         1.0000000000000000e+00
3                                      1.0000000000000000e+00         1.0000000000000000e+00
4                                      1.0000000000000000e+00         1.0000000000000000e+00
5                                      1.0000000000000000e+00         1.0000000000000000e+00
6                                      1.0000000000000000e+00         1.0000000000000000e+00
7                                      1.0000000000000000e+00         1.0000000000000000e+00
   &Temperature [&Type "Double"]       2.9814999999999998e+02
$End
$CIS_ECD_Spectrum
   &GeometryIndex 1
   &Method [&Type "Integer"] 20
   &RelCorrection [&Type "Integer"] 1 "Type of relativistic treatment in QDPT. 0->Unknow, 1->None, 2->SOC, 3->SSC, 4->SOC/SSC"
   &DensType [&Type "Integer"] 3 "Type of density (electron/spin ...). 0->Unknow, 1->Electronic, 2->Spin, 3->Trans/Electronic, 4->Tran/Spin"
   &DeriType [&Type "Integer"] 0 "Type of derivative (w.r.t. to what perturbation). 0->Unknown, 1->No Derivative, 2->Electric/Dipole, 3->Electric/Quad, 4->Magnetic/Dipole, 5->Magnetic/Quad"
   &DensLevel [&Type "Integer"] 0 "// Source of density: relaxed, unrelaxed, ... 0->Unknown, 1->Linearized, 2->Unrelaxed, 3->Relaxed"
   &Density_name [&Type "String"] "Tdens-CIS"
   &Representation [&Type "String"] "Velocity" "Possible values: Unknown,  Length, Velocity"
   &PointGroup [&Type "String"] "C1"
   &DoHigherMoments [&Type "Boolean"] false
   &NTrans [&Type "Integer"] 8
   &ExcitationEnergies [&Type "ArrayOfDoubles", &Dim (8,10)] 
                                                         0                           1                           2                           3                           4                           5                           6                           7

0                                      1.1440179258447343e+00         9.2271278109018403e+03         1.0837608630699806e+03        -5.6985372861522281e+00         3.7507433244859383e-02         0.0000000000000000e+00        -4.2410571660117059e-02         0.0000000000000000e+00
1                                      1.4010770184723604e+00         1.1300449433793508e+04         8.8492055635375254e+02        -1.1136654041660918e+02        -2.5959305350672307e-01         0.0000000000000000e+00         4.3473563521466624e-01         0.0000000000000000e+00
2                                      2.0864877753845952e+00         1.6828660586889113e+04         5.9422435602455539e+02         9.2337753153467483e-02         1.4670514252646321e-03         0.0000000000000000e+00         2.4932320617648850e-03         0.0000000000000000e+00
3                                      2.1644810812750284e+00         1.7457719088148526e+04         5.7281251631484156e+02        -3.7664033958978580e+00         1.1193626012943941e-01         0.0000000000000000e+00         9.1131471896172545e-02         0.0000000000000000e+00
4                                      2.6117612734512270e+00         2.1065277507696101e+04         4.7471484751845998e+02        -3.1765962784484771e-02         3.7129695404123867e-03         0.0000000000000000e+00        -4.8160741606424959e-03         0.0000000000000000e+00
5                                      2.8110611502935607e+00         2.2672739589169458e+04         4.4105830090232678e+02        -1.7767187699788303e-01         1.3413727982026096e-02         0.0000000000000000e+00         9.0316191833422835e-03         0.0000000000000000e+00
6                                      3.0452723659419649e+00         2.4561780637139735e+04         4.0713660575891043e+02         2.0034197925627635e+00         2.7326052694411879e-01         0.0000000000000000e+00         1.3054742244109252e-01         0.0000000000000000e+00
7                                      3.1276688400406711e+00         2.5226353088760225e+04         3.9641084721261467e+02         6.7558119599631539e-01         7.0383457575934699e-02         0.0000000000000000e+00        -4.4668394007252631e-03         0.0000000000000000e+00
                                                         8                           9

0                                      1.5264113141467413e-02         0.0000000000000000e+00
1                                     -2.7875802615760747e-01         0.0000000000000000e+00
2                                      9.1251690933624712e-03         0.0000000000000000e+00
3                                      1.4090036529776176e-01         0.0000000000000000e+00
4                                      4.3102629112106456e-03         0.0000000000000000e+00
5                                     -1.0914926921867189e-03         0.0000000000000000e+00
6                                      9.5892450349630481e-02         0.0000000000000000e+00
7                                      3.4504967339044797e-02         0.0000000000000000e+00
   &States [&Type "ArrayOfIntegers", &Dim (8,4)] "The initial and Final states. Col1: Initial State  Col2: Initial Irrep Col3: Final State Col4: Final Irrep"
                                                         0                           1                           2                           3

0                                                        0                           0                           1                           0
1                                                        0                           0                           2                           0
2                                                        0                           0                           3                           0
3                                                        0                           0                           4                           0
4                                                        0                           0                           5                           0
5                                                        0                           0                           6                           0
6                                                        0                           0                           7                           0
7                                                        0                           0                           8                           0
   &Multiplicities [&Type "ArrayOfDoubles", &Dim (8,2)] "Col1: Multiplicity of the initial state  Col2: Multiplicity of the final state"
                                                         0                           1

0                                      1.0000000000000000e+00         1.0000000000000000e+00
1                                      1.0000000000000000e+00         1.0000000000000000e+00
2                                      1.0000000000000000e+00         1.0000000000000000e+00
3                                      1.0000000000000000e+00         1.0000000000000000e+00
4                                      1.0000000000000000e+00         1.0000000000000000e+00
5                                      1.0000000000000000e+00         1.0000000000000000e+00
6                                      1.0000000000000000e+00         1.0000000000000000e+00
7                                      1.0000000000000000e+00         1.0000000000000000e+00
   &Temperature [&Type "Double"]       2.9814999999999998e+02
$End
$CIS_Energies
   &GeometryIndex 1
   &e0 [&Type "Double"]      -2.1040590631919167e+03  "Ground state energy"
   &multP1 [&Type "Boolean"] false "Do the higher multiplicity too?"
   &mode [&Type "String"] "TDA" "CIS mode: CIS, RPA, TDA, TD-DFT, sTDA, sTD-DFT"
   &dCorr [&Type "Integer"] 0 "(D) Correction algorithm"
   &Method [&Type "String"] "TDA/CIS"
   &totalEnergy [&Type "ArrayOfDoubles", &Dim (8,1)] "Total energy of each state"
                                                         0

0                                     -2.1040170213041879e+03
1                                     -2.1040075745557870e+03
2                                     -2.1039823861724240e+03
3                                     -2.1039795199709984e+03
4                                     -2.1039630827253945e+03
5                                     -2.1039557585892449e+03
6                                     -2.1039471514849233e+03
7                                     -2.1039441234700339e+03
   &Mult [&Type "ArrayOfIntegers", &Dim (8,1)] "Multiplicity of each state"
                                                         0

0                                                        1
1                                                        1
2                                                        1
3                                                        1
4                                                        1
5                                                        1
6                                                        1
7                                                        1
   &RelCorr [&Type "String"] "None" "Relativistic correction (SOC and/or SSC)"
   &NBlocks [&Type "Integer"] 1 "Number of multiplicity blocks"
   &NRoots [&Type "ArrayOfIntegers", &Dim (1,1)] "Number of roots in each block"
                                                         0

0                                                        8
   &NTotalRoots [&Type "Integer"] 8 "Total number of roots"
   &Block [&Type "ArrayOfIntegers", &Dim (8,1)] "Block index of each state"
                                                         0

0                                                        0
1                                                        0
2                                                        0
3                                                        0
4                                                        0
5                                                        0
6                                                        0
7                                                        0
   &Root [&Type "ArrayOfIntegers", &Dim (8,1)] "Root index within the block"
                                                         0

0                                                        0
1                                                        1
2                                                        2
3                                                        3
4                                                        4
5                                                        5
6                                                        6
7                                                        7
$End
$Single_Point_Data
   &GeometryIndex 1
   &FinalEnergy [&Type "Double"]      -2.1040170213041879e+03  "Final single point energy"
   &Converged [&Type "Boolean"] true
$End
$Calculation_Info
   &GeometryIndex 1
   &Mult [&Type "Integer"] 1
   &Charge [&Type "Integer"] 0
   &NumOfAtoms [&Type "Integer"] 46
   &NumOfElectrons [&Type "Integer"] 232
   &NumOfBasisFuncts [&Type "Integer"] 472
   &NumOfAuxCBasisFuncts [&Type "Integer"] 0
   &NumOfAuxJBasisFuncts [&Type "Integer"] 1688
   &NumOfAuxJKBasisFuncts [&Type "Integer"] 0
   &NumOfCABSBasisFuncts [&Type "Integer"] 0
$End
$SCF_Dipole_Moment
   &GeometryIndex 1
   &dipoleMagnitude [&Type "Double", &Units "a.u."]       2.6149934698100377e+00
   &dipoleElecContrib [&Type "ArrayOfDoubles", &Dim (3,1)] "Electronic contribution"
                                                         0

0                                      1.3654704288670628e+01
1                                      8.5807126790415522e-02
2                                      3.6149636867219792e+00
   &dipoleNucContrib [&Type "ArrayOfDoubles", &Dim (3,1)] "Nuclear contribution"
                                                         0

0                                     -1.2188356508425798e+01
1                                      1.5270098425471001e+00
2                                     -5.0595523679517447e+00
   &dipoleTotal [&Type "ArrayOfDoubles", &Dim (3,1)] "Total"
                                                         0

0                                      1.4663477802448295e+00
1                                      1.6128169693375156e+00
2                                     -1.4445886812297655e+00
   &doAtomicDipole [&Type "Boolean"] false
   &Method [&Type "String"] "SCF"
   &Level [&Type "String"] "Relaxed density"
   &Mult [&Type "Integer"] 1
   &State [&Type "Integer"] -1
   &Irrep [&Type "Integer"] 0
$End
$Calculation_Timings
   &GeometryIndex 1
   &GTOINT [&Type "Double"]       6.2426360000000001e+00
   &SCF [&Type "Double"]       3.7551051000000001e+01
   &CIS [&Type "Double"]       9.6724062000000004e+01
   &PROPINT [&Type "Double"]       3.1736630000000048e+00
   &PROP [&Type "Double"]       4.2715680000000020e+00
   &SUM [&Type "Double"]       1.4796298000000002e+02
$End
