*************************************************
******************* ORCA 6.1.1 ******************
*************************************************
$Calculation_Status
   &GeometryIndex 1
   &version [&Type "String"] "6.1.1"
   &progName [&Type "String"] "ProgCIS"
   &Status [&Type "String"] "NORMAL TERMINATION"
$End
$Geometry
   &GeometryIndex 1
   &NAtoms [&Type "Integer"] 42
   &NCorelessECP [&Type "Integer"] 0
   &NGhostAtoms [&Type "Integer"] 0
   &CartesianCoordinates [&Type "Coordinates", &Dim(42,4), &Units "Bohr"] 
              C    -11.523426755147    1.989759592489    2.967844492908
              C    -12.789310152159   -0.019430079240    1.760353017226
              C    -11.420000824078   -1.749380235709    0.370711002707
              C     -8.762385172226   -1.536741413909    0.139259621131
              C     -7.464881958933    0.491289820451    1.355713849188
              C     -8.930070762687    2.234783443488    2.768341936849
              C     -4.735500871189    0.680769052358    1.098278966551
              C     -3.335165900134    2.659131344878    2.268006143177
              C     -0.767456979577    2.847189564082    2.031882706008
              C      0.665877740608    1.072461142838    0.598786735711
              C     -0.665877328384   -0.933147977943   -0.598787845992
              C     -3.386981356567   -1.131554607291   -0.347485379361
              C     -4.780933611584   -3.131503905581   -1.531095288726
              C     -7.340421006537   -3.324240321264   -1.298714105640
              C      0.767457275312   -2.707880285046   -2.031882996607
              C      3.335164113400   -2.519807650293   -2.268014046163
              C      4.735499758168   -0.541453334161   -1.098278646016
              C      3.386983189147    1.270869529864    0.347488571306
              C      4.780935002768    3.270814804769    1.531102458622
              C      7.340422781443    3.463545340848    1.298712552044
              C      8.762386393884    1.676041585732   -0.139259267692
              C      7.464880688968   -0.351990155356   -1.355708023468
              C      8.930064405336   -2.095493083158   -2.768330870506
              C     11.523420096363   -1.850466130738   -2.967842514806
              C     12.789306686874    0.158726403891   -1.760358818307
              C     11.420002403763    1.888679758830   -0.370715316626
              H    -12.591165769030    3.359112778746    4.064929773947
              H    -14.828341786029   -0.200277658442    1.925295290687
              H    -12.366489594789   -3.311005028848   -0.573391169105
              H     -8.022158426888    3.804393834938    3.723108663584
              H     -4.310259172730    4.071931322415    3.386013807874
              H      0.173303600695    4.402217293842    2.974552940135
              H     -3.795915887127   -4.538973663352   -2.644793071991
              H     -8.345309999433   -4.863318179958   -2.218572980054
              H     -0.173296590537   -4.262913211295   -2.974555150099
              H      4.310263822099   -3.932602207693   -3.386026847930
              H      3.795926630075    4.678282602276    2.644808845724
              H      8.345311430443    5.002623354468    2.218571636461
              H      8.022152298842   -3.665107383501   -3.723093192611
              H     12.591158237188   -3.219820412424   -4.064925684305
              H     14.828338353725    0.339570006449   -1.925308597488
              H     12.366494939971    3.450308744209    0.573376820548
$End
$SCF_Mulliken_Population_Analysis
   &GeometryIndex 1
   &NAtoms [&Type "Integer"] 42
   &ATNO [&Type "ArrayOfIntegers", &Dim (42,1)] 
                                                         0

0                                                        6
1                                                        6
2                                                        6
3                                                        6
4                                                        6
5                                                        6
6                                                        6
7                                                        6
8                                                        6
9                                                        6
10                                                       6
11                                                       6
12                                                       6
13                                                       6
14                                                       6
15                                                       6
16                                                       6
17                                                       6
18                                                       6
19                                                       6
20                                                       6
21                                                       6
22                                                       6
23                                                       6
24                                                       6
25                                                       6
26                                                       1
27                                                       1
28                                                       1
29                                                       1
30                                                       1
31                                                       1
32                                                       1
33                                                       1
34                                                       1
35                                                       1
36                                                       1
37                                                       1
38                                                       1
39                                                       1
40                                                       1
41                                                       1
   &AtomicCharges [&Type "ArrayOfDoubles", &Dim (42,1)] 
                                                         0

0                                     -1.6510160077305258e-01
1                                     -1.5282201157124931e-01
2                                     -2.2576520091291652e-01
3                                      1.2498312533849809e-01
4                                      2.7894158259640811e-02
5                                     -2.1201555727460697e-01
6                                      6.6748191023110692e-02
7                                     -2.2499270761427415e-01
8                                     -2.2551928626016071e-01
9                                      5.0152758009388343e-02
10                                     5.0164107969181693e-02
11                                     3.4177421376101691e-02
12                                    -2.1019024965538158e-01
13                                    -2.2301275769924533e-01
14                                    -2.2552369097435321e-01
15                                    -2.2499045487556213e-01
16                                     6.6751987509089616e-02
17                                     3.4197952237331464e-02
18                                    -2.1019316195557280e-01
19                                    -2.2299903136261090e-01
20                                     1.2497858728152789e-01
21                                     2.7879444696144340e-02
22                                    -2.1201301094834513e-01
23                                    -1.6510323463240706e-01
24                                    -1.5282210715701083e-01
25                                    -2.2577115953558025e-01
26                                     1.6108391097337749e-01
27                                     1.6155719600056828e-01
28                                     1.6374595472794318e-01
29                                     1.7036557858252066e-01
30                                     1.7080281324107949e-01
31                                     1.7158274109575011e-01
32                                     1.7144166532201055e-01
33                                     1.6487130408030448e-01
34                                     1.7158595530955978e-01
35                                     1.7080379830649517e-01
36                                     1.7144000362297418e-01
37                                     1.6487012180449812e-01
38                                     1.7036956281773064e-01
39                                     1.6108371071286209e-01
40                                     1.6155716257015884e-01
41                                     1.6374601033445013e-01
   &Method [&Type "String"] "SCF"
   &Level [&Type "String"] "Relaxed density"
   &Mult [&Type "Integer"] 1
   &State [&Type "Integer"] -1
   &Irrep [&Type "Integer"] 0
$End
$SCF_Loewdin_Population_Analysis
   &GeometryIndex 1
   &NAtoms [&Type "Integer"] 42
   &ATNO [&Type "ArrayOfIntegers", &Dim (42,1)] 
                                                         0

0                                                        6
1                                                        6
2                                                        6
3                                                        6
4                                                        6
5                                                        6
6                                                        6
7                                                        6
8                                                        6
9                                                        6
10                                                       6
11                                                       6
12                                                       6
13                                                       6
14                                                       6
15                                                       6
16                                                       6
17                                                       6
18                                                       6
19                                                       6
20                                                       6
21                                                       6
22                                                       6
23                                                       6
24                                                       6
25                                                       6
26                                                       1
27                                                       1
28                                                       1
29                                                       1
30                                                       1
31                                                       1
32                                                       1
33                                                       1
34                                                       1
35                                                       1
36                                                       1
37                                                       1
38                                                       1
39                                                       1
40                                                       1
41                                                       1
   &AtomicCharges [&Type "ArrayOfDoubles", &Dim (42,1)] 
                                                         0

0                                     -1.3789060382357832e-01
1                                     -1.3824492662294929e-01
2                                     -1.3241297698491472e-01
3                                     -2.3820500990064275e-02
4                                     -1.8893115924244697e-02
5                                     -1.3478163470962734e-01
6                                     -1.8322518136646870e-02
7                                     -1.3268495318208640e-01
8                                     -1.3371587314464506e-01
9                                     -1.7928881398025176e-02
10                                    -1.7928528314514303e-02
11                                    -1.8431754242423715e-02
12                                    -1.3704504907752035e-01
13                                    -1.2966584126256819e-01
14                                    -1.3371632011205214e-01
15                                    -1.3268471176037533e-01
16                                    -1.8322540429501544e-02
17                                    -1.8431308961649684e-02
18                                    -1.3704525723089667e-01
19                                    -1.2966527375111081e-01
20                                    -2.3820448009162831e-02
21                                    -1.8893172623567267e-02
22                                    -1.3478175376666623e-01
23                                    -1.3789041608207242e-01
24                                    -1.3824499080156638e-01
25                                    -1.3241248138909345e-01
26                                     1.4526878061891568e-01
27                                     1.4553980489537399e-01
28                                     1.4568509494092818e-01
29                                     1.4604120407718546e-01
30                                     1.4794703370803008e-01
31                                     1.4813474232192525e-01
32                                     1.4793345035295924e-01
33                                     1.4728753201128497e-01
34                                     1.4813490834098242e-01
35                                     1.4794693683747728e-01
36                                     1.4793373884463756e-01
37                                     1.4728740380555805e-01
38                                     1.4604143764269484e-01
39                                     1.4526880327712210e-01
40                                     1.4553983833416684e-01
41                                     1.4568512272223966e-01
   &Method [&Type "String"] "SCF"
   &Level [&Type "String"] "Relaxed density"
   &Mult [&Type "Integer"] 1
   &State [&Type "Integer"] -1
   &Irrep [&Type "Integer"] 0
$End
$SCF_Mayer_Population_Analysis
   &GeometryIndex 1
   &NAtoms [&Type "Integer"] 42 "Total number of atoms"
   &NBondOrdersPrint [&Type "Integer"] 47 "The number of bond orders larger than threshold"
   &bondThresh [&Type "Double"]       1.0000000000000001e-01  "The threshold for printing"
   &components [&Type "ArrayOfIntegers", &Dim (47,4)] "The indices and atomic numbers of the bonding atoms"
                                                         0                           1                           2                           3

0                                                        0                           6                           1                           6
1                                                        0                           6                           5                           6
2                                                        0                           6                          26                           1
3                                                        1                           6                           2                           6
4                                                        1                           6                          27                           1
5                                                        2                           6                           3                           6
6                                                        2                           6                          28                           1
7                                                        3                           6                           4                           6
8                                                        3                           6                          13                           6
9                                                        4                           6                           5                           6
10                                                       4                           6                           6                           6
11                                                       5                           6                          29                           1
12                                                       6                           6                           7                           6
13                                                       6                           6                          11                           6
14                                                       7                           6                           8                           6
15                                                       7                           6                          30                           1
16                                                       8                           6                           9                           6
17                                                       8                           6                          31                           1
18                                                       9                           6                          10                           6
19                                                       9                           6                          17                           6
20                                                      10                           6                          11                           6
21                                                      10                           6                          14                           6
22                                                      11                           6                          12                           6
23                                                      12                           6                          13                           6
24                                                      12                           6                          32                           1
25                                                      13                           6                          33                           1
26                                                      14                           6                          15                           6
27                                                      14                           6                          34                           1
28                                                      15                           6                          16                           6
29                                                      15                           6                          35                           1
30                                                      16                           6                          17                           6
31                                                      16                           6                          21                           6
32                                                      17                           6                          18                           6
33                                                      18                           6                          19                           6
34                                                      18                           6                          36                           1
35                                                      19                           6                          20                           6
36                                                      19                           6                          37                           1
37                                                      20                           6                          21                           6
38                                                      20                           6                          25                           6
39                                                      21                           6                          22                           6
40                                                      22                           6                          23                           6
41                                                      22                           6                          38                           1
42                                                      23                           6                          24                           6
43                                                      23                           6                          39                           1
44                                                      24                           6                          25                           6
45                                                      24                           6                          40                           1
46                                                      25                           6                          41                           1
   &BondOrders [&Type "ArrayOfDoubles", &Dim (47,1)] "The bond orders"
                                                         0

0                                      1.3425016269270995e+00
1                                      1.5178954480730520e+00
2                                      9.3039929992372938e-01
3                                      1.5205752124612717e+00
4                                      9.3050727623732299e-01
5                                      1.3044887704223200e+00
6                                      9.2371318752216758e-01
7                                      1.3475006424405711e+00
8                                      1.2031851016779471e+00
9                                      1.3288635732715428e+00
10                                     1.1454385110488319e+00
11                                     9.1119375654781243e-01
12                                     1.2525155590766830e+00
13                                     1.3830002191902293e+00
14                                     1.5628006218645978e+00
15                                     9.1204467436979275e-01
16                                     1.2499271722791141e+00
17                                     9.1055565606224687e-01
18                                     1.3610924907924353e+00
19                                     1.1755860356948733e+00
20                                     1.1755836570670439e+00
21                                     1.2499315929262440e+00
22                                     1.2225497546810924e+00
23                                     1.6001125875677662e+00
24                                     9.1074003482875265e-01
25                                     9.2338219558769452e-01
26                                     1.5628152950166974e+00
27                                     9.1055024110207583e-01
28                                     1.2525216978579761e+00
29                                     9.1204153767058216e-01
30                                     1.3830016159267455e+00
31                                     1.1454100762071466e+00
32                                     1.2225443849807043e+00
33                                     1.6001109798423405e+00
34                                     9.1074204258047931e-01
35                                     1.2031926717962416e+00
36                                     9.2338257703549464e-01
37                                     1.3475029960070695e+00
38                                     1.3044948396579046e+00
39                                     1.3288661485113447e+00
40                                     1.5179030241114262e+00
41                                     9.1119279882084914e-01
42                                     1.3425019090533135e+00
43                                     9.3039724922934552e-01
44                                     1.5205718064417451e+00
45                                     9.3050844583197057e-01
46                                     9.2370791426995447e-01
   &ATNO [&Type "ArrayOfIntegers", &Dim (42,1)] "Atomic number of the elements"
                                                         0

0                                                        6
1                                                        6
2                                                        6
3                                                        6
4                                                        6
5                                                        6
6                                                        6
7                                                        6
8                                                        6
9                                                        6
10                                                       6
11                                                       6
12                                                       6
13                                                       6
14                                                       6
15                                                       6
16                                                       6
17                                                       6
18                                                       6
19                                                       6
20                                                       6
21                                                       6
22                                                       6
23                                                       6
24                                                       6
25                                                       6
26                                                       1
27                                                       1
28                                                       1
29                                                       1
30                                                       1
31                                                       1
32                                                       1
33                                                       1
34                                                       1
35                                                       1
36                                                       1
37                                                       1
38                                                       1
39                                                       1
40                                                       1
41                                                       1
   &NA [&Type "ArrayOfDoubles", &Dim (42,1)] "Mulliken gross atomic population"
                                                         0

0                                      6.1651016007730508e+00
1                                      6.1528220115712511e+00
2                                      6.2257652009129156e+00
3                                      5.8750168746615019e+00
4                                      5.9721058417403601e+00
5                                      6.2120155572746114e+00
6                                      5.9332518089768875e+00
7                                      6.2249927076142724e+00
8                                      6.2255192862601634e+00
9                                      5.9498472419906099e+00
10                                     5.9498358920308183e+00
11                                     5.9658225786238965e+00
12                                     6.2101902496553807e+00
13                                     6.2230127576992453e+00
14                                     6.2255236909743559e+00
15                                     6.2249904548755630e+00
16                                     5.9332480124909122e+00
17                                     5.9658020477626694e+00
18                                     6.2101931619555719e+00
19                                     6.2229990313626136e+00
20                                     5.8750214127184712e+00
21                                     5.9721205553038565e+00
22                                     6.2120130109483434e+00
23                                     6.1651032346324071e+00
24                                     6.1528221071570091e+00
25                                     6.2257711595355785e+00
26                                     8.3891608902662229e-01
27                                     8.3844280399943139e-01
28                                     8.3625404527205682e-01
29                                     8.2963442141747923e-01
30                                     8.2919718675892051e-01
31                                     8.2841725890425000e-01
32                                     8.2855833467798967e-01
33                                     8.3512869591969530e-01
34                                     8.2841404469044044e-01
35                                     8.2919620169350483e-01
36                                     8.2855999637702582e-01
37                                     8.3512987819550166e-01
38                                     8.2963043718226936e-01
39                                     8.3891628928713780e-01
40                                     8.3844283742984116e-01
41                                     8.3625398966555009e-01
   &ZA [&Type "ArrayOfDoubles", &Dim (42,1)] "Total nuclear charge"
                                                         0

0                                      6.0000000000000000e+00
1                                      6.0000000000000000e+00
2                                      6.0000000000000000e+00
3                                      6.0000000000000000e+00
4                                      6.0000000000000000e+00
5                                      6.0000000000000000e+00
6                                      6.0000000000000000e+00
7                                      6.0000000000000000e+00
8                                      6.0000000000000000e+00
9                                      6.0000000000000000e+00
10                                     6.0000000000000000e+00
11                                     6.0000000000000000e+00
12                                     6.0000000000000000e+00
13                                     6.0000000000000000e+00
14                                     6.0000000000000000e+00
15                                     6.0000000000000000e+00
16                                     6.0000000000000000e+00
17                                     6.0000000000000000e+00
18                                     6.0000000000000000e+00
19                                     6.0000000000000000e+00
20                                     6.0000000000000000e+00
21                                     6.0000000000000000e+00
22                                     6.0000000000000000e+00
23                                     6.0000000000000000e+00
24                                     6.0000000000000000e+00
25                                     6.0000000000000000e+00
26                                     1.0000000000000000e+00
27                                     1.0000000000000000e+00
28                                     1.0000000000000000e+00
29                                     1.0000000000000000e+00
30                                     1.0000000000000000e+00
31                                     1.0000000000000000e+00
32                                     1.0000000000000000e+00
33                                     1.0000000000000000e+00
34                                     1.0000000000000000e+00
35                                     1.0000000000000000e+00
36                                     1.0000000000000000e+00
37                                     1.0000000000000000e+00
38                                     1.0000000000000000e+00
39                                     1.0000000000000000e+00
40                                     1.0000000000000000e+00
41                                     1.0000000000000000e+00
   &QA [&Type "ArrayOfDoubles", &Dim (42,1)] "Mulliken gross atomic charge"
                                                         0

0                                     -1.6510160077305081e-01
1                                     -1.5282201157125108e-01
2                                     -2.2576520091291563e-01
3                                      1.2498312533849809e-01
4                                      2.7894158259639923e-02
5                                     -2.1201555727461141e-01
6                                      6.6748191023112469e-02
7                                     -2.2499270761427237e-01
8                                     -2.2551928626016338e-01
9                                      5.0152758009390119e-02
10                                     5.0164107969181693e-02
11                                     3.4177421376103467e-02
12                                    -2.1019024965538069e-01
13                                    -2.2301275769924533e-01
14                                    -2.2552369097435587e-01
15                                    -2.2499045487556302e-01
16                                     6.6751987509087840e-02
17                                     3.4197952237330576e-02
18                                    -2.1019316195557192e-01
19                                    -2.2299903136261356e-01
20                                     1.2497858728152877e-01
21                                     2.7879444696143452e-02
22                                    -2.1201301094834335e-01
23                                    -1.6510323463240706e-01
24                                    -1.5282210715700906e-01
25                                    -2.2577115953557847e-01
26                                     1.6108391097337771e-01
27                                     1.6155719600056861e-01
28                                     1.6374595472794318e-01
29                                     1.7036557858252077e-01
30                                     1.7080281324107949e-01
31                                     1.7158274109575000e-01
32                                     1.7144166532201033e-01
33                                     1.6487130408030470e-01
34                                     1.7158595530955956e-01
35                                     1.7080379830649517e-01
36                                     1.7144000362297418e-01
37                                     1.6487012180449834e-01
38                                     1.7036956281773064e-01
39                                     1.6108371071286220e-01
40                                     1.6155716257015884e-01
41                                     1.6374601033444991e-01
   &VA [&Type "ArrayOfDoubles", &Dim (42,1)] "Mayer's total valence"
                                                         0

0                                      3.9292509482357327e+00
1                                      3.9115213201855377e+00
2                                      3.9058764572145068e+00
3                                      3.9820315046190959e+00
4                                      4.0047141849023689e+00
5                                      3.8895379733929167e+00
6                                      3.9396502151323265e+00
7                                      3.8743678012768341e+00
8                                      3.8758752076376055e+00
9                                      3.9556540613697924e+00
10                                     3.9556442748293570e+00
11                                     3.9613086480801756e+00
12                                     3.8632765614323046e+00
13                                     3.8842119640478643e+00
14                                     3.8758984819744318e+00
15                                     3.8743818058097990e+00
16                                     3.9396257463529176e+00
17                                     3.9612970706370150e+00
18                                     3.8632710945031423e+00
19                                     3.8842107198301141e+00
20                                     3.9820475311959882e+00
21                                     4.0047004443531575e+00
22                                     3.8895431146591672e+00
23                                     3.9292590912195164e+00
24                                     3.9115140532376582e+00
25                                     3.9058723395846213e+00
26                                     9.3556294098721771e-01
27                                     9.3505181409656934e-01
28                                     9.3439485433715219e-01
29                                     9.3287921223930004e-01
30                                     9.3550698604771787e-01
31                                     9.3512700874043542e-01
32                                     9.3428569199327005e-01
33                                     9.3595211265322098e-01
34                                     9.3512743895059425e-01
35                                     9.3550844184765192e-01
36                                     9.3428572662658205e-01
37                                     9.3595285476509804e-01
38                                     9.3287808917473436e-01
39                                     9.3556282662023649e-01
40                                     9.3505219538781814e-01
41                                     9.3439520207490068e-01
   &BVA [&Type "ArrayOfDoubles", &Dim (42,1)] "Mayer's bonded valence"
                                                         0

0                                      3.9292509482357150e+00
1                                      3.9115213201855425e+00
2                                      3.9058764572145401e+00
3                                      3.9820315046191084e+00
4                                      4.0047141849023751e+00
5                                      3.8895379733929003e+00
6                                      3.9396502151323096e+00
7                                      3.8743678012768212e+00
8                                      3.8758752076376202e+00
9                                      3.9556540613698252e+00
10                                     3.9556442748293446e+00
11                                     3.9613086480801689e+00
12                                     3.8632765614323188e+00
13                                     3.8842119640479127e+00
14                                     3.8758984819744273e+00
15                                     3.8743818058097812e+00
16                                     3.9396257463529198e+00
17                                     3.9612970706370034e+00
18                                     3.8632710945031263e+00
19                                     3.8842107198301061e+00
20                                     3.9820475311959802e+00
21                                     4.0047004443531371e+00
22                                     3.8895431146591544e+00
23                                     3.9292590912195502e+00
24                                     3.9115140532376964e+00
25                                     3.9058723395846142e+00
26                                     9.3556294098721815e-01
27                                     9.3505181409656513e-01
28                                     9.3439485433715697e-01
29                                     9.3287921223930148e-01
30                                     9.3550698604771121e-01
31                                     9.3512700874043131e-01
32                                     9.3428569199326650e-01
33                                     9.3595211265323486e-01
34                                     9.3512743895058903e-01
35                                     9.3550844184765114e-01
36                                     9.3428572662658604e-01
37                                     9.3595285476508927e-01
38                                     9.3287808917474024e-01
39                                     9.3556282662023793e-01
40                                     9.3505219538782502e-01
41                                     9.3439520207489324e-01
   &FA [&Type "ArrayOfDoubles", &Dim (42,1)] "Mayer's free valence"
                                                         0

0                                      0.0000000000000000e+00
1                                      0.0000000000000000e+00
2                                      0.0000000000000000e+00
3                                      0.0000000000000000e+00
4                                      0.0000000000000000e+00
5                                      0.0000000000000000e+00
6                                      0.0000000000000000e+00
7                                      0.0000000000000000e+00
8                                      0.0000000000000000e+00
9                                      0.0000000000000000e+00
10                                     0.0000000000000000e+00
11                                     0.0000000000000000e+00
12                                     0.0000000000000000e+00
13                                     0.0000000000000000e+00
14                                     0.0000000000000000e+00
15                                     0.0000000000000000e+00
16                                     0.0000000000000000e+00
17                                     0.0000000000000000e+00
18                                     0.0000000000000000e+00
19                                     0.0000000000000000e+00
20                                     0.0000000000000000e+00
21                                     0.0000000000000000e+00
22                                     0.0000000000000000e+00
23                                     0.0000000000000000e+00
24                                     0.0000000000000000e+00
25                                     0.0000000000000000e+00
26                                     0.0000000000000000e+00
27                                     0.0000000000000000e+00
28                                     0.0000000000000000e+00
29                                     0.0000000000000000e+00
30                                     0.0000000000000000e+00
31                                     0.0000000000000000e+00
32                                     0.0000000000000000e+00
33                                     0.0000000000000000e+00
34                                     0.0000000000000000e+00
35                                     0.0000000000000000e+00
36                                     0.0000000000000000e+00
37                                     0.0000000000000000e+00
38                                     0.0000000000000000e+00
39                                     0.0000000000000000e+00
40                                     0.0000000000000000e+00
41                                     0.0000000000000000e+00
   &Method [&Type "String"] "SCF"
   &Level [&Type "String"] "Relaxed density"
   &Mult [&Type "Integer"] 1
   &State [&Type "Integer"] -1
   &Irrep [&Type "Integer"] 0
$End
$SCF_Energy
   &GeometryIndex 1
   &Method [&Type "String"] "SCF"
   &totalEnergy [&Type "ArrayOfDoubles", &Dim (1,1)] "Total energy of each state"
                                                         0

0                                     -9.9987480832325866e+02
   &Mult [&Type "ArrayOfIntegers", &Dim (1,1)] "Multiplicity of each state"
                                                         0

0                                                        1
$End
$DFT_Energy
   &GeometryIndex 1
   &nAlphaEl [&Type "Integer"] 85
   &nBetaEl [&Type "Integer"] 85
   &nTotalEl [&Type "Integer"] 171
   &finalEn [&Type "Double"]      -9.9987480832325866e+02  "No Van der Waals correction"
   &eExchange [&Type "Double"]       0.0000000000000000e+00
   &eCorr [&Type "Double"]       0.0000000000000000e+00
   &eXC [&Type "Double"]      -1.0657681070095470e+02
   &eCNL [&Type "Double"]       0.0000000000000000e+00
$End
$Solvation_Details
   &GeometryIndex 1
   &Solvent [&Type "String"] "WATER"
   &Epsilon [&Type "Double"]       8.0150999999999996e+01
   &Refrac [&Type "Double"]       1.3328000000000000e+00
   &RSolv [&Type "Double"]       1.3000000000000000e+00
   &SurfaceType [&Type "String"] "GAUSSIAN VDW"
   &CPCMDielEnergy [&Type "Double"]      -1.5826715000000002e-02
   &NPoints [&Type "Integer"] 3770
   &SurfaceArea [&Type "Double"]       1.2713239337350001e+03
$End
$SCF_Timings
   &GeometryIndex 1
   &TOTAL [&Type "Double"]       8.6018288999999996e+01
   &PREP [&Type "Double"]       1.1145780000000001e+00
   &FOCK [&Type "Double"]       8.1547961000000001e+01
   &DENS [&Type "Double"]       1.0035099999998920e-01
   &ETOT [&Type "Double"]       6.2371999999983885e-02
   &POP [&Type "Double"]       6.4306000000001973e-02
   &TRAFO [&Type "Double"]       9.0680999999998235e-02
   &DIIS [&Type "Double"]       3.6574799999999641e-01
   &SOSCF [&Type "Double"]       3.3895400000000464e-01
   &XC [&Type "Double"]       4.8406829999999985e+00
   &FOCKSTART [&Type "Double"]       1.3926999999996914e-02
   &SOLV [&Type "Double"]       8.4250630000000051e+00
   &SOLV_INIT [&Type "Double"]       4.4504100000000002e-01
   &INT_PREP [&Type "Double"]       6.0000000043913815e-06
   &INT_BF [&Type "Double"]       1.1771880000000241e+00
   &INT_DENS [&Type "Double"]       1.0393409999999346e+00
   &INT_DENSIO [&Type "Double"]       2.1326676887800038e+05
   &INT_FUNC [&Type "Double"]       4.0949999999963538e-01
   &INT_POT [&Type "Double"]       1.0267650000000241e+00
   &INT_POTIO [&Type "Double"]       3.4764000000144790e-02
   &INT_SUM [&Type "Double"]       1.4429999999912013e-03
   &SPLITRIJ [&Type "Double"]       5.3900279999999983e+00
   &COSX [&Type "Double"]       6.6110956000000002e+01
   &FROZCORE [&Type "Double"]       6.7719999999980018e-03
$End
$CIS_Absorption_Spectrum
   &GeometryIndex 1
   &Method [&Type "Integer"] 20
   &RelCorrection [&Type "Integer"] 1 "Type of relativistic treatment in QDPT. 0->Unknow, 1->None, 2->SOC, 3->SSC, 4->SOC/SSC"
   &DensType [&Type "Integer"] 3 "Type of density (electron/spin ...). 0->Unknow, 1->Electronic, 2->Spin, 3->Trans/Electronic, 4->Tran/Spin"
   &DeriType [&Type "Integer"] 0 "Type of derivative (w.r.t. to what perturbation). 0->Unknown, 1->No Derivative, 2->Electric/Dipole, 3->Electric/Quad, 4->Magnetic/Dipole, 5->Magnetic/Quad"
   &DensLevel [&Type "Integer"] 0 "// Source of density: relaxed, unrelaxed, ... 0->Unknown, 1->Linearized, 2->Unrelaxed, 3->Relaxed"
   &Density_name [&Type "String"] "Tdens-CIS"
   &Representation [&Type "String"] "Length" "Possible values: Unknown,  Length, Velocity"
   &PointGroup [&Type "String"] "C1"
   &DoHigherMoments [&Type "Boolean"] false
   &NTrans [&Type "Integer"] 8
   &ExcitationEnergies [&Type "ArrayOfDoubles", &Dim (8,11)] 
                                                         0                           1                           2                           3                           4                           5                           6                           7

0                                      3.9145103604703424e+00         3.1572658607153189e+04         3.1672974152814521e+02         1.1452107858693038e-02         1.1941251995189742e-01        -1.0859536903724205e-01         0.0000000000000000e+00        -2.7675765436569211e-01
1                                      4.1151868053028462e+00         3.3191223459395034e+04         3.0128446491987995e+02         5.4995718988077391e-01         5.4548298736335337e+00        -2.2775317712942571e+00         0.0000000000000000e+00        -5.1636549035175272e-01
2                                      4.4689773944636828e+00         3.6044737299285996e+04         2.7743301100985099e+02         2.9520879547964623e-11         2.6962677390583034e-10        -3.8942373423670601e-06         0.0000000000000000e+00        -1.3285730408367502e-05
3                                      4.7140131767521503e+00         3.8021084374224112e+04         2.6301196203597408e+02         1.8832616278983414e-08         1.6306537215035119e-07        -3.9640082821984501e-04         0.0000000000000000e+00         2.4182365613897860e-05
4                                      4.7453247845193181e+00         3.8273629548828045e+04         2.6127650076255190e+02         3.4267686834876678e+00         2.9475469236698956e+01        -5.3530953489133388e+00         0.0000000000000000e+00         1.8016911230144173e-01
5                                      5.0347375544119659e+00         4.0607901204523245e+04         2.4625749431458220e+02         2.0518227678971648e-09         1.6634313726195802e-08        -1.2775258725365030e-04         0.0000000000000000e+00        -1.5367333108967998e-05
6                                      5.1065513937794726e+00         4.1187118941820743e+04         2.4279435553930333e+02         3.3430897244041170e-02         2.6721584455854791e-01        -3.0458795103716002e-01         0.0000000000000000e+00         3.2182819562914633e-01
7                                      5.1912299775089057e+00         4.1870097850862483e+04         2.3883392954129459e+02         5.4092989723764839e-01         4.2531685814427007e+00        -4.1372446934522888e-01         0.0000000000000000e+00        -1.6887862312669526e+00
                                                         8                           9                          10

0                                      0.0000000000000000e+00        -1.7613848678117661e-01         0.0000000000000000e+00
1                                      0.0000000000000000e+00        -3.2335502973838720e-02         0.0000000000000000e+00
2                                      0.0000000000000000e+00        -8.8289895765780203e-06         0.0000000000000000e+00
3                                      0.0000000000000000e+00         7.3122969922507011e-05         0.0000000000000000e+00
4                                      0.0000000000000000e+00         8.8734351471898754e-01         0.0000000000000000e+00
5                                      0.0000000000000000e+00         8.7997300704216333e-06         0.0000000000000000e+00
6                                      0.0000000000000000e+00         2.6621163975232270e-01         0.0000000000000000e+00
7                                      0.0000000000000000e+00        -1.1090544215640963e+00         0.0000000000000000e+00
   &States [&Type "ArrayOfIntegers", &Dim (8,4)] "The initial and Final states. Col1: Initial State  Col2: Initial Irrep Col3: Final State Col4: Final Irrep"
                                                         0                           1                           2                           3

0                                                        0                           0                           1                           0
1                                                        0                           0                           2                           0
2                                                        0                           0                           3                           0
3                                                        0                           0                           4                           0
4                                                        0                           0                           5                           0
5                                                        0                           0                           6                           0
6                                                        0                           0                           7                           0
7                                                        0                           0                           8                           0
   &Multiplicities [&Type "ArrayOfDoubles", &Dim (8,2)] "Col1: Multiplicity of the initial state  Col2: Multiplicity of the final state"
                                                         0                           1

0                                      1.0000000000000000e+00         1.0000000000000000e+00
1                                      1.0000000000000000e+00         1.0000000000000000e+00
2                                      1.0000000000000000e+00         1.0000000000000000e+00
3                                      1.0000000000000000e+00         1.0000000000000000e+00
4                                      1.0000000000000000e+00         1.0000000000000000e+00
5                                      1.0000000000000000e+00         1.0000000000000000e+00
6                                      1.0000000000000000e+00         1.0000000000000000e+00
7                                      1.0000000000000000e+00         1.0000000000000000e+00
   &Temperature [&Type "Double"]       2.9814999999999998e+02
$End
$CIS_Absorption_Spectrum
   &GeometryIndex 1
   &Method [&Type "Integer"] 20
   &RelCorrection [&Type "Integer"] 1 "Type of relativistic treatment in QDPT. 0->Unknow, 1->None, 2->SOC, 3->SSC, 4->SOC/SSC"
   &DensType [&Type "Integer"] 3 "Type of density (electron/spin ...). 0->Unknow, 1->Electronic, 2->Spin, 3->Trans/Electronic, 4->Tran/Spin"
   &DeriType [&Type "Integer"] 0 "Type of derivative (w.r.t. to what perturbation). 0->Unknown, 1->No Derivative, 2->Electric/Dipole, 3->Electric/Quad, 4->Magnetic/Dipole, 5->Magnetic/Quad"
   &DensLevel [&Type "Integer"] 0 "// Source of density: relaxed, unrelaxed, ... 0->Unknown, 1->Linearized, 2->Unrelaxed, 3->Relaxed"
   &Density_name [&Type "String"] "Tdens-CIS"
   &Representation [&Type "String"] "Velocity" "Possible values: Unknown,  Length, Velocity"
   &PointGroup [&Type "String"] "C1"
   &DoHigherMoments [&Type "Boolean"] false
   &NTrans [&Type "Integer"] 8
   &ExcitationEnergies [&Type "ArrayOfDoubles", &Dim (8,11)] 
                                                         0                           1                           2                           3                           4                           5                           6                           7

0                                      3.9145103604703424e+00         3.1572658607153189e+04         3.1672974152814521e+02         3.3380846074796462e-05         7.2030333342620427e-06         2.4877554899918972e-03         0.0000000000000000e+00        -7.2466608588070479e-04
1                                      4.1151868053028462e+00         3.3191223459395034e+04         3.0128446491987995e+02         1.6531587751545498e-01         3.7501164927469029e-02         1.9050961238721226e-01         0.0000000000000000e+00        -9.2428299950643306e-03
2                                      4.4689773944636828e+00         3.6044737299285996e+04         2.7743301100985099e+02         0.0000000000000000e+00         0.0000000000000000e+00        -2.0432367602354827e-07         0.0000000000000000e+00        -4.0586403135649147e-07
3                                      4.7140131767521503e+00         3.8021084374224112e+04         2.6301196203597408e+02         8.1358954729581115e-09         2.1141548318452662e-09         4.5579797903075831e-05         0.0000000000000000e+00         2.3142356565447256e-06
4                                      4.7453247845193181e+00         3.8273629548828045e+04         2.6127650076255190e+02         1.3933898557117370e+00         3.6448463422150212e-01         5.9911010007320054e-01         0.0000000000000000e+00         1.9404466640710070e-02
5                                      5.0347375544119659e+00         4.0607901204523245e+04         2.4625749431458220e+02         7.0444603885971997e-10         1.9550830298306977e-10         1.3790395391516772e-05         0.0000000000000000e+00        -5.6510452283384294e-07
6                                      5.1065513937794726e+00         4.1187118941820743e+04         2.4279435553930333e+02         5.4448139318078858e-03         1.5326796379825061e-03         3.8862276502959474e-02         0.0000000000000000e+00         3.2987960611619892e-03
7                                      5.1912299775089057e+00         4.1870097850862483e+04         2.3883392954129459e+02         7.6889610097027068e-03         2.2002831114495544e-03         3.9164979062501347e-02         0.0000000000000000e+00        -1.8306612688832578e-02
                                                         8                           9                          10

0                                      0.0000000000000000e+00        -6.9926033796545147e-04         0.0000000000000000e+00
1                                      0.0000000000000000e+00        -3.3493620425769331e-02         0.0000000000000000e+00
2                                      0.0000000000000000e+00         1.8792607669469499e-07         0.0000000000000000e+00
3                                      0.0000000000000000e+00        -5.5929570252244222e-06         0.0000000000000000e+00
4                                      0.0000000000000000e+00        -7.1938785687355913e-02         0.0000000000000000e+00
5                                      0.0000000000000000e+00        -2.2391861930119778e-06         0.0000000000000000e+00
6                                      0.0000000000000000e+00        -3.3942668629458671e-03         0.0000000000000000e+00
7                                      0.0000000000000000e+00        -1.8200424674838206e-02         0.0000000000000000e+00
   &States [&Type "ArrayOfIntegers", &Dim (8,4)] "The initial and Final states. Col1: Initial State  Col2: Initial Irrep Col3: Final State Col4: Final Irrep"
                                                         0                           1                           2                           3

0                                                        0                           0                           1                           0
1                                                        0                           0                           2                           0
2                                                        0                           0                           3                           0
3                                                        0                           0                           4                           0
4                                                        0                           0                           5                           0
5                                                        0                           0                           6                           0
6                                                        0                           0                           7                           0
7                                                        0                           0                           8                           0
   &Multiplicities [&Type "ArrayOfDoubles", &Dim (8,2)] "Col1: Multiplicity of the initial state  Col2: Multiplicity of the final state"
                                                         0                           1

0                                      1.0000000000000000e+00         1.0000000000000000e+00
1                                      1.0000000000000000e+00         1.0000000000000000e+00
2                                      1.0000000000000000e+00         1.0000000000000000e+00
3                                      1.0000000000000000e+00         1.0000000000000000e+00
4                                      1.0000000000000000e+00         1.0000000000000000e+00
5                                      1.0000000000000000e+00         1.0000000000000000e+00
6                                      1.0000000000000000e+00         1.0000000000000000e+00
7                                      1.0000000000000000e+00         1.0000000000000000e+00
   &Temperature [&Type "Double"]       2.9814999999999998e+02
$End
$CIS_ECD_Spectrum
   &GeometryIndex 1
   &Method [&Type "Integer"] 20
   &RelCorrection [&Type "Integer"] 1 "Type of relativistic treatment in QDPT. 0->Unknow, 1->None, 2->SOC, 3->SSC, 4->SOC/SSC"
   &DensType [&Type "Integer"] 3 "Type of density (electron/spin ...). 0->Unknow, 1->Electronic, 2->Spin, 3->Trans/Electronic, 4->Tran/Spin"
   &DeriType [&Type "Integer"] 0 "Type of derivative (w.r.t. to what perturbation). 0->Unknown, 1->No Derivative, 2->Electric/Dipole, 3->Electric/Quad, 4->Magnetic/Dipole, 5->Magnetic/Quad"
   &DensLevel [&Type "Integer"] 0 "// Source of density: relaxed, unrelaxed, ... 0->Unknown, 1->Linearized, 2->Unrelaxed, 3->Relaxed"
   &Density_name [&Type "String"] "Tdens-CIS"
   &Representation [&Type "String"] "Length" "Possible values: Unknown,  Length, Velocity"
   &PointGroup [&Type "String"] "C1"
   &DoHigherMoments [&Type "Boolean"] false
   &NTrans [&Type "Integer"] 8
   &ExcitationEnergies [&Type "ArrayOfDoubles", &Dim (8,10)] 
                                                         0                           1                           2                           3                           4                           5                           6                           7

0                                      3.9145103604703424e+00         3.1572658607153189e+04         3.1672974152814521e+02         1.0637849321686133e-04         5.1410076900536279e-07         0.0000000000000000e+00         5.5106983871845098e-07         0.0000000000000000e+00
1                                      4.1151868053028462e+00         3.3191223459395034e+04         3.0128446491987995e+02        -1.1183246658904762e-03        -6.6584422484895143e-07         0.0000000000000000e+00        -1.7960601266937946e-06         0.0000000000000000e+00
2                                      4.4689773944636828e+00         3.6044737299285996e+04         2.7743301100985099e+02         5.3717882792818234e-06         2.5780414977097398e-04         0.0000000000000000e+00        -4.9193516550145291e-04         0.0000000000000000e+00
3                                      4.7140131767521503e+00         3.8021084374224112e+04         2.6301196203597408e+02         2.2069606117089324e-05         2.4686027894097934e-02         0.0000000000000000e+00        -1.1900369130100479e-01         0.0000000000000000e+00
4                                      4.7453247845193181e+00         3.8273629548828045e+04         2.6127650076255190e+02         1.5469124874312290e-03        -1.9563042208855228e-06         0.0000000000000000e+00         1.0401972317921858e-05         0.0000000000000000e+00
5                                      5.0347375544119659e+00         4.0607901204523245e+04         2.4625749431458220e+02         5.1725982835116586e-05        -8.7192650062377121e-03         0.0000000000000000e+00         4.3512803006524096e-02         0.0000000000000000e+00
6                                      5.1065513937794726e+00         4.1187118941820743e+04         2.4279435553930333e+02         5.8966225923883291e-05         1.5651008851217146e-06         0.0000000000000000e+00        -4.0363911356416867e-07         0.0000000000000000e+00
7                                      5.1912299775089057e+00         4.1870097850862483e+04         2.3883392954129459e+02        -1.0466328840867168e-03        -1.1536261258288904e-06         0.0000000000000000e+00         2.3543306135415243e-06         0.0000000000000000e+00
                                                         8                           9

0                                      9.8212754858219607e-08         0.0000000000000000e+00
1                                      2.2208363255633446e-06         0.0000000000000000e+00
2                                      1.9170865745347621e-03         0.0000000000000000e+00
3                                      1.7253867779289095e-01         0.0000000000000000e+00
4                                     -1.7611638638046510e-05         0.0000000000000000e+00
5                                     -6.3064386668202438e-02         0.0000000000000000e+00
6                                      1.8088588896577179e-06         0.0000000000000000e+00
7                                     -5.1563785068178442e-06         0.0000000000000000e+00
   &States [&Type "ArrayOfIntegers", &Dim (8,4)] "The initial and Final states. Col1: Initial State  Col2: Initial Irrep Col3: Final State Col4: Final Irrep"
                                                         0                           1                           2                           3

0                                                        0                           0                           1                           0
1                                                        0                           0                           2                           0
2                                                        0                           0                           3                           0
3                                                        0                           0                           4                           0
4                                                        0                           0                           5                           0
5                                                        0                           0                           6                           0
6                                                        0                           0                           7                           0
7                                                        0                           0                           8                           0
   &Multiplicities [&Type "ArrayOfDoubles", &Dim (8,2)] "Col1: Multiplicity of the initial state  Col2: Multiplicity of the final state"
                                                         0                           1

0                                      1.0000000000000000e+00         1.0000000000000000e+00
1                                      1.0000000000000000e+00         1.0000000000000000e+00
2                                      1.0000000000000000e+00         1.0000000000000000e+00
3                                      1.0000000000000000e+00         1.0000000000000000e+00
4                                      1.0000000000000000e+00         1.0000000000000000e+00
5                                      1.0000000000000000e+00         1.0000000000000000e+00
6                                      1.0000000000000000e+00         1.0000000000000000e+00
7                                      1.0000000000000000e+00         1.0000000000000000e+00
   &Temperature [&Type "Double"]       2.9814999999999998e+02
$End
$CIS_ECD_Spectrum
   &GeometryIndex 1
   &Method [&Type "Integer"] 20
   &RelCorrection [&Type "Integer"] 1 "Type of relativistic treatment in QDPT. 0->Unknow, 1->None, 2->SOC, 3->SSC, 4->SOC/SSC"
   &DensType [&Type "Integer"] 3 "Type of density (electron/spin ...). 0->Unknow, 1->Electronic, 2->Spin, 3->Trans/Electronic, 4->Tran/Spin"
   &DeriType [&Type "Integer"] 0 "Type of derivative (w.r.t. to what perturbation). 0->Unknown, 1->No Derivative, 2->Electric/Dipole, 3->Electric/Quad, 4->Magnetic/Dipole, 5->Magnetic/Quad"
   &DensLevel [&Type "Integer"] 0 "// Source of density: relaxed, unrelaxed, ... 0->Unknown, 1->Linearized, 2->Unrelaxed, 3->Relaxed"
   &Density_name [&Type "String"] "Tdens-CIS"
   &Representation [&Type "String"] "Velocity" "Possible values: Unknown,  Length, Velocity"
   &PointGroup [&Type "String"] "C1"
   &DoHigherMoments [&Type "Boolean"] false
   &NTrans [&Type "Integer"] 8
   &ExcitationEnergies [&Type "ArrayOfDoubles", &Dim (8,10)] 
                                                         0                           1                           2                           3                           4                           5                           6                           7

0                                      3.9145103604703424e+00         3.1572658607153189e+04         3.1672974152814521e+02         2.6576489345503953e-06         5.1410076900536279e-07         0.0000000000000000e+00         5.5106983871845098e-07         0.0000000000000000e+00
1                                      4.1151868053028462e+00         3.3191223459395034e+04         3.0128446491987995e+02        -5.7558085855686060e-04        -6.6584422484895143e-07         0.0000000000000000e+00        -1.7960601266937946e-06         0.0000000000000000e+00
2                                      4.4689773944636828e+00         3.6044737299285996e+04         2.7743301100985099e+02         1.4561429628945592e-06         2.5780414977097398e-04         0.0000000000000000e+00        -4.9193516550145291e-04         0.0000000000000000e+00
3                                      4.7140131767521503e+00         3.8021084374224112e+04         2.6301196203597408e+02        -3.1356188496538246e-04         2.4686027894097934e-02         0.0000000000000000e+00        -1.1900369130100479e-01         0.0000000000000000e+00
4                                      4.7453247845193181e+00         3.8273629548828045e+04         2.6127650076255190e+02         8.0228862315732236e-04        -1.9563042208855228e-06         0.0000000000000000e+00         1.0401972317921858e-05         0.0000000000000000e+00
5                                      5.0347375544119659e+00         4.0607901204523245e+04         2.4625749431458220e+02        -9.2201362055229784e-06        -8.7192650062377121e-03         0.0000000000000000e+00         4.3512803006524096e-02         0.0000000000000000e+00
6                                      5.1065513937794726e+00         4.1187118941820743e+04         2.4279435553930333e+02         1.3403268338071429e-04         1.5651008851217146e-06         0.0000000000000000e+00        -4.0363911356416867e-07         0.0000000000000000e+00
7                                      5.1912299775089057e+00         4.1870097850862483e+04         2.3883392954129459e+02         1.3756744756140266e-05        -1.1536261258288904e-06         0.0000000000000000e+00         2.3543306135415243e-06         0.0000000000000000e+00
                                                         8                           9

0                                      9.8212754858219607e-08         0.0000000000000000e+00
1                                      2.2208363255633446e-06         0.0000000000000000e+00
2                                      1.9170865745347621e-03         0.0000000000000000e+00
3                                      1.7253867779289095e-01         0.0000000000000000e+00
4                                     -1.7611638638046510e-05         0.0000000000000000e+00
5                                     -6.3064386668202438e-02         0.0000000000000000e+00
6                                      1.8088588896577179e-06         0.0000000000000000e+00
7                                     -5.1563785068178442e-06         0.0000000000000000e+00
   &States [&Type "ArrayOfIntegers", &Dim (8,4)] "The initial and Final states. Col1: Initial State  Col2: Initial Irrep Col3: Final State Col4: Final Irrep"
                                                         0                           1                           2                           3

0                                                        0                           0                           1                           0
1                                                        0                           0                           2                           0
2                                                        0                           0                           3                           0
3                                                        0                           0                           4                           0
4                                                        0                           0                           5                           0
5                                                        0                           0                           6                           0
6                                                        0                           0                           7                           0
7                                                        0                           0                           8                           0
   &Multiplicities [&Type "ArrayOfDoubles", &Dim (8,2)] "Col1: Multiplicity of the initial state  Col2: Multiplicity of the final state"
                                                         0                           1

0                                      1.0000000000000000e+00         1.0000000000000000e+00
1                                      1.0000000000000000e+00         1.0000000000000000e+00
2                                      1.0000000000000000e+00         1.0000000000000000e+00
3                                      1.0000000000000000e+00         1.0000000000000000e+00
4                                      1.0000000000000000e+00         1.0000000000000000e+00
5                                      1.0000000000000000e+00         1.0000000000000000e+00
6                                      1.0000000000000000e+00         1.0000000000000000e+00
7                                      1.0000000000000000e+00         1.0000000000000000e+00
   &Temperature [&Type "Double"]       2.9814999999999998e+02
$End
$CIS_Energies
   &GeometryIndex 1
   &e0 [&Type "Double"]      -9.9987480832325866e+02  "Ground state energy"
   &multP1 [&Type "Boolean"] false "Do the higher multiplicity too?"
   &mode [&Type "String"] "TDA" "CIS mode: CIS, RPA, TDA, TD-DFT, sTDA, sTD-DFT"
   &dCorr [&Type "Integer"] 0 "(D) Correction algorithm"
   &Method [&Type "String"] "TDA/CIS"
   &totalEnergy [&Type "ArrayOfDoubles", &Dim (8,1)] "Total energy of each state"
                                                         0

0                                     -9.9973095270581621e+02
1                                     -9.9972357798172072e+02
2                                     -9.9971057641601703e+02
3                                     -9.9970157151616741e+02
4                                     -9.9970042083568535e+02
5                                     -9.9968978511145042e+02
6                                     -9.9968714600125486e+02
7                                     -9.9968403412037458e+02
   &Mult [&Type "ArrayOfIntegers", &Dim (8,1)] "Multiplicity of each state"
                                                         0

0                                                        1
1                                                        1
2                                                        1
3                                                        1
4                                                        1
5                                                        1
6                                                        1
7                                                        1
   &RelCorr [&Type "String"] "None" "Relativistic correction (SOC and/or SSC)"
   &NBlocks [&Type "Integer"] 1 "Number of multiplicity blocks"
   &NRoots [&Type "ArrayOfIntegers", &Dim (1,1)] "Number of roots in each block"
                                                         0

0                                                        8
   &NTotalRoots [&Type "Integer"] 8 "Total number of roots"
   &Block [&Type "ArrayOfIntegers", &Dim (8,1)] "Block index of each state"
                                                         0

0                                                        0
1                                                        0
2                                                        0
3                                                        0
4                                                        0
5                                                        0
6                                                        0
7                                                        0
   &Root [&Type "ArrayOfIntegers", &Dim (8,1)] "Root index within the block"
                                                         0

0                                                        0
1                                                        1
2                                                        2
3                                                        3
4                                                        4
5                                                        5
6                                                        6
7                                                        7
$End
$Single_Point_Data
   &GeometryIndex 1
   &FinalEnergy [&Type "Double"]      -9.9973095270581621e+02  "Final single point energy"
   &Converged [&Type "Boolean"] true
$End
$Calculation_Info
   &GeometryIndex 1
   &Mult [&Type "Integer"] 1
   &Charge [&Type "Integer"] 0
   &NumOfAtoms [&Type "Integer"] 42
   &NumOfElectrons [&Type "Integer"] 172
   &NumOfBasisFuncts [&Type "Integer"] 396
   &NumOfAuxCBasisFuncts [&Type "Integer"] 0
   &NumOfAuxJBasisFuncts [&Type "Integer"] 1450
   &NumOfAuxJKBasisFuncts [&Type "Integer"] 0
   &NumOfCABSBasisFuncts [&Type "Integer"] 0
$End
$SCF_Dipole_Moment
   &GeometryIndex 1
   &dipoleMagnitude [&Type "Double", &Units "a.u."]       1.7219447157297977e-05
   &dipoleElecContrib [&Type "ArrayOfDoubles", &Dim (3,1)] "Electronic contribution"
                                                         0

0                                      7.8640817042785471e-06
1                                      1.2285510877840800e-05
2                                      5.8071224500050311e-06
   &dipoleNucContrib [&Type "ArrayOfDoubles", &Dim (3,1)] "Nuclear contribution"
                                                         0

0                                      9.2335221690831304e-06
1                                     -1.0499982974199185e-05
2                                     -6.8037127860520741e-06
   &dipoleTotal [&Type "ArrayOfDoubles", &Dim (3,1)] "Total"
                                                         0

0                                      1.7097603873361678e-05
1                                      1.7855279036416150e-06
2                                     -9.9659033604704295e-07
   &doAtomicDipole [&Type "Boolean"] false
   &Method [&Type "String"] "SCF"
   &Level [&Type "String"] "Relaxed density"
   &Mult [&Type "Integer"] 1
   &State [&Type "Integer"] -1
   &Irrep [&Type "Integer"] 0
$End
$Calculation_Timings
   &GeometryIndex 1
   &GTOINT [&Type "Double"]       5.4876709999999997e+00
   &SCF [&Type "Double"]       9.3774514999999994e+01
   &CIS [&Type "Double"]       5.9475127999999984e+01
   &PROPINT [&Type "Double"]       3.1399949999999990e+00
   &PROP [&Type "Double"]       3.1816659999999786e+00
   &SUM [&Type "Double"]       1.6505897499999995e+02
$End
