*************************************************
******************* ORCA 6.1.1 ******************
*************************************************
$Calculation_Status
   &GeometryIndex 1
   &version [&Type "String"] "6.1.1"
   &progName [&Type "String"] "ProgCIS"
   &Status [&Type "String"] "NORMAL TERMINATION"
$End
$Geometry
   &GeometryIndex 1
   &NAtoms [&Type "Integer"] 41
   &NCorelessECP [&Type "Integer"] 0
   &NGhostAtoms [&Type "Integer"] 0
   &CartesianCoordinates [&Type "Coordinates", &Dim(41,4), &Units "Bohr"] 
              O     -5.315865833146  -10.469696572463   -0.929350339383
              N     -3.886398164826   -9.280551986746   -2.327914124149
              C     -2.905781544812   -7.005201927991   -1.296468387000
              C     -1.257034860866   -5.625130709053   -2.839361901103
              C     -0.172464435769   -3.392470176334   -1.999207252909
              C     -0.723395436374   -2.453283989056    0.447626553258
              C     -2.453465588540   -3.840073022052    1.968472064466
              C     -3.503137037023   -6.070357703735    1.117018406278
              N      0.382296779375   -0.233428612891    1.331965464125
              C      1.913456597959    1.358195922945   -0.320894391352
              C      4.671976438711    0.456019670667   -0.465480759368
              O      6.236095886113    2.209773730148   -1.877390996631
              S      5.954624208632    2.144091447656   -4.981794889637
              O      4.244055285339    4.156013007630   -5.774454375140
              O      5.486189445873   -0.469571742614   -5.762821719646
              C      9.147826120629    3.031005362424   -5.708723363992
              C      0.449785532676    0.409299678039    4.009882937597
              C     -1.258572859208    2.614265271226    4.778190468603
              O     -3.897962300295    2.058008736854    4.357029057889
              S     -5.296822774114    3.257937614189    1.824376356956
              O     -6.168384000421    1.175510660374    0.254108021192
              O     -3.682029650001    5.251198738163    0.788862990917
              C     -7.976629314828    4.648939856163    3.380742057339
              H     -0.823798583285   -6.357411922069   -4.707925101598
              H      1.120155386086   -2.409308372699   -3.246019253754
              H     -3.050278661696   -3.097997679174    3.780095340638
              H     -4.832783234126   -7.126594558498    2.267522526381
              H      1.061532150482    1.431111518906   -2.200448953524
              H      1.875890834453    3.298788443274    0.392648121752
              H      4.821467359856   -1.426312180534   -1.300487556439
              H      5.542420462466    0.422596338059    1.407929451960
              H     10.420561628638    1.559723025362   -5.027072116235
              H      9.263980231650    3.208296659328   -7.762160646821
              H      9.544965643104    4.842276710100   -4.805927683532
              H     -0.004902789179   -1.259180577371    5.133015788558
              H      2.387987826631    0.951568606017    4.538031899195
              H     -0.760035374932    4.347461966527    3.771153089468
              H     -1.077805853300    2.949626589762    6.812921351066
              H     -8.966847747250    3.168830362425    4.421021331598
              H     -7.318342276160    6.138066589903    4.645959317099
              H     -9.192529422935    5.427965208242    1.905331178081
$End
$SCF_Mulliken_Population_Analysis
   &GeometryIndex 1
   &NAtoms [&Type "Integer"] 41
   &ATNO [&Type "ArrayOfIntegers", &Dim (41,1)] 
                                                         0

0                                                        8
1                                                        7
2                                                        6
3                                                        6
4                                                        6
5                                                        6
6                                                        6
7                                                        6
8                                                        7
9                                                        6
10                                                       6
11                                                       8
12                                                      16
13                                                       8
14                                                       8
15                                                       6
16                                                       6
17                                                       6
18                                                       8
19                                                      16
20                                                       8
21                                                       8
22                                                       6
23                                                       1
24                                                       1
25                                                       1
26                                                       1
27                                                       1
28                                                       1
29                                                       1
30                                                       1
31                                                       1
32                                                       1
33                                                       1
34                                                       1
35                                                       1
36                                                       1
37                                                       1
38                                                       1
39                                                       1
40                                                       1
   &AtomicCharges [&Type "ArrayOfDoubles", &Dim (41,1)] 
                                                         0

0                                     -3.5703607890535416e-01
1                                     -5.1146751033606108e-02
2                                      1.5517675071683357e-01
3                                     -1.5047134939680529e-01
4                                     -2.2354399830505844e-01
5                                      3.3771119454761767e-01
6                                     -2.0783483553274884e-01
7                                     -1.5264813494728813e-01
8                                     -4.4927251350188691e-01
9                                     -2.0792726838577735e-01
10                                    -7.3155626576927979e-02
11                                    -5.6017066156887196e-01
12                                     1.2457475542778056e+00
13                                    -5.3904017895558631e-01
14                                    -5.5552205268656607e-01
15                                    -6.5863117548909234e-01
16                                    -1.8435550218511487e-01
17                                    -7.6474175320164761e-02
18                                    -5.6421762686349552e-01
19                                     1.2525436367575811e+00
20                                    -5.3118005646334865e-01
21                                    -5.5930011130217316e-01
22                                    -6.5470934811183046e-01
23                                     1.7558886601157675e-01
24                                     1.7375447100824726e-01
25                                     1.8049975431471754e-01
26                                     1.7397707749200819e-01
27                                     2.0148180882822486e-01
28                                     1.9916351777887165e-01
29                                     1.9745568304392214e-01
30                                     2.0490003065096218e-01
31                                     2.4468624956284146e-01
32                                     2.4654966354114383e-01
33                                     2.4663781751751668e-01
34                                     1.9872675290646979e-01
35                                     1.9475421591989872e-01
36                                     2.0201406918190701e-01
37                                     1.9748506528489185e-01
38                                     2.4346570542412316e-01
39                                     2.4120437393338090e-01
40                                     2.4311318683097516e-01
   &Method [&Type "String"] "SCF"
   &Level [&Type "String"] "Relaxed density"
   &Mult [&Type "Integer"] 1
   &State [&Type "Integer"] -1
   &Irrep [&Type "Integer"] 0
$End
$SCF_Loewdin_Population_Analysis
   &GeometryIndex 1
   &NAtoms [&Type "Integer"] 41
   &ATNO [&Type "ArrayOfIntegers", &Dim (41,1)] 
                                                         0

0                                                        8
1                                                        7
2                                                        6
3                                                        6
4                                                        6
5                                                        6
6                                                        6
7                                                        6
8                                                        7
9                                                        6
10                                                       6
11                                                       8
12                                                      16
13                                                       8
14                                                       8
15                                                       6
16                                                       6
17                                                       6
18                                                       8
19                                                      16
20                                                       8
21                                                       8
22                                                       6
23                                                       1
24                                                       1
25                                                       1
26                                                       1
27                                                       1
28                                                       1
29                                                       1
30                                                       1
31                                                       1
32                                                       1
33                                                       1
34                                                       1
35                                                       1
36                                                       1
37                                                       1
38                                                       1
39                                                       1
40                                                       1
   &AtomicCharges [&Type "ArrayOfDoubles", &Dim (41,1)] 
                                                         0

0                                     -2.3390780214806028e-01
1                                      1.7088959644917523e-02
2                                     -9.8039692096407727e-02
3                                     -8.6976572054672019e-02
4                                     -1.8891313095558537e-01
5                                      7.7486221916468700e-02
6                                     -1.6784013929700059e-01
7                                     -9.6302874794684357e-02
8                                     -7.4958853248672241e-02
9                                     -1.8160435907340045e-01
10                                    -1.1233143206949414e-01
11                                    -3.8356220956195131e-01
12                                     1.2874705852146384e+00
13                                    -5.8112043952144354e-01
14                                    -5.8688564970550239e-01
15                                    -4.9688867767844158e-01
16                                    -1.7196173148325933e-01
17                                    -1.1128179737049315e-01
18                                    -3.8840356353073524e-01
19                                     1.2896511191587550e+00
20                                    -5.7333678428535961e-01
21                                    -5.8471977602670755e-01
22                                    -4.9832918230152146e-01
23                                     1.5633699803067458e-01
24                                     1.5177399383532864e-01
25                                     1.5329605685945724e-01
26                                     1.5492975173545165e-01
27                                     1.4910325251325407e-01
28                                     1.5148773193921516e-01
29                                     1.4460027491771532e-01
30                                     1.5475420332396550e-01
31                                     1.8724331852507059e-01
32                                     1.8836406989358345e-01
33                                     1.8873319544704148e-01
34                                     1.5358899600599552e-01
35                                     1.5183982510236227e-01
36                                     1.4831883743991237e-01
37                                     1.5326188637601734e-01
38                                     1.8673887022553104e-01
39                                     1.8505541925708413e-01
40                                     1.8624109984070625e-01
   &Method [&Type "String"] "SCF"
   &Level [&Type "String"] "Relaxed density"
   &Mult [&Type "Integer"] 1
   &State [&Type "Integer"] -1
   &Irrep [&Type "Integer"] 0
$End
$SCF_Mayer_Population_Analysis
   &GeometryIndex 1
   &NAtoms [&Type "Integer"] 41 "Total number of atoms"
   &NBondOrdersPrint [&Type "Integer"] 41 "The number of bond orders larger than threshold"
   &bondThresh [&Type "Double"]       1.0000000000000001e-01  "The threshold for printing"
   &components [&Type "ArrayOfIntegers", &Dim (41,4)] "The indices and atomic numbers of the bonding atoms"
                                                         0                           1                           2                           3

0                                                        0                           8                           1                           7
1                                                        1                           7                           2                           6
2                                                        2                           6                           3                           6
3                                                        2                           6                           7                           6
4                                                        3                           6                           4                           6
5                                                        3                           6                          23                           1
6                                                        4                           6                           5                           6
7                                                        4                           6                          24                           1
8                                                        5                           6                           6                           6
9                                                        5                           6                           8                           7
10                                                       6                           6                           7                           6
11                                                       6                           6                          25                           1
12                                                       7                           6                          26                           1
13                                                       8                           7                           9                           6
14                                                       8                           7                          16                           6
15                                                       9                           6                          10                           6
16                                                       9                           6                          27                           1
17                                                       9                           6                          28                           1
18                                                      10                           6                          11                           8
19                                                      10                           6                          29                           1
20                                                      10                           6                          30                           1
21                                                      11                           8                          12                          16
22                                                      12                          16                          13                           8
23                                                      12                          16                          14                           8
24                                                      12                          16                          15                           6
25                                                      15                           6                          31                           1
26                                                      15                           6                          32                           1
27                                                      15                           6                          33                           1
28                                                      16                           6                          17                           6
29                                                      16                           6                          34                           1
30                                                      16                           6                          35                           1
31                                                      17                           6                          18                           8
32                                                      17                           6                          36                           1
33                                                      17                           6                          37                           1
34                                                      18                           8                          19                          16
35                                                      19                          16                          20                           8
36                                                      19                          16                          21                           8
37                                                      19                          16                          22                           6
38                                                      22                           6                          38                           1
39                                                      22                           6                          39                           1
40                                                      22                           6                          40                           1
   &BondOrders [&Type "ArrayOfDoubles", &Dim (41,1)] "The bond orders"
                                                         0

0                                      1.6654756710401635e+00
1                                      1.0851882138130093e+00
2                                      1.3389582350693112e+00
3                                      1.3045495094397603e+00
4                                      1.4955255275911232e+00
5                                      9.1434117783286573e-01
6                                      1.3377442954984970e+00
7                                      9.0183639083846523e-01
8                                      1.3018034775619889e+00
9                                      1.0694266695857189e+00
10                                     1.5295582422142298e+00
11                                     9.0745284364592838e-01
12                                     9.0754471203809151e-01
13                                     9.4901304069028081e-01
14                                     9.5230810096354379e-01
15                                     9.6334950365571526e-01
16                                     9.1668229390431311e-01
17                                     9.2232977929930859e-01
18                                     8.3863095271769483e-01
19                                     9.1455021423113636e-01
20                                     9.2541493685260257e-01
21                                     8.7954247725864454e-01
22                                     1.7240494703547213e+00
23                                     1.6626024047908021e+00
24                                     8.9936675237451746e-01
25                                     9.0583480164425767e-01
26                                     9.0884832723124509e-01
27                                     9.0493634605566831e-01
28                                     9.7878809129790378e-01
29                                     9.2084214877007020e-01
30                                     9.1700531868921686e-01
31                                     8.5618091361156057e-01
32                                     9.0844868798570932e-01
33                                     9.2473992220110046e-01
34                                     8.5858489651003023e-01
35                                     1.7323252340180588e+00
36                                     1.6606132994871849e+00
37                                     9.0202489032690625e-01
38                                     9.0618738266091281e-01
39                                     9.0717160887325676e-01
40                                     9.0947327351659357e-01
   &ATNO [&Type "ArrayOfIntegers", &Dim (41,1)] "Atomic number of the elements"
                                                         0

0                                                        8
1                                                        7
2                                                        6
3                                                        6
4                                                        6
5                                                        6
6                                                        6
7                                                        6
8                                                        7
9                                                        6
10                                                       6
11                                                       8
12                                                      16
13                                                       8
14                                                       8
15                                                       6
16                                                       6
17                                                       6
18                                                       8
19                                                      16
20                                                       8
21                                                       8
22                                                       6
23                                                       1
24                                                       1
25                                                       1
26                                                       1
27                                                       1
28                                                       1
29                                                       1
30                                                       1
31                                                       1
32                                                       1
33                                                       1
34                                                       1
35                                                       1
36                                                       1
37                                                       1
38                                                       1
39                                                       1
40                                                       1
   &NA [&Type "ArrayOfDoubles", &Dim (41,1)] "Mulliken gross atomic population"
                                                         0

0                                      8.3570360789053506e+00
1                                      7.0511467510336052e+00
2                                      5.8448232492831655e+00
3                                      6.1504713493968080e+00
4                                      6.2235439983050584e+00
5                                      5.6622888054523859e+00
6                                      6.2078348355327506e+00
7                                      6.1526481349472881e+00
8                                      7.4492725135018905e+00
9                                      6.2079272683857720e+00
10                                     6.0731556265769235e+00
11                                     8.5601706615688720e+00
12                                     1.4754252445722194e+01
13                                     8.5390401789555881e+00
14                                     8.5555220526865714e+00
15                                     6.6586311754890932e+00
16                                     6.1843555021851122e+00
17                                     6.0764741753201639e+00
18                                     8.5642176268634973e+00
19                                     1.4747456363242415e+01
20                                     8.5311800564633486e+00
21                                     8.5593001113021732e+00
22                                     6.6547093481118340e+00
23                                     8.2441113398842347e-01
24                                     8.2624552899175252e-01
25                                     8.1950024568528224e-01
26                                     8.2602292250799181e-01
27                                     7.9851819117177492e-01
28                                     8.0083648222112824e-01
29                                     8.0254431695607775e-01
30                                     7.9509996934903793e-01
31                                     7.5531375043715832e-01
32                                     7.5345033645885617e-01
33                                     7.5336218248248332e-01
34                                     8.0127324709353021e-01
35                                     8.0524578408010150e-01
36                                     7.9798593081809299e-01
37                                     8.0251493471510815e-01
38                                     7.5653429457587684e-01
39                                     7.5879562606661932e-01
40                                     7.5688681316902495e-01
   &ZA [&Type "ArrayOfDoubles", &Dim (41,1)] "Total nuclear charge"
                                                         0

0                                      8.0000000000000000e+00
1                                      7.0000000000000000e+00
2                                      6.0000000000000000e+00
3                                      6.0000000000000000e+00
4                                      6.0000000000000000e+00
5                                      6.0000000000000000e+00
6                                      6.0000000000000000e+00
7                                      6.0000000000000000e+00
8                                      7.0000000000000000e+00
9                                      6.0000000000000000e+00
10                                     6.0000000000000000e+00
11                                     8.0000000000000000e+00
12                                     1.6000000000000000e+01
13                                     8.0000000000000000e+00
14                                     8.0000000000000000e+00
15                                     6.0000000000000000e+00
16                                     6.0000000000000000e+00
17                                     6.0000000000000000e+00
18                                     8.0000000000000000e+00
19                                     1.6000000000000000e+01
20                                     8.0000000000000000e+00
21                                     8.0000000000000000e+00
22                                     6.0000000000000000e+00
23                                     1.0000000000000000e+00
24                                     1.0000000000000000e+00
25                                     1.0000000000000000e+00
26                                     1.0000000000000000e+00
27                                     1.0000000000000000e+00
28                                     1.0000000000000000e+00
29                                     1.0000000000000000e+00
30                                     1.0000000000000000e+00
31                                     1.0000000000000000e+00
32                                     1.0000000000000000e+00
33                                     1.0000000000000000e+00
34                                     1.0000000000000000e+00
35                                     1.0000000000000000e+00
36                                     1.0000000000000000e+00
37                                     1.0000000000000000e+00
38                                     1.0000000000000000e+00
39                                     1.0000000000000000e+00
40                                     1.0000000000000000e+00
   &QA [&Type "ArrayOfDoubles", &Dim (41,1)] "Mulliken gross atomic charge"
                                                         0

0                                     -3.5703607890535061e-01
1                                     -5.1146751033605220e-02
2                                      1.5517675071683446e-01
3                                     -1.5047134939680795e-01
4                                     -2.2354399830505844e-01
5                                      3.3771119454761411e-01
6                                     -2.0783483553275062e-01
7                                     -1.5264813494728813e-01
8                                     -4.4927251350189046e-01
9                                     -2.0792726838577202e-01
10                                    -7.3155626576923538e-02
11                                    -5.6017066156887196e-01
12                                     1.2457475542778056e+00
13                                    -5.3904017895558809e-01
14                                    -5.5552205268657140e-01
15                                    -6.5863117548909322e-01
16                                    -1.8435550218511221e-01
17                                    -7.6474175320163873e-02
18                                    -5.6421762686349730e-01
19                                     1.2525436367575846e+00
20                                    -5.3118005646334865e-01
21                                    -5.5930011130217316e-01
22                                    -6.5470934811183401e-01
23                                     1.7558886601157653e-01
24                                     1.7375447100824748e-01
25                                     1.8049975431471776e-01
26                                     1.7397707749200819e-01
27                                     2.0148180882822508e-01
28                                     1.9916351777887176e-01
29                                     1.9745568304392225e-01
30                                     2.0490003065096207e-01
31                                     2.4468624956284168e-01
32                                     2.4654966354114383e-01
33                                     2.4663781751751668e-01
34                                     1.9872675290646979e-01
35                                     1.9475421591989850e-01
36                                     2.0201406918190701e-01
37                                     1.9748506528489185e-01
38                                     2.4346570542412316e-01
39                                     2.4120437393338068e-01
40                                     2.4311318683097505e-01
   &VA [&Type "ArrayOfDoubles", &Dim (41,1)] "Mayer's total valence"
                                                         0

0                                      1.9078115984115542e+00
1                                      2.8426321662473937e+00
2                                      3.9032044460318081e+00
3                                      3.9131181986037435e+00
4                                      3.8928755512052522e+00
5                                      3.8891672819531977e+00
6                                      3.8982159450721716e+00
7                                      3.8941680240220062e+00
8                                      3.0918150988879214e+00
9                                      3.8083534870528108e+00
10                                     3.6931406771435409e+00
11                                     1.8649984765901140e+00
12                                     5.2440035964808889e+00
13                                     1.9074815131951923e+00
14                                     1.8907032537174957e+00
15                                     3.7336257697413853e+00
16                                     3.7971036807494656e+00
17                                     3.7091279688509919e+00
18                                     1.8611976880314796e+00
19                                     5.2343079025346215e+00
20                                     1.9160652753472043e+00
21                                     1.8872274855310600e+00
22                                     3.7433465389296425e+00
23                                     9.3796504399213332e-01
24                                     9.4623202554758723e-01
25                                     9.3941093397049824e-01
26                                     9.4887036280511161e-01
27                                     9.2865289472105261e-01
28                                     9.2688221358385481e-01
29                                     9.3041558491070031e-01
30                                     9.2481271713293922e-01
31                                     9.1311146511908792e-01
32                                     9.1149597842939900e-01
33                                     9.1211184010242619e-01
34                                     9.2883258327969365e-01
35                                     9.2201071950300251e-01
36                                     9.3168160184871940e-01
37                                     9.2271628987193710e-01
38                                     9.1311526229161255e-01
39                                     9.1393043016292574e-01
40                                     9.1234149168927758e-01
   &BVA [&Type "ArrayOfDoubles", &Dim (41,1)] "Mayer's bonded valence"
                                                         0

0                                      1.9078115984116035e+00
1                                      2.8426321662474141e+00
2                                      3.9032044460317712e+00
3                                      3.9131181986037173e+00
4                                      3.8928755512052549e+00
5                                      3.8891672819532070e+00
6                                      3.8982159450721312e+00
7                                      3.8941680240220236e+00
8                                      3.0918150988879933e+00
9                                      3.8083534870528419e+00
10                                     3.6931406771435080e+00
11                                     1.8649984765901220e+00
12                                     5.2440035964809439e+00
13                                     1.9074815131951688e+00
14                                     1.8907032537174757e+00
15                                     3.7336257697414386e+00
16                                     3.7971036807494727e+00
17                                     3.7091279688510337e+00
18                                     1.8611976880314707e+00
19                                     5.2343079025347024e+00
20                                     1.9160652753472078e+00
21                                     1.8872274855311399e+00
22                                     3.7433465389296510e+00
23                                     9.3796504399212710e-01
24                                     9.4623202554758934e-01
25                                     9.3941093397049424e-01
26                                     9.4887036280510895e-01
27                                     9.2865289472106183e-01
28                                     9.2688221358385992e-01
29                                     9.3041558491069132e-01
30                                     9.2481271713293167e-01
31                                     9.1311146511908969e-01
32                                     9.1149597842940022e-01
33                                     9.1211184010243673e-01
34                                     9.2883258327969132e-01
35                                     9.2201071950300095e-01
36                                     9.3168160184872961e-01
37                                     9.2271628987194032e-01
38                                     9.1311526229161144e-01
39                                     9.1393043016292941e-01
40                                     9.1234149168927514e-01
   &FA [&Type "ArrayOfDoubles", &Dim (41,1)] "Mayer's free valence"
                                                         0

0                                      0.0000000000000000e+00
1                                      0.0000000000000000e+00
2                                      0.0000000000000000e+00
3                                      0.0000000000000000e+00
4                                      0.0000000000000000e+00
5                                      0.0000000000000000e+00
6                                      0.0000000000000000e+00
7                                      0.0000000000000000e+00
8                                      0.0000000000000000e+00
9                                      0.0000000000000000e+00
10                                     0.0000000000000000e+00
11                                     0.0000000000000000e+00
12                                     0.0000000000000000e+00
13                                     0.0000000000000000e+00
14                                     0.0000000000000000e+00
15                                     0.0000000000000000e+00
16                                     0.0000000000000000e+00
17                                     0.0000000000000000e+00
18                                     0.0000000000000000e+00
19                                     0.0000000000000000e+00
20                                     0.0000000000000000e+00
21                                     0.0000000000000000e+00
22                                     0.0000000000000000e+00
23                                     0.0000000000000000e+00
24                                     0.0000000000000000e+00
25                                     0.0000000000000000e+00
26                                     0.0000000000000000e+00
27                                     0.0000000000000000e+00
28                                     0.0000000000000000e+00
29                                     0.0000000000000000e+00
30                                     0.0000000000000000e+00
31                                     0.0000000000000000e+00
32                                     0.0000000000000000e+00
33                                     0.0000000000000000e+00
34                                     0.0000000000000000e+00
35                                     0.0000000000000000e+00
36                                     0.0000000000000000e+00
37                                     0.0000000000000000e+00
38                                     0.0000000000000000e+00
39                                     0.0000000000000000e+00
40                                     0.0000000000000000e+00
   &Method [&Type "String"] "SCF"
   &Level [&Type "String"] "Relaxed density"
   &Mult [&Type "Integer"] 1
   &State [&Type "Integer"] -1
   &Irrep [&Type "Integer"] 0
$End
$SCF_Energy
   &GeometryIndex 1
   &Method [&Type "String"] "SCF"
   &totalEnergy [&Type "ArrayOfDoubles", &Dim (1,1)] "Total energy of each state"
                                                         0

0                                     -1.8998651413186574e+03
   &Mult [&Type "ArrayOfIntegers", &Dim (1,1)] "Multiplicity of each state"
                                                         0

0                                                        1
$End
$DFT_Energy
   &GeometryIndex 1
   &nAlphaEl [&Type "Integer"] 96
   &nBetaEl [&Type "Integer"] 96
   &nTotalEl [&Type "Integer"] 192
   &finalEn [&Type "Double"]      -1.8998651413186574e+03  "No Van der Waals correction"
   &eExchange [&Type "Double"]       0.0000000000000000e+00
   &eCorr [&Type "Double"]       0.0000000000000000e+00
   &eXC [&Type "Double"]      -1.4573731240162854e+02
   &eCNL [&Type "Double"]       0.0000000000000000e+00
$End
$Solvation_Details
   &GeometryIndex 1
   &Solvent [&Type "String"] "WATER"
   &Epsilon [&Type "Double"]       8.0150999999999996e+01
   &Refrac [&Type "Double"]       1.3328000000000000e+00
   &RSolv [&Type "Double"]       1.3000000000000000e+00
   &SurfaceType [&Type "String"] "GAUSSIAN VDW"
   &CPCMDielEnergy [&Type "Double"]      -4.7847029999999999e-02
   &NPoints [&Type "Integer"] 3556
   &SurfaceArea [&Type "Double"]       1.3561639047450001e+03
$End
$SCF_Timings
   &GeometryIndex 1
   &TOTAL [&Type "Double"]       7.3296586999999988e+01
   &PREP [&Type "Double"]       9.7589800000000004e-01
   &FOCK [&Type "Double"]       7.0182878000000002e+01
   &DENS [&Type "Double"]       9.9937000000004161e-02
   &ETOT [&Type "Double"]       5.9609999999992169e-02
   &POP [&Type "Double"]       3.7561999999994100e-02
   &TRAFO [&Type "Double"]       6.4477000000001894e-02
   &DIIS [&Type "Double"]       3.2842800000000238e-01
   &SOSCF [&Type "Double"]       3.2114399999999499e-01
   &XC [&Type "Double"]       4.3384329999999984e+00
   &FOCKSTART [&Type "Double"]       1.1493999999993676e-02
   &SOLV [&Type "Double"]       7.5948739999999964e+00
   &SOLV_INIT [&Type "Double"]       3.9790100000000006e-01
   &SOLV_FINAL [&Type "Double"]       9.9999999747524271e-07
   &INT_PREP [&Type "Double"]       5.9999999866278131e-06
   &INT_BF [&Type "Double"]       1.1580689999998857e+00
   &INT_DENS [&Type "Double"]       9.3682700000001784e-01
   &INT_DENSIO [&Type "Double"]       2.0500845382900044e+05
   &INT_FUNC [&Type "Double"]       4.1472600000014559e-01
   &INT_POT [&Type "Double"]       8.8497700000017776e-01
   &INT_POTIO [&Type "Double"]       3.8339999999861263e-02
   &INT_SUM [&Type "Double"]       6.7900000001053229e-04
   &SPLITRIJ [&Type "Double"]       4.3222170000000002e+00
   &COSX [&Type "Double"]       5.5875790000000002e+01
   &FROZCORE [&Type "Double"]       6.9330000000036307e-03
$End
$CIS_Absorption_Spectrum
   &GeometryIndex 1
   &Method [&Type "Integer"] 20
   &RelCorrection [&Type "Integer"] 1 "Type of relativistic treatment in QDPT. 0->Unknow, 1->None, 2->SOC, 3->SSC, 4->SOC/SSC"
   &DensType [&Type "Integer"] 3 "Type of density (electron/spin ...). 0->Unknow, 1->Electronic, 2->Spin, 3->Trans/Electronic, 4->Tran/Spin"
   &DeriType [&Type "Integer"] 0 "Type of derivative (w.r.t. to what perturbation). 0->Unknown, 1->No Derivative, 2->Electric/Dipole, 3->Electric/Quad, 4->Magnetic/Dipole, 5->Magnetic/Quad"
   &DensLevel [&Type "Integer"] 0 "// Source of density: relaxed, unrelaxed, ... 0->Unknown, 1->Linearized, 2->Unrelaxed, 3->Relaxed"
   &Density_name [&Type "String"] "Tdens-CIS"
   &Representation [&Type "String"] "Length" "Possible values: Unknown,  Length, Velocity"
   &PointGroup [&Type "String"] "C1"
   &DoHigherMoments [&Type "Boolean"] false
   &NTrans [&Type "Integer"] 8
   &ExcitationEnergies [&Type "ArrayOfDoubles", &Dim (8,11)] 
                                                         0                           1                           2                           3                           4                           5                           6                           7

0                                      1.8444420390952208e+00         1.4876429861853243e+04         6.7220429181348231e+02         8.8795747401545513e-04         1.9650293223783984e-02         1.1350570938800032e-01         0.0000000000000000e+00        -6.5190229794256233e-02
1                                      4.0501469535661521e+00         3.2666641622678228e+04         3.0612268366937604e+02         8.6925238186431042e-01         8.7602598518478487e+00         1.2680429181569690e+00         0.0000000000000000e+00         2.5614496528575192e+00
2                                      4.6058558839166954e+00         3.7148736885493126e+04         2.6918815654012394e+02         5.4806263192676069e-03         4.8569286948325310e-02        -1.3305308792428935e-01         0.0000000000000000e+00        -9.2978709533029641e-02
3                                      5.4503890586780255e+00         4.3960357025374666e+04         2.2747767936069829e+02         1.7520051696651759e-01         1.3120481091519853e+00        -7.0980596343772639e-01         0.0000000000000000e+00        -5.4413967139714958e-01
4                                      5.8475228939283763e+00         4.7163457757544442e+04         2.1202855930130275e+02         1.1136680411044806e-04         7.7736629500724545e-04         1.3679870466806103e-02         0.0000000000000000e+00        -1.4012289739393913e-02
5                                      6.2028576084084728e+00         5.0029425809345019e+04         1.9988236599213766e+02         1.2987367608643299e-02         8.5461635990917967e-02        -1.5773926967908419e-01         0.0000000000000000e+00        -2.0560285425620770e-01
6                                      6.2654310980272037e+00         5.0534115091953805e+04         1.9788612072861309e+02         4.4858900307420168e-03         2.9223992317590274e-02         1.1681832814440375e-01         0.0000000000000000e+00         9.4498106852499722e-02
7                                      6.6470255994150538e+00         5.3611882630992281e+04         1.8652581310806534e+02         2.6589825456974320e-03         1.6327888110867543e-02         2.1840851918562158e-02         0.0000000000000000e+00        -1.0573995002707767e-01
                                                         8                           9                          10

0                                      0.0000000000000000e+00         5.0169523612277500e-02         0.0000000000000000e+00
1                                      0.0000000000000000e+00         7.6896208322380921e-01         0.0000000000000000e+00
2                                      0.0000000000000000e+00         1.4906750925573667e-01         0.0000000000000000e+00
3                                      0.0000000000000000e+00         7.1563651488170199e-01         0.0000000000000000e+00
4                                      0.0000000000000000e+00        -1.9846490250871256e-02         0.0000000000000000e+00
5                                      0.0000000000000000e+00         1.3530493381147540e-01         0.0000000000000000e+00
6                                      0.0000000000000000e+00        -8.1532682578400573e-02         0.0000000000000000e+00
7                                      0.0000000000000000e+00        -6.8336873403822773e-02         0.0000000000000000e+00
   &States [&Type "ArrayOfIntegers", &Dim (8,4)] "The initial and Final states. Col1: Initial State  Col2: Initial Irrep Col3: Final State Col4: Final Irrep"
                                                         0                           1                           2                           3

0                                                        0                           0                           1                           0
1                                                        0                           0                           2                           0
2                                                        0                           0                           3                           0
3                                                        0                           0                           4                           0
4                                                        0                           0                           5                           0
5                                                        0                           0                           6                           0
6                                                        0                           0                           7                           0
7                                                        0                           0                           8                           0
   &Multiplicities [&Type "ArrayOfDoubles", &Dim (8,2)] "Col1: Multiplicity of the initial state  Col2: Multiplicity of the final state"
                                                         0                           1

0                                      1.0000000000000000e+00         1.0000000000000000e+00
1                                      1.0000000000000000e+00         1.0000000000000000e+00
2                                      1.0000000000000000e+00         1.0000000000000000e+00
3                                      1.0000000000000000e+00         1.0000000000000000e+00
4                                      1.0000000000000000e+00         1.0000000000000000e+00
5                                      1.0000000000000000e+00         1.0000000000000000e+00
6                                      1.0000000000000000e+00         1.0000000000000000e+00
7                                      1.0000000000000000e+00         1.0000000000000000e+00
   &Temperature [&Type "Double"]       2.9814999999999998e+02
$End
$CIS_Absorption_Spectrum
   &GeometryIndex 1
   &Method [&Type "Integer"] 20
   &RelCorrection [&Type "Integer"] 1 "Type of relativistic treatment in QDPT. 0->Unknow, 1->None, 2->SOC, 3->SSC, 4->SOC/SSC"
   &DensType [&Type "Integer"] 3 "Type of density (electron/spin ...). 0->Unknow, 1->Electronic, 2->Spin, 3->Trans/Electronic, 4->Tran/Spin"
   &DeriType [&Type "Integer"] 0 "Type of derivative (w.r.t. to what perturbation). 0->Unknown, 1->No Derivative, 2->Electric/Dipole, 3->Electric/Quad, 4->Magnetic/Dipole, 5->Magnetic/Quad"
   &DensLevel [&Type "Integer"] 0 "// Source of density: relaxed, unrelaxed, ... 0->Unknown, 1->Linearized, 2->Unrelaxed, 3->Relaxed"
   &Density_name [&Type "String"] "Tdens-CIS"
   &Representation [&Type "String"] "Velocity" "Possible values: Unknown,  Length, Velocity"
   &PointGroup [&Type "String"] "C1"
   &DoHigherMoments [&Type "Boolean"] false
   &NTrans [&Type "Integer"] 8
   &ExcitationEnergies [&Type "ArrayOfDoubles", &Dim (8,11)] 
                                                         0                           1                           2                           3                           4                           5                           6                           7

0                                      1.8444420390952208e+00         1.4876429861853243e+04         6.7220429181348231e+02         2.8624786863233735e-03         2.9103680328150235e-04         1.3362018505528026e-02         0.0000000000000000e+00        -8.6972084653035315e-03
1                                      4.0501469535661521e+00         3.2666641622678228e+04         3.0612268366937604e+02         1.2281281098249901e-01         2.7419219648696584e-02        -6.1994720956130782e-02         0.0000000000000000e+00        -1.5047061106127385e-01
2                                      4.6058558839166954e+00         3.7148736885493126e+04         2.6918815654012394e+02         1.6118935281322691e-04         4.0924872405395161e-05        -2.2050007837003005e-04         0.0000000000000000e+00         6.1621811478674050e-03
3                                      5.4503890586780255e+00         4.3960357025374666e+04         2.2747767936069829e+02         1.0451478008119221e-02         3.1401171641167102e-03         2.9971699944690164e-02         0.0000000000000000e+00         4.4686590503153288e-02
4                                      5.8475228939283763e+00         4.7163457757544442e+04         2.1202855930130275e+02         5.2628970972897352e-05         1.6964358709225489e-05        -1.3146656780593483e-03         0.0000000000000000e+00         3.8170423507839875e-03
5                                      6.2028576084084728e+00         5.0029425809345019e+04         1.9988236599213766e+02         1.3192597143119719e-03         4.5108953316133887e-04        -9.5845189163043087e-03         0.0000000000000000e+00         5.0398757586429992e-03
6                                      6.2654310980272037e+00         5.0534115091953805e+04         1.9788612072861309e+02         6.8684690908990575e-04         2.3722013250137216e-04         1.1635505883971891e-02         0.0000000000000000e+00         6.4042909315073710e-04
7                                      6.6470255994150538e+00         5.3611882630992281e+04         1.8652581310806534e+02         7.8483745683524554e-03         2.8757273694675614e-03         2.9714549501661899e-02         0.0000000000000000e+00         4.1512227438825537e-02
                                                         8                           9                          10

0                                      0.0000000000000000e+00         6.0705707845705508e-03         0.0000000000000000e+00
1                                      0.0000000000000000e+00        -3.0569092710038229e-02         0.0000000000000000e+00
2                                      0.0000000000000000e+00         1.7040468367100472e-03         0.0000000000000000e+00
3                                      0.0000000000000000e+00         1.5650015838511489e-02         0.0000000000000000e+00
4                                      0.0000000000000000e+00        -8.1621109798856210e-04         0.0000000000000000e+00
5                                      0.0000000000000000e+00         1.8270910832298055e-02         0.0000000000000000e+00
6                                      0.0000000000000000e+00        -1.0070997264525186e-02         0.0000000000000000e+00
7                                      0.0000000000000000e+00         1.6416695478934418e-02         0.0000000000000000e+00
   &States [&Type "ArrayOfIntegers", &Dim (8,4)] "The initial and Final states. Col1: Initial State  Col2: Initial Irrep Col3: Final State Col4: Final Irrep"
                                                         0                           1                           2                           3

0                                                        0                           0                           1                           0
1                                                        0                           0                           2                           0
2                                                        0                           0                           3                           0
3                                                        0                           0                           4                           0
4                                                        0                           0                           5                           0
5                                                        0                           0                           6                           0
6                                                        0                           0                           7                           0
7                                                        0                           0                           8                           0
   &Multiplicities [&Type "ArrayOfDoubles", &Dim (8,2)] "Col1: Multiplicity of the initial state  Col2: Multiplicity of the final state"
                                                         0                           1

0                                      1.0000000000000000e+00         1.0000000000000000e+00
1                                      1.0000000000000000e+00         1.0000000000000000e+00
2                                      1.0000000000000000e+00         1.0000000000000000e+00
3                                      1.0000000000000000e+00         1.0000000000000000e+00
4                                      1.0000000000000000e+00         1.0000000000000000e+00
5                                      1.0000000000000000e+00         1.0000000000000000e+00
6                                      1.0000000000000000e+00         1.0000000000000000e+00
7                                      1.0000000000000000e+00         1.0000000000000000e+00
   &Temperature [&Type "Double"]       2.9814999999999998e+02
$End
$CIS_ECD_Spectrum
   &GeometryIndex 1
   &Method [&Type "Integer"] 20
   &RelCorrection [&Type "Integer"] 1 "Type of relativistic treatment in QDPT. 0->Unknow, 1->None, 2->SOC, 3->SSC, 4->SOC/SSC"
   &DensType [&Type "Integer"] 3 "Type of density (electron/spin ...). 0->Unknow, 1->Electronic, 2->Spin, 3->Trans/Electronic, 4->Tran/Spin"
   &DeriType [&Type "Integer"] 0 "Type of derivative (w.r.t. to what perturbation). 0->Unknown, 1->No Derivative, 2->Electric/Dipole, 3->Electric/Quad, 4->Magnetic/Dipole, 5->Magnetic/Quad"
   &DensLevel [&Type "Integer"] 0 "// Source of density: relaxed, unrelaxed, ... 0->Unknown, 1->Linearized, 2->Unrelaxed, 3->Relaxed"
   &Density_name [&Type "String"] "Tdens-CIS"
   &Representation [&Type "String"] "Length" "Possible values: Unknown,  Length, Velocity"
   &PointGroup [&Type "String"] "C1"
   &DoHigherMoments [&Type "Boolean"] false
   &NTrans [&Type "Integer"] 8
   &ExcitationEnergies [&Type "ArrayOfDoubles", &Dim (8,10)] 
                                                         0                           1                           2                           3                           4                           5                           6                           7

0                                      1.8444420390952208e+00         1.4876429861853243e+04         6.7220429181348231e+02        -1.4015251784369869e+00         3.1235702171079993e-01         0.0000000000000000e+00         3.5961387124830380e-01         0.0000000000000000e+00
1                                      4.0501469535661521e+00         3.2666641622678228e+04         3.0612268366937604e+02        -4.9611495288479432e+01         1.5044461155422634e-01         0.0000000000000000e+00        -7.3315041991452324e-03         0.0000000000000000e+00
2                                      4.6058558839166954e+00         3.7148736885493126e+04         2.6918815654012394e+02         3.9231724525429595e-01        -2.8453167229684401e-01         0.0000000000000000e+00         1.8926095176179158e-01         0.0000000000000000e+00
3                                      5.4503890586780255e+00         4.3960357025374666e+04         2.2747767936069829e+02        -3.4142667580918179e+01         2.2240305581879216e-01         0.0000000000000000e+00        -1.5744721133479517e-01         0.0000000000000000e+00
4                                      5.8475228939283763e+00         4.7163457757544442e+04         2.1202855930130275e+02        -3.5224747902873355e-01        -5.2965825702326552e-02         0.0000000000000000e+00        -6.0893757462032523e-02         0.0000000000000000e+00
5                                      6.2028576084084728e+00         5.0029425809345019e+04         1.9988236599213766e+02        -9.1923148205007674e+00         6.9277218575245242e-02         0.0000000000000000e+00        -7.2759031725993392e-02         0.0000000000000000e+00
6                                      6.2654310980272037e+00         5.0534115091953805e+04         1.9788612072861309e+02         1.6324785606371030e+01        -1.9831161084668883e-01         0.0000000000000000e+00        -6.8196834638915215e-03         0.0000000000000000e+00
7                                      6.6470255994150538e+00         5.3611882630992281e+04         1.8652581310806534e+02         4.2625755441266691e+00        -5.7808546143540841e-02         0.0000000000000000e+00         9.4476994142501769e-02         0.0000000000000000e+00
                                                         8                           9

0                                     -1.8015321859595901e-01         0.0000000000000000e+00
1                                     -8.6817489835977424e-02         0.0000000000000000e+00
2                                     -1.4149782112322784e-01         0.0000000000000000e+00
3                                      2.0207213364212784e-01         0.0000000000000000e+00
4                                     -3.1162253904664178e-02         0.0000000000000000e+00
5                                      1.1430633963623767e-01         0.0000000000000000e+00
6                                      1.3265645868776724e-01         0.0000000000000000e+00
7                                     -3.2356998965421623e-02         0.0000000000000000e+00
   &States [&Type "ArrayOfIntegers", &Dim (8,4)] "The initial and Final states. Col1: Initial State  Col2: Initial Irrep Col3: Final State Col4: Final Irrep"
                                                         0                           1                           2                           3

0                                                        0                           0                           1                           0
1                                                        0                           0                           2                           0
2                                                        0                           0                           3                           0
3                                                        0                           0                           4                           0
4                                                        0                           0                           5                           0
5                                                        0                           0                           6                           0
6                                                        0                           0                           7                           0
7                                                        0                           0                           8                           0
   &Multiplicities [&Type "ArrayOfDoubles", &Dim (8,2)] "Col1: Multiplicity of the initial state  Col2: Multiplicity of the final state"
                                                         0                           1

0                                      1.0000000000000000e+00         1.0000000000000000e+00
1                                      1.0000000000000000e+00         1.0000000000000000e+00
2                                      1.0000000000000000e+00         1.0000000000000000e+00
3                                      1.0000000000000000e+00         1.0000000000000000e+00
4                                      1.0000000000000000e+00         1.0000000000000000e+00
5                                      1.0000000000000000e+00         1.0000000000000000e+00
6                                      1.0000000000000000e+00         1.0000000000000000e+00
7                                      1.0000000000000000e+00         1.0000000000000000e+00
   &Temperature [&Type "Double"]       2.9814999999999998e+02
$End
$CIS_ECD_Spectrum
   &GeometryIndex 1
   &Method [&Type "Integer"] 20
   &RelCorrection [&Type "Integer"] 1 "Type of relativistic treatment in QDPT. 0->Unknow, 1->None, 2->SOC, 3->SSC, 4->SOC/SSC"
   &DensType [&Type "Integer"] 3 "Type of density (electron/spin ...). 0->Unknow, 1->Electronic, 2->Spin, 3->Trans/Electronic, 4->Tran/Spin"
   &DeriType [&Type "Integer"] 0 "Type of derivative (w.r.t. to what perturbation). 0->Unknown, 1->No Derivative, 2->Electric/Dipole, 3->Electric/Quad, 4->Magnetic/Dipole, 5->Magnetic/Quad"
   &DensLevel [&Type "Integer"] 0 "// Source of density: relaxed, unrelaxed, ... 0->Unknown, 1->Linearized, 2->Unrelaxed, 3->Relaxed"
   &Density_name [&Type "String"] "Tdens-CIS"
   &Representation [&Type "String"] "Velocity" "Possible values: Unknown,  Length, Velocity"
   &PointGroup [&Type "String"] "C1"
   &DoHigherMoments [&Type "Boolean"] false
   &NTrans [&Type "Integer"] 8
   &ExcitationEnergies [&Type "ArrayOfDoubles", &Dim (8,10)] 
                                                         0                           1                           2                           3                           4                           5                           6                           7

0                                      1.8444420390952208e+00         1.4876429861853243e+04         6.7220429181348231e+02        -3.3072462903990962e-01         3.1235702171079993e-01         0.0000000000000000e+00         3.5961387124830380e-01         0.0000000000000000e+00
1                                      4.0501469535661521e+00         3.2666641622678228e+04         3.0612268366937604e+02        -1.7641886489139843e+01         1.5044461155422634e-01         0.0000000000000000e+00        -7.3315041991452324e-03         0.0000000000000000e+00
2                                      4.6058558839166954e+00         3.7148736885493126e+04         2.6918815654012394e+02         2.7515723247002661e+00        -2.8453167229684401e-01         0.0000000000000000e+00         1.8926095176179158e-01         0.0000000000000000e+00
3                                      5.4503890586780255e+00         4.3960357025374666e+04         2.2747767936069829e+02         6.5727153562608285e+00         2.2240305581879216e-01         0.0000000000000000e+00        -1.5744721133479517e-01         0.0000000000000000e+00
4                                      5.8475228939283763e+00         4.7163457757544442e+04         2.1202855930130275e+02        -3.0136749987726430e-01        -5.2965825702326552e-02         0.0000000000000000e+00        -6.0893757462032523e-02         0.0000000000000000e+00
5                                      6.2028576084084728e+00         5.0029425809345019e+04         1.9988236599213766e+02         2.1877454024504996e+00         6.9277218575245242e-02         0.0000000000000000e+00        -7.2759031725993392e-02         0.0000000000000000e+00
6                                      6.2654310980272037e+00         5.0534115091953805e+04         1.9788612072861309e+02        -7.4690888095585226e+00        -1.9831161084668883e-01         0.0000000000000000e+00        -6.8196834638915215e-03         0.0000000000000000e+00
7                                      6.6470255994150538e+00         5.3611882630992281e+04         1.8652581310806534e+02         3.2289071157226119e+00        -5.7808546143540841e-02         0.0000000000000000e+00         9.4476994142501769e-02         0.0000000000000000e+00
                                                         8                           9

0                                     -1.8015321859595901e-01         0.0000000000000000e+00
1                                     -8.6817489835977424e-02         0.0000000000000000e+00
2                                     -1.4149782112322784e-01         0.0000000000000000e+00
3                                      2.0207213364212784e-01         0.0000000000000000e+00
4                                     -3.1162253904664178e-02         0.0000000000000000e+00
5                                      1.1430633963623767e-01         0.0000000000000000e+00
6                                      1.3265645868776724e-01         0.0000000000000000e+00
7                                     -3.2356998965421623e-02         0.0000000000000000e+00
   &States [&Type "ArrayOfIntegers", &Dim (8,4)] "The initial and Final states. Col1: Initial State  Col2: Initial Irrep Col3: Final State Col4: Final Irrep"
                                                         0                           1                           2                           3

0                                                        0                           0                           1                           0
1                                                        0                           0                           2                           0
2                                                        0                           0                           3                           0
3                                                        0                           0                           4                           0
4                                                        0                           0                           5                           0
5                                                        0                           0                           6                           0
6                                                        0                           0                           7                           0
7                                                        0                           0                           8                           0
   &Multiplicities [&Type "ArrayOfDoubles", &Dim (8,2)] "Col1: Multiplicity of the initial state  Col2: Multiplicity of the final state"
                                                         0                           1

0                                      1.0000000000000000e+00         1.0000000000000000e+00
1                                      1.0000000000000000e+00         1.0000000000000000e+00
2                                      1.0000000000000000e+00         1.0000000000000000e+00
3                                      1.0000000000000000e+00         1.0000000000000000e+00
4                                      1.0000000000000000e+00         1.0000000000000000e+00
5                                      1.0000000000000000e+00         1.0000000000000000e+00
6                                      1.0000000000000000e+00         1.0000000000000000e+00
7                                      1.0000000000000000e+00         1.0000000000000000e+00
   &Temperature [&Type "Double"]       2.9814999999999998e+02
$End
$CIS_Energies
   &GeometryIndex 1
   &e0 [&Type "Double"]      -1.8998651413186574e+03  "Ground state energy"
   &multP1 [&Type "Boolean"] false "Do the higher multiplicity too?"
   &mode [&Type "String"] "TDA" "CIS mode: CIS, RPA, TDA, TD-DFT, sTDA, sTD-DFT"
   &dCorr [&Type "Integer"] 0 "(D) Correction algorithm"
   &Method [&Type "String"] "TDA/CIS"
   &totalEnergy [&Type "ArrayOfDoubles", &Dim (8,1)] "Total energy of each state"
                                                         0

0                                     -1.8997973593168392e+03
1                                     -1.8997163011478351e+03
2                                     -1.8996958792191820e+03
3                                     -1.8996648431942085e+03
4                                     -1.8996502487934238e+03
5                                     -1.8996371904821553e+03
6                                     -1.8996348909485851e+03
7                                     -1.8996208676078465e+03
   &Mult [&Type "ArrayOfIntegers", &Dim (8,1)] "Multiplicity of each state"
                                                         0

0                                                        1
1                                                        1
2                                                        1
3                                                        1
4                                                        1
5                                                        1
6                                                        1
7                                                        1
   &RelCorr [&Type "String"] "None" "Relativistic correction (SOC and/or SSC)"
   &NBlocks [&Type "Integer"] 1 "Number of multiplicity blocks"
   &NRoots [&Type "ArrayOfIntegers", &Dim (1,1)] "Number of roots in each block"
                                                         0

0                                                        8
   &NTotalRoots [&Type "Integer"] 8 "Total number of roots"
   &Block [&Type "ArrayOfIntegers", &Dim (8,1)] "Block index of each state"
                                                         0

0                                                        0
1                                                        0
2                                                        0
3                                                        0
4                                                        0
5                                                        0
6                                                        0
7                                                        0
   &Root [&Type "ArrayOfIntegers", &Dim (8,1)] "Root index within the block"
                                                         0

0                                                        0
1                                                        1
2                                                        2
3                                                        3
4                                                        4
5                                                        5
6                                                        6
7                                                        7
$End
$Single_Point_Data
   &GeometryIndex 1
   &FinalEnergy [&Type "Double"]      -1.8997973593168392e+03  "Final single point energy"
   &Converged [&Type "Boolean"] true
$End
$Calculation_Info
   &GeometryIndex 1
   &Mult [&Type "Integer"] 1
   &Charge [&Type "Integer"] 0
   &NumOfAtoms [&Type "Integer"] 41
   &NumOfElectrons [&Type "Integer"] 192
   &NumOfBasisFuncts [&Type "Integer"] 366
   &NumOfAuxCBasisFuncts [&Type "Integer"] 0
   &NumOfAuxJBasisFuncts [&Type "Integer"] 1329
   &NumOfAuxJKBasisFuncts [&Type "Integer"] 0
   &NumOfCABSBasisFuncts [&Type "Integer"] 0
$End
$SCF_Dipole_Moment
   &GeometryIndex 1
   &dipoleMagnitude [&Type "Double", &Units "a.u."]       5.6012624200208769e+00
   &dipoleElecContrib [&Type "ArrayOfDoubles", &Dim (3,1)] "Electronic contribution"
                                                         0

0                                     -5.0673350814107199e+00
1                                     -6.0859111174308156e+00
2                                     -6.7611013364210493e+00
   &dipoleNucContrib [&Type "ArrayOfDoubles", &Dim (3,1)] "Nuclear contribution"
                                                         0

0                                      7.7722988631060463e+00
1                                      9.6574802736753611e+00
2                                      1.0122827886843805e+01
   &dipoleTotal [&Type "ArrayOfDoubles", &Dim (3,1)] "Total"
                                                         0

0                                      2.7049637816953265e+00
1                                      3.5715691562445455e+00
2                                      3.3617265504227554e+00
   &doAtomicDipole [&Type "Boolean"] false
   &Method [&Type "String"] "SCF"
   &Level [&Type "String"] "Relaxed density"
   &Mult [&Type "Integer"] 1
   &State [&Type "Integer"] -1
   &Irrep [&Type "Integer"] 0
$End
$Calculation_Timings
   &GeometryIndex 1
   &GTOINT [&Type "Double"]       4.0990570000000002e+00
   &SCF [&Type "Double"]       7.7655569999999997e+01
   &CIS [&Type "Double"]       6.9215479000000016e+01
   &PROPINT [&Type "Double"]       1.7342459999999988e+00
   &PROP [&Type "Double"]       1.5549149999999941e+00
   &SUM [&Type "Double"]       1.5425926700000002e+02
$End
