*************************************************
******************* ORCA 6.1.1 ******************
*************************************************
$Calculation_Status
   &GeometryIndex 1
   &version [&Type "String"] "6.1.1"
   &progName [&Type "String"] "ProgCIS"
   &Status [&Type "String"] "NORMAL TERMINATION"
$End
$Geometry
   &GeometryIndex 1
   &NAtoms [&Type "Integer"] 30
   &NCorelessECP [&Type "Integer"] 0
   &NGhostAtoms [&Type "Integer"] 0
   &CartesianCoordinates [&Type "Coordinates", &Dim(30,4), &Units "Bohr"] 
              O     10.473544425326   -1.373704287710   -1.649989807394
              N      8.460865150227   -0.186294871460   -1.337831616510
              C      6.113018378838   -1.487027384509   -1.060518085809
              C      3.862377230051   -0.460320278688   -0.726588360136
              C      3.217311655333    2.078443634285   -0.560572139819
              C      0.664176375111    2.738751740000   -0.191251623110
              N      0.033079655974    5.376155577712    0.059174884158
              O     -1.757753329907    6.153915831828    1.716819972120
              O      1.307323877804    7.137901898939   -1.296652594325
              C     -1.225581884155    0.802814243200   -0.078761895536
              C     -0.493411273019   -1.791857217445   -0.194794859611
              C      2.068866502239   -2.357157452051   -0.546336832852
              N      3.007682445571   -4.619375063134   -0.754053639766
              C      5.641389978964   -4.185114107833   -1.090583628600
              O      7.260624493528   -5.905356373981   -1.367938733275
              C     -2.406587018536   -3.919528217519   -0.167431625192
              C     -4.993788391774   -3.090707563264    0.813145375974
              C     -5.800062723525   -0.640413068977   -0.470662749819
              C     -3.989946972174    1.500726009254    0.237929748344
              H      4.670134996817    3.515045566637   -0.673679807838
              H     -0.835984606029    6.439665099991    3.322255706454
              H      2.714466869453    7.682165702222   -0.185780865952
              H     -1.711356773867   -5.491631072577    1.040269670284
              H     -2.616048042672   -4.651362457403   -2.125686787633
              H     -4.914142104408   -2.815349899112    2.896026087222
              H     -6.404729732953   -4.592818741774    0.408252654520
              H     -7.744893271512   -0.136623420030    0.141925991562
              H     -5.821297576092   -0.898149036930   -2.557336141417
              H     -4.455367621697    3.152144449604   -0.973071008962
              H     -4.323910712917    2.025066429907    2.244359699117
$End
$SCF_Mulliken_Population_Analysis
   &GeometryIndex 1
   &NAtoms [&Type "Integer"] 30
   &ATNO [&Type "ArrayOfIntegers", &Dim (30,1)] 
                                                         0

0                                                        8
1                                                        7
2                                                        6
3                                                        6
4                                                        6
5                                                        6
6                                                        7
7                                                        8
8                                                        8
9                                                        6
10                                                       6
11                                                       6
12                                                       7
13                                                       6
14                                                       8
15                                                       6
16                                                       6
17                                                       6
18                                                       6
19                                                       1
20                                                       1
21                                                       1
22                                                       1
23                                                       1
24                                                       1
25                                                       1
26                                                       1
27                                                       1
28                                                       1
29                                                       1
   &AtomicCharges [&Type "ArrayOfDoubles", &Dim (30,1)] 
                                                         0

0                                     -1.8305078579169631e-02
1                                     -5.2043903681149661e-01
2                                     -9.5599554819997934e-01
3                                      2.4278094252194933e+00
4                                      6.5191953552643156e-01
5                                     -4.5713037162405357e-01
6                                     -7.6794262136904301e-01
7                                     -1.4681587333395640e-01
8                                     -1.5066772606338574e-01
9                                      8.1335537632038779e-01
10                                    -8.1693112815695912e-01
11                                    -2.0147841621165128e+00
12                                    -3.7243052837290591e-01
13                                     8.9691974188006451e-01
14                                    -4.8635429635070437e-01
15                                    -1.7081025664841754e-01
16                                    -5.8239355189548903e-01
17                                    -6.4575732115868067e-01
18                                     1.3326525008265211e-01
19                                     2.4608287112216343e-01
20                                     5.4190305737222488e-01
21                                     5.4183833275955429e-01
22                                     2.3822919848277646e-01
23                                     2.4968075635477960e-01
24                                     2.1756332208771623e-01
25                                     2.0953952822714517e-01
26                                     2.1228840691746453e-01
27                                     2.1844108533137896e-01
28                                     2.4646086780594456e-01
29                                     2.6146074519169704e-01
   &Method [&Type "String"] "SCF"
   &Level [&Type "String"] "Relaxed density"
   &Mult [&Type "Integer"] 1
   &State [&Type "Integer"] -1
   &Irrep [&Type "Integer"] 0
$End
$SCF_Loewdin_Population_Analysis
   &GeometryIndex 1
   &NAtoms [&Type "Integer"] 30
   &ATNO [&Type "ArrayOfIntegers", &Dim (30,1)] 
                                                         0

0                                                        8
1                                                        7
2                                                        6
3                                                        6
4                                                        6
5                                                        6
6                                                        7
7                                                        8
8                                                        8
9                                                        6
10                                                       6
11                                                       6
12                                                       7
13                                                       6
14                                                       8
15                                                       6
16                                                       6
17                                                       6
18                                                       6
19                                                       1
20                                                       1
21                                                       1
22                                                       1
23                                                       1
24                                                       1
25                                                       1
26                                                       1
27                                                       1
28                                                       1
29                                                       1
   &AtomicCharges [&Type "ArrayOfDoubles", &Dim (30,1)] 
                                                         0

0                                     -3.0422399088387486e-01
1                                      1.3382924611706315e-02
2                                     -8.9610913464250430e-02
3                                     -1.3944566079596044e-02
4                                     -1.6242988874493225e-01
5                                      8.2243865497701130e-02
6                                      2.1295017285938300e-03
7                                     -3.6224183382924302e-01
8                                     -3.5000338059616887e-01
9                                     -3.1745276747535023e-02
10                                    -6.8895788200889818e-02
11                                     4.0943913479353888e-02
12                                    -2.0128106355246711e-01
13                                     2.0805781318752636e-01
14                                    -3.1968335068989084e-01
15                                    -3.1949959031362507e-01
16                                    -3.5635399395072387e-01
17                                    -3.5508817201622644e-01
18                                    -3.1639470174533812e-01
19                                     2.5798247770088401e-01
20                                     4.4389646563588592e-01
21                                     4.4305454355227836e-01
22                                     2.2662724709676874e-01
23                                     2.3211658475795038e-01
24                                     2.1282185762861783e-01
25                                     2.0011887735611755e-01
26                                     2.0123497203032181e-01
27                                     2.1395515810889554e-01
28                                     2.3162216446586958e-01
29                                     2.4120814397751267e-01
   &Method [&Type "String"] "SCF"
   &Level [&Type "String"] "Relaxed density"
   &Mult [&Type "Integer"] 1
   &State [&Type "Integer"] -1
   &Irrep [&Type "Integer"] 0
$End
$SCF_Mayer_Population_Analysis
   &GeometryIndex 1
   &NAtoms [&Type "Integer"] 30 "Total number of atoms"
   &NBondOrdersPrint [&Type "Integer"] 86 "The number of bond orders larger than threshold"
   &bondThresh [&Type "Double"]       1.0000000000000001e-01  "The threshold for printing"
   &components [&Type "ArrayOfIntegers", &Dim (86,4)] "The indices and atomic numbers of the bonding atoms"
                                                         0                           1                           2                           3

0                                                        0                           8                           1                           7
1                                                        0                           8                           2                           6
2                                                        0                           8                           3                           6
3                                                        0                           8                           4                           6
4                                                        0                           8                          11                           6
5                                                        0                           8                          13                           6
6                                                        1                           7                           2                           6
7                                                        1                           7                           3                           6
8                                                        1                           7                           4                           6
9                                                        1                           7                          11                           6
10                                                       1                           7                          13                           6
11                                                       2                           6                           3                           6
12                                                       2                           6                           4                           6
13                                                       2                           6                           5                           6
14                                                       2                           6                           9                           6
15                                                       2                           6                          11                           6
16                                                       2                           6                          12                           7
17                                                       2                           6                          13                           6
18                                                       3                           6                           4                           6
19                                                       3                           6                           5                           6
20                                                       3                           6                           8                           8
21                                                       3                           6                           9                           6
22                                                       3                           6                          11                           6
23                                                       3                           6                          12                           7
24                                                       3                           6                          13                           6
25                                                       3                           6                          14                           8
26                                                       4                           6                           5                           6
27                                                       4                           6                           8                           8
28                                                       4                           6                          10                           6
29                                                       4                           6                          11                           6
30                                                       4                           6                          12                           7
31                                                       4                           6                          13                           6
32                                                       4                           6                          19                           1
33                                                       5                           6                           6                           7
34                                                       5                           6                           7                           8
35                                                       5                           6                           8                           8
36                                                       5                           6                           9                           6
37                                                       5                           6                          10                           6
38                                                       5                           6                          11                           6
39                                                       5                           6                          15                           6
40                                                       5                           6                          17                           6
41                                                       5                           6                          18                           6
42                                                       5                           6                          19                           1
43                                                       5                           6                          20                           1
44                                                       5                           6                          28                           1
45                                                       6                           7                           7                           8
46                                                       6                           7                           8                           8
47                                                       6                           7                           9                           6
48                                                       6                           7                          10                           6
49                                                       6                           7                          18                           6
50                                                       7                           8                           9                           6
51                                                       7                           8                          20                           1
52                                                       8                           8                           9                           6
53                                                       8                           8                          21                           1
54                                                       9                           6                          10                           6
55                                                       9                           6                          11                           6
56                                                       9                           6                          15                           6
57                                                       9                           6                          16                           6
58                                                       9                           6                          18                           6
59                                                       9                           6                          22                           1
60                                                       9                           6                          28                           1
61                                                      10                           6                          11                           6
62                                                      10                           6                          15                           6
63                                                      10                           6                          27                           1
64                                                      10                           6                          28                           1
65                                                      11                           6                          12                           7
66                                                      11                           6                          13                           6
67                                                      11                           6                          14                           8
68                                                      11                           6                          15                           6
69                                                      11                           6                          18                           6
70                                                      11                           6                          22                           1
71                                                      12                           7                          13                           6
72                                                      13                           6                          14                           8
73                                                      15                           6                          16                           6
74                                                      15                           6                          17                           6
75                                                      15                           6                          22                           1
76                                                      15                           6                          23                           1
77                                                      16                           6                          17                           6
78                                                      16                           6                          18                           6
79                                                      16                           6                          24                           1
80                                                      16                           6                          25                           1
81                                                      17                           6                          18                           6
82                                                      17                           6                          26                           1
83                                                      17                           6                          27                           1
84                                                      18                           6                          28                           1
85                                                      18                           6                          29                           1
   &BondOrders [&Type "ArrayOfDoubles", &Dim (86,1)] "The bond orders"
                                                         0

0                                      1.8754974515088461e+00
1                                      3.3859461326919760e-01
2                                     -2.0846685894030548e-01
3                                     -1.2429497481154747e-01
4                                      3.1967169295954356e-01
5                                     -3.2442652263771360e-01
6                                      2.2913176557349404e+00
7                                     -8.8078967637780103e-01
8                                     -6.3523804458866906e-01
9                                      5.8736786058824919e-01
10                                    -4.4094689576094676e-01
11                                    -6.2029325724056239e-01
12                                    -7.2156831080484163e-01
13                                    -6.5330946100509002e-01
14                                     5.2776003470055910e-01
15                                     2.1463991473996664e+00
16                                    -1.0896098431339896e+00
17                                     5.8146332772044029e-01
18                                     1.5017746375974883e+00
19                                    -1.0717513376505661e+00
20                                     3.7788967295076809e-01
21                                    -1.2439559262421612e-01
22                                    -2.6122687093955994e+00
23                                     1.9591440912685374e+00
24                                    -4.0176996271226328e-01
25                                    -1.2424445220197461e-01
26                                     9.5437146631677650e-01
27                                     4.6065870413405280e-01
28                                    -1.7252097568607375e-01
29                                    -3.5184405394550988e+00
30                                     3.1141815006747886e-01
31                                     5.6927980759680086e-01
32                                     1.0939001053185691e+00
33                                     9.9807845919381544e-01
34                                     7.9511089553872649e-01
35                                    -3.2505392411521156e-01
36                                    -2.7526885044158229e+00
37                                     1.2579520092413183e+00
38                                     2.8506829243255192e+00
39                                     2.1339532893787277e-01
40                                    -1.0427791230515304e-01
41                                    -1.1784597290118328e+00
42                                    -2.2054126032124902e-01
43                                     1.1318388414349688e-01
44                                    -2.2598521897328125e-01
45                                     1.4373271455936023e+00
46                                     1.4345181566151128e+00
47                                    -1.3489543496861850e-01
48                                     2.8233062478419046e-01
49                                    -2.1119978676905846e-01
50                                    -6.7141110949836780e-01
51                                     6.2704645894261524e-01
52                                    -4.4285825131151763e-01
53                                     6.2522888954922051e-01
54                                     2.6846358458905177e+00
55                                    -1.7514091657963890e-01
56                                     1.1140238761517124e-01
57                                     1.1873196105445750e-01
58                                     1.6408314560161128e+00
59                                     1.3948028417671432e-01
60                                     1.0472869936584164e-01
61                                     2.2197185842730105e-01
62                                     9.9495212902797703e-01
63                                     1.2342095653895122e-01
64                                     1.5686505430324824e-01
65                                    -4.4424702580797026e-01
66                                    -4.6338347705463112e-01
67                                    -1.6799864374891657e-01
68                                    -6.0535465263249388e-01
69                                    -2.1347284141612788e-01
70                                    -1.8052237381731234e-01
71                                     1.4471034308301878e+00
72                                     1.8050538750401990e+00
73                                     7.6533447831505308e-01
74                                    -1.2022442604492495e-01
75                                     9.4006238498849681e-01
76                                     9.3418949624863235e-01
77                                     7.5888002477517813e-01
78                                    -1.5895209015256298e-01
79                                     1.0309491071928556e+00
80                                     9.6809744925253916e-01
81                                     7.1056713000041061e-01
82                                     9.9059101659856186e-01
83                                     1.0329426370913288e+00
84                                     9.0495986135173367e-01
85                                     9.4806896461232359e-01
   &ATNO [&Type "ArrayOfIntegers", &Dim (30,1)] "Atomic number of the elements"
                                                         0

0                                                        8
1                                                        7
2                                                        6
3                                                        6
4                                                        6
5                                                        6
6                                                        7
7                                                        8
8                                                        8
9                                                        6
10                                                       6
11                                                       6
12                                                       7
13                                                       6
14                                                       8
15                                                       6
16                                                       6
17                                                       6
18                                                       6
19                                                       1
20                                                       1
21                                                       1
22                                                       1
23                                                       1
24                                                       1
25                                                       1
26                                                       1
27                                                       1
28                                                       1
29                                                       1
   &NA [&Type "ArrayOfDoubles", &Dim (30,1)] "Mulliken gross atomic population"
                                                         0

0                                      8.0183050785791679e+00
1                                      7.5204390368115002e+00
2                                      6.9559955482000246e+00
3                                      3.5721905747804499e+00
4                                      5.3480804644735720e+00
5                                      6.4571303716239878e+00
6                                      7.7679426213690403e+00
7                                      8.1468158733339564e+00
8                                      8.1506677260633893e+00
9                                      5.1866446236796282e+00
10                                     6.8169311281569582e+00
11                                     8.0147841621165057e+00
12                                     7.3724305283729024e+00
13                                     5.1030802581199373e+00
14                                     8.4863542963507044e+00
15                                     6.1708102566484131e+00
16                                     6.5823935518954899e+00
17                                     6.6457573211586807e+00
18                                     5.8667347499173452e+00
19                                     7.5391712887783602e-01
20                                     4.5809694262777517e-01
21                                     4.5816166724044566e-01
22                                     7.6177080151722376e-01
23                                     7.5031924364522040e-01
24                                     7.8243667791228388e-01
25                                     7.9046047177285506e-01
26                                     7.8771159308253536e-01
27                                     7.8155891466862093e-01
28                                     7.5353913219405522e-01
29                                     7.3853925480830296e-01
   &ZA [&Type "ArrayOfDoubles", &Dim (30,1)] "Total nuclear charge"
                                                         0

0                                      8.0000000000000000e+00
1                                      7.0000000000000000e+00
2                                      6.0000000000000000e+00
3                                      6.0000000000000000e+00
4                                      6.0000000000000000e+00
5                                      6.0000000000000000e+00
6                                      7.0000000000000000e+00
7                                      8.0000000000000000e+00
8                                      8.0000000000000000e+00
9                                      6.0000000000000000e+00
10                                     6.0000000000000000e+00
11                                     6.0000000000000000e+00
12                                     7.0000000000000000e+00
13                                     6.0000000000000000e+00
14                                     8.0000000000000000e+00
15                                     6.0000000000000000e+00
16                                     6.0000000000000000e+00
17                                     6.0000000000000000e+00
18                                     6.0000000000000000e+00
19                                     1.0000000000000000e+00
20                                     1.0000000000000000e+00
21                                     1.0000000000000000e+00
22                                     1.0000000000000000e+00
23                                     1.0000000000000000e+00
24                                     1.0000000000000000e+00
25                                     1.0000000000000000e+00
26                                     1.0000000000000000e+00
27                                     1.0000000000000000e+00
28                                     1.0000000000000000e+00
29                                     1.0000000000000000e+00
   &QA [&Type "ArrayOfDoubles", &Dim (30,1)] "Mulliken gross atomic charge"
                                                         0

0                                     -1.8305078579167855e-02
1                                     -5.2043903681150017e-01
2                                     -9.5599554820002464e-01
3                                      2.4278094252195501e+00
4                                      6.5191953552642801e-01
5                                     -4.5713037162398784e-01
6                                     -7.6794262136904035e-01
7                                     -1.4681587333395640e-01
8                                     -1.5066772606338930e-01
9                                      8.1335537632037180e-01
10                                    -8.1693112815695823e-01
11                                    -2.0147841621165057e+00
12                                    -3.7243052837290236e-01
13                                     8.9691974188006274e-01
14                                    -4.8635429635070437e-01
15                                    -1.7081025664841309e-01
16                                    -5.8239355189548991e-01
17                                    -6.4575732115868067e-01
18                                     1.3326525008265477e-01
19                                     2.4608287112216398e-01
20                                     5.4190305737222477e-01
21                                     5.4183833275955440e-01
22                                     2.3822919848277624e-01
23                                     2.4968075635477960e-01
24                                     2.1756332208771612e-01
25                                     2.0953952822714494e-01
26                                     2.1228840691746464e-01
27                                     2.1844108533137907e-01
28                                     2.4646086780594478e-01
29                                     2.6146074519169704e-01
   &VA [&Type "ArrayOfDoubles", &Dim (30,1)] "Mayer's total valence"
                                                         0

0                                      1.9981441535424689e+00
1                                      2.8700070612324895e+00
2                                      2.8815895953226849e+00
3                                     -2.2579127345285412e+00
4                                     -7.1323264492940508e-01
5                                      8.0809445968147653e-01
6                                      3.8188725071978729e+00
7                                      1.9827711414851255e+00
8                                      2.0850968943901589e+00
9                                      1.0445703137052385e+00
10                                     5.5568811501465154e+00
11                                    -2.2869028854251408e+00
12                                     2.2621471744375810e+00
13                                     2.8396355793898693e+00
14                                     1.7266498801499837e+00
15                                     3.0852168831335507e+00
16                                     3.3557608337718916e+00
17                                     3.2790412320954361e+00
18                                     2.5008959280330876e+00
19                                     9.0212325215353406e-01
20                                     6.6128969468475940e-01
21                                     6.6405145434327206e-01
22                                     8.9419490153094705e-01
23                                     8.8758899734818120e-01
24                                     9.0228084734768110e-01
25                                     9.0375688107868823e-01
26                                     9.0262074666987935e-01
27                                     9.0105149251625172e-01
28                                     8.8872463584751138e-01
29                                     8.8089427026450240e-01
   &BVA [&Type "ArrayOfDoubles", &Dim (30,1)] "Mayer's bonded valence"
                                                         0

0                                      1.9981441535424942e+00
1                                      2.8700070612323811e+00
2                                      2.8815895953224242e+00
3                                     -2.2579127345263221e+00
4                                     -7.1323264492785476e-01
5                                      8.0809445967859261e-01
6                                      3.8188725071979714e+00
7                                      1.9827711414851485e+00
8                                      2.0850968943902153e+00
9                                      1.0445703137062310e+00
10                                     5.5568811501460846e+00
11                                    -2.2869028854302638e+00
12                                     2.2621471744375139e+00
13                                     2.8396355793903800e+00
14                                     1.7266498801501449e+00
15                                     3.0852168831336311e+00
16                                     3.3557608337719227e+00
17                                     3.2790412320954543e+00
18                                     2.5008959280336036e+00
19                                     9.0212325215338762e-01
20                                     6.6128969468475518e-01
21                                     6.6405145434328094e-01
22                                     8.9419490153096204e-01
23                                     8.8758899734821461e-01
24                                     9.0228084734771885e-01
25                                     9.0375688107867935e-01
26                                     9.0262074666985948e-01
27                                     9.0105149251625583e-01
28                                     8.8872463584754213e-01
29                                     8.8089427026452527e-01
   &FA [&Type "ArrayOfDoubles", &Dim (30,1)] "Mayer's free valence"
                                                         0

0                                      0.0000000000000000e+00
1                                      0.0000000000000000e+00
2                                      0.0000000000000000e+00
3                                     -2.2191137816207629e-12
4                                     -1.5503154315865686e-12
5                                      2.8839153287663066e-12
6                                      0.0000000000000000e+00
7                                      0.0000000000000000e+00
8                                      0.0000000000000000e+00
9                                      0.0000000000000000e+00
10                                     0.0000000000000000e+00
11                                     5.1230131248303223e-12
12                                     0.0000000000000000e+00
13                                     0.0000000000000000e+00
14                                     0.0000000000000000e+00
15                                     0.0000000000000000e+00
16                                     0.0000000000000000e+00
17                                     0.0000000000000000e+00
18                                     0.0000000000000000e+00
19                                     0.0000000000000000e+00
20                                     0.0000000000000000e+00
21                                     0.0000000000000000e+00
22                                     0.0000000000000000e+00
23                                     0.0000000000000000e+00
24                                     0.0000000000000000e+00
25                                     0.0000000000000000e+00
26                                     0.0000000000000000e+00
27                                     0.0000000000000000e+00
28                                     0.0000000000000000e+00
29                                     0.0000000000000000e+00
   &Method [&Type "String"] "SCF"
   &Level [&Type "String"] "Relaxed density"
   &Mult [&Type "Integer"] 1
   &State [&Type "Integer"] -1
   &Irrep [&Type "Integer"] 0
$End
$SCF_Energy
   &GeometryIndex 1
   &Method [&Type "String"] "SCF"
   &totalEnergy [&Type "ArrayOfDoubles", &Dim (1,1)] "Total energy of each state"
                                                         0

0                                     -9.2831583482654548e+02
   &Mult [&Type "ArrayOfIntegers", &Dim (1,1)] "Multiplicity of each state"
                                                         0

0                                                        1
$End
$DFT_Energy
   &GeometryIndex 1
   &nAlphaEl [&Type "Integer"] 68
   &nBetaEl [&Type "Integer"] 68
   &nTotalEl [&Type "Integer"] 136
   &finalEn [&Type "Double"]      -9.2831583482654548e+02  "No Van der Waals correction"
   &eExchange [&Type "Double"]      -9.4417541682766100e+01
   &eCorr [&Type "Double"]      -5.5548402088483577e+00
   &eXC [&Type "Double"]      -9.9972381891614461e+01
   &eCNL [&Type "Double"]       0.0000000000000000e+00
$End
$Solvation_Details
   &GeometryIndex 1
   &Solvent [&Type "String"] "WATER"
   &Epsilon [&Type "Double"]       8.0150999999999996e+01
   &Refrac [&Type "Double"]       1.3328000000000000e+00
   &RSolv [&Type "Double"]       1.3000000000000000e+00
   &SurfaceType [&Type "String"] "GAUSSIAN VDW"
   &CPCMDielEnergy [&Type "Double"]      -6.4962976000000006e-02
   &NPoints [&Type "Integer"] 2577
   &SurfaceArea [&Type "Double"]       9.9735887576699997e+02
$End
$SCF_Timings
   &GeometryIndex 1
   &TOTAL [&Type "Double"]       7.9130416000000011e+01
   &PREP [&Type "Double"]       7.9580700000000004e-01
   &FOCK [&Type "Double"]       7.4989055999999977e+01
   &DENS [&Type "Double"]       1.2024499999999705e-01
   &ETOT [&Type "Double"]       7.4158999999986541e-02
   &POP [&Type "Double"]       3.7604999999999222e-02
   &TRAFO [&Type "Double"]       7.5613000000004149e-02
   &DIIS [&Type "Double"]       4.0235299999999974e-01
   &SOSCF [&Type "Double"]       3.8076599999999949e-01
   &XC [&Type "Double"]       9.6675909999999980e+00
   &FOCKSTART [&Type "Double"]       1.4568999999980625e-02
   &SOLV [&Type "Double"]       7.9357510000000255e+00
   &SOLV_INIT [&Type "Double"]       2.1259899999999998e-01
   &SOLV_FINAL [&Type "Double"]       9.9999999747524271e-07
   &INT_PREP [&Type "Double"]       3.9999999916773277e-06
   &INT_BF [&Type "Double"]       1.7863170000001753e+00
   &INT_DENS [&Type "Double"]       2.8087490000001170e+00
   &INT_DENSIO [&Type "Double"]       2.3402847655200033e+05
   &INT_FUNC [&Type "Double"]       1.3922900000030136e-01
   &INT_POT [&Type "Double"]       3.5547320000000440e+00
   &INT_POTIO [&Type "Double"]       4.6081999999523227e-02
   &INT_SUM [&Type "Double"]       1.1160000000218773e-03
   &SPLITRIJ [&Type "Double"]       5.7471869999999914e+00
   &COSX [&Type "Double"]       5.4376247000000006e+01
   &FROZCORE [&Type "Double"]       4.1659999999978936e-03
$End
$CIS_Absorption_Spectrum
   &GeometryIndex 1
   &Method [&Type "Integer"] 20
   &RelCorrection [&Type "Integer"] 1 "Type of relativistic treatment in QDPT. 0->Unknow, 1->None, 2->SOC, 3->SSC, 4->SOC/SSC"
   &DensType [&Type "Integer"] 3 "Type of density (electron/spin ...). 0->Unknow, 1->Electronic, 2->Spin, 3->Trans/Electronic, 4->Tran/Spin"
   &DeriType [&Type "Integer"] 0 "Type of derivative (w.r.t. to what perturbation). 0->Unknown, 1->No Derivative, 2->Electric/Dipole, 3->Electric/Quad, 4->Magnetic/Dipole, 5->Magnetic/Quad"
   &DensLevel [&Type "Integer"] 0 "// Source of density: relaxed, unrelaxed, ... 0->Unknown, 1->Linearized, 2->Unrelaxed, 3->Relaxed"
   &Density_name [&Type "String"] "Tdens-CIS"
   &Representation [&Type "String"] "Length" "Possible values: Unknown,  Length, Velocity"
   &PointGroup [&Type "String"] "C1"
   &DoHigherMoments [&Type "Boolean"] false
   &NTrans [&Type "Integer"] 8
   &ExcitationEnergies [&Type "ArrayOfDoubles", &Dim (8,11)] 
                                                         0                           1                           2                           3                           4                           5                           6                           7

0                                      5.0970747370971381e-01         4.1110684542977406e+03         2.4324576715685498e+03         6.5660666183235398e-05         5.2580675798438352e-03        -1.5071015923018193e-02         0.0000000000000000e+00        -2.3148712723514965e-02
1                                      1.0936146937545457e+00         8.8205982853829901e+03         1.1337099453414003e+03         3.6458990748700362e-02         1.3607620416573454e+00         1.1018633063501102e+00         0.0000000000000000e+00        -3.3814477495618145e-01
2                                      2.0127204029792214e+00         1.6233686541393994e+04         6.1600302398972497e+02         9.3262453639104221e-04         1.8913211037970903e-02        -1.3685162512401254e-02         0.0000000000000000e+00        -5.6163480025505141e-02
3                                      2.3351721055862078e+00         1.8834435188405474e+04         5.3094238823556680e+02         5.4965305180311565e-03         9.6075273598559691e-02         1.4750775731333235e-01         0.0000000000000000e+00        -2.6244015349757360e-01
4                                      2.8611619375435589e+00         2.3076829732286042e+04         4.3333508614527432e+02         4.0851752443307859e-01         5.8278737234869284e+00         1.0060326888584190e+00         0.0000000000000000e+00        -2.1768833592874159e+00
5                                      2.9725325159024907e+00         2.3975094119300018e+04         4.1709950960943138e+02         1.7971808406454053e-02         2.4677834455456960e-01        -2.5968500636530267e-01         0.0000000000000000e+00         4.2326449553607665e-01
6                                      3.1946052544917971e+00         2.5766231736979818e+04         3.8810486927539165e+02         2.5859005046496258e-01         3.3039730010774857e+00        -8.9714042769043556e-01         0.0000000000000000e+00         1.5636345243201923e+00
7                                      3.4194249310649383e+00         2.7579524905978229e+04         3.6258782680597830e+02         5.2552501030247870e-03         6.2730997886723844e-02         1.0253517585258604e-01         0.0000000000000000e+00        -2.2235068389972354e-01
                                                         8                           9                          10

0                                      0.0000000000000000e+00         6.7045276926388661e-02         0.0000000000000000e+00
1                                      0.0000000000000000e+00        -1.7977042845357505e-01         0.0000000000000000e+00
2                                      0.0000000000000000e+00        -1.2478618063072833e-01         0.0000000000000000e+00
3                                      0.0000000000000000e+00         7.3769241307747951e-02         0.0000000000000000e+00
4                                      0.0000000000000000e+00        -2.7740005856661848e-01         0.0000000000000000e+00
5                                      0.0000000000000000e+00        -1.3755320505639108e-02         0.0000000000000000e+00
6                                      0.0000000000000000e+00         2.3272113877959955e-01         0.0000000000000000e+00
7                                      0.0000000000000000e+00        -5.2703974887368124e-02         0.0000000000000000e+00
   &States [&Type "ArrayOfIntegers", &Dim (8,4)] "The initial and Final states. Col1: Initial State  Col2: Initial Irrep Col3: Final State Col4: Final Irrep"
                                                         0                           1                           2                           3

0                                                        0                           0                           1                           0
1                                                        0                           0                           2                           0
2                                                        0                           0                           3                           0
3                                                        0                           0                           4                           0
4                                                        0                           0                           5                           0
5                                                        0                           0                           6                           0
6                                                        0                           0                           7                           0
7                                                        0                           0                           8                           0
   &Multiplicities [&Type "ArrayOfDoubles", &Dim (8,2)] "Col1: Multiplicity of the initial state  Col2: Multiplicity of the final state"
                                                         0                           1

0                                      1.0000000000000000e+00         1.0000000000000000e+00
1                                      1.0000000000000000e+00         1.0000000000000000e+00
2                                      1.0000000000000000e+00         1.0000000000000000e+00
3                                      1.0000000000000000e+00         1.0000000000000000e+00
4                                      1.0000000000000000e+00         1.0000000000000000e+00
5                                      1.0000000000000000e+00         1.0000000000000000e+00
6                                      1.0000000000000000e+00         1.0000000000000000e+00
7                                      1.0000000000000000e+00         1.0000000000000000e+00
   &Temperature [&Type "Double"]       2.9814999999999998e+02
$End
$CIS_Absorption_Spectrum
   &GeometryIndex 1
   &Method [&Type "Integer"] 20
   &RelCorrection [&Type "Integer"] 1 "Type of relativistic treatment in QDPT. 0->Unknow, 1->None, 2->SOC, 3->SSC, 4->SOC/SSC"
   &DensType [&Type "Integer"] 3 "Type of density (electron/spin ...). 0->Unknow, 1->Electronic, 2->Spin, 3->Trans/Electronic, 4->Tran/Spin"
   &DeriType [&Type "Integer"] 0 "Type of derivative (w.r.t. to what perturbation). 0->Unknown, 1->No Derivative, 2->Electric/Dipole, 3->Electric/Quad, 4->Magnetic/Dipole, 5->Magnetic/Quad"
   &DensLevel [&Type "Integer"] 0 "// Source of density: relaxed, unrelaxed, ... 0->Unknown, 1->Linearized, 2->Unrelaxed, 3->Relaxed"
   &Density_name [&Type "String"] "Tdens-CIS"
   &Representation [&Type "String"] "Velocity" "Possible values: Unknown,  Length, Velocity"
   &PointGroup [&Type "String"] "C1"
   &DoHigherMoments [&Type "Boolean"] false
   &NTrans [&Type "Integer"] 8
   &ExcitationEnergies [&Type "ArrayOfDoubles", &Dim (8,11)] 
                                                         0                           1                           2                           3                           4                           5                           6                           7

0                                      5.0970747370971381e-01         4.1110684542977406e+03         2.4324576715685498e+03         8.3881936354634010e-03         2.3568399247132451e-04        -9.3549271902613822e-04         0.0000000000000000e+00        -2.9951322681285625e-03
1                                      1.0936146937545457e+00         8.8205982853829901e+03         1.1337099453414003e+03         1.3824810271468449e-01         8.3342045288553757e-03         8.9590453744013046e-02         0.0000000000000000e+00         1.3975705479862644e-02
2                                      2.0127204029792214e+00         1.6233686541393994e+04         6.1600302398972497e+02         2.3473385830574040e-03         2.6043528489734779e-04        -2.0361697298219347e-03         0.0000000000000000e+00        -4.5624240352768741e-03
3                                      2.3351721055862078e+00         1.8834435188405474e+04         5.3094238823556680e+02         3.8943167095240672e-03         5.0129203006997079e-04         6.2726602839656776e-03         0.0000000000000000e+00        -1.6867330206561511e-02
4                                      2.8611619375435589e+00         2.3076829732286042e+04         4.3333508614527432e+02         5.8629389077441280e-02         9.2469486382199383e-03         4.0813988213794582e-02         0.0000000000000000e+00        -8.7061266064294360e-02
5                                      2.9725325159024907e+00         2.3975094119300018e+04         4.1709950960943138e+02         2.1847489560054409e-03         3.5798826627150788e-04        -7.5917707956898711e-03         0.0000000000000000e+00         1.5360879770342062e-02
6                                      3.1946052544917971e+00         2.5766231736979818e+04         3.8810486927539165e+02         8.0675973335330720e-03         1.4206989288623652e-03         7.7557070579099422e-03         0.0000000000000000e+00         3.5652342259833276e-02
7                                      3.4194249310649383e+00         2.7579524905978229e+04         3.6258782680597830e+02         2.6856133964216732e-04         5.0621755983157350e-05         3.9068260105409739e-03         0.0000000000000000e+00        -5.3088637237756805e-03
                                                         8                           9                          10

0                                      0.0000000000000000e+00         1.5027908322198025e-02         0.0000000000000000e+00
1                                      0.0000000000000000e+00        -1.0603526919726809e-02         0.0000000000000000e+00
2                                      0.0000000000000000e+00        -1.5345148570510243e-02         0.0000000000000000e+00
3                                      0.0000000000000000e+00         1.3320620658766168e-02         0.0000000000000000e+00
4                                      0.0000000000000000e+00         1.2259508906652292e-03         0.0000000000000000e+00
5                                      0.0000000000000000e+00        -8.0247526527809140e-03         0.0000000000000000e+00
6                                      0.0000000000000000e+00        -9.4582465754471309e-03         0.0000000000000000e+00
7                                      0.0000000000000000e+00         2.6785131078448099e-03         0.0000000000000000e+00
   &States [&Type "ArrayOfIntegers", &Dim (8,4)] "The initial and Final states. Col1: Initial State  Col2: Initial Irrep Col3: Final State Col4: Final Irrep"
                                                         0                           1                           2                           3

0                                                        0                           0                           1                           0
1                                                        0                           0                           2                           0
2                                                        0                           0                           3                           0
3                                                        0                           0                           4                           0
4                                                        0                           0                           5                           0
5                                                        0                           0                           6                           0
6                                                        0                           0                           7                           0
7                                                        0                           0                           8                           0
   &Multiplicities [&Type "ArrayOfDoubles", &Dim (8,2)] "Col1: Multiplicity of the initial state  Col2: Multiplicity of the final state"
                                                         0                           1

0                                      1.0000000000000000e+00         1.0000000000000000e+00
1                                      1.0000000000000000e+00         1.0000000000000000e+00
2                                      1.0000000000000000e+00         1.0000000000000000e+00
3                                      1.0000000000000000e+00         1.0000000000000000e+00
4                                      1.0000000000000000e+00         1.0000000000000000e+00
5                                      1.0000000000000000e+00         1.0000000000000000e+00
6                                      1.0000000000000000e+00         1.0000000000000000e+00
7                                      1.0000000000000000e+00         1.0000000000000000e+00
   &Temperature [&Type "Double"]       2.9814999999999998e+02
$End
$CIS_ECD_Spectrum
   &GeometryIndex 1
   &Method [&Type "Integer"] 20
   &RelCorrection [&Type "Integer"] 1 "Type of relativistic treatment in QDPT. 0->Unknow, 1->None, 2->SOC, 3->SSC, 4->SOC/SSC"
   &DensType [&Type "Integer"] 3 "Type of density (electron/spin ...). 0->Unknow, 1->Electronic, 2->Spin, 3->Trans/Electronic, 4->Tran/Spin"
   &DeriType [&Type "Integer"] 0 "Type of derivative (w.r.t. to what perturbation). 0->Unknown, 1->No Derivative, 2->Electric/Dipole, 3->Electric/Quad, 4->Magnetic/Dipole, 5->Magnetic/Quad"
   &DensLevel [&Type "Integer"] 0 "// Source of density: relaxed, unrelaxed, ... 0->Unknown, 1->Linearized, 2->Unrelaxed, 3->Relaxed"
   &Density_name [&Type "String"] "Tdens-CIS"
   &Representation [&Type "String"] "Length" "Possible values: Unknown,  Length, Velocity"
   &PointGroup [&Type "String"] "C1"
   &DoHigherMoments [&Type "Boolean"] false
   &NTrans [&Type "Integer"] 8
   &ExcitationEnergies [&Type "ArrayOfDoubles", &Dim (8,10)] 
                                                         0                           1                           2                           3                           4                           5                           6                           7

0                                      5.0970747370971381e-01         4.1110684542977406e+03         2.4324576715685498e+03        -2.5044244442697661e+00        -2.2352352022705860e-01         0.0000000000000000e+00         5.6379318112201295e-02         0.0000000000000000e+00
1                                      1.0936146937545457e+00         8.8205982853829901e+03         1.1337099453414003e+03         1.1936384169637944e+00         8.6068734977849934e-02         0.0000000000000000e+00        -8.7152072221476536e-03         0.0000000000000000e+00
2                                      2.0127204029792214e+00         1.6233686541393994e+04         6.1600302398972497e+02        -2.7002559713550207e+00         3.8366097403008287e-01         0.0000000000000000e+00        -3.5428421406456745e-02         0.0000000000000000e+00
3                                      2.3351721055862078e+00         1.8834435188405474e+04         5.3094238823556680e+02         2.7882034525233273e+01        -1.9899403386602685e-01         0.0000000000000000e+00         1.1115237058238622e-01         0.0000000000000000e+00
4                                      2.8611619375435589e+00         2.3076829732286042e+04         4.3333508614527432e+02         6.7647039813606771e+00         2.0762186188528937e-02         0.0000000000000000e+00         1.5968655742706245e-02         0.0000000000000000e+00
5                                      2.9725325159024907e+00         2.3975094119300018e+04         4.1709950960943138e+02        -5.0984794680110141e+01        -2.0273157033353861e-01         0.0000000000000000e+00         1.3388797675153580e-01         0.0000000000000000e+00
6                                      3.1946052544917971e+00         2.5766231736979818e+04         3.8810486927539165e+02         5.4022466472206903e+00         2.3723711244999519e-02         0.0000000000000000e+00        -3.0232449933985446e-02         0.0000000000000000e+00
7                                      3.4194249310649383e+00         2.7579524905978229e+04         3.6258782680597830e+02         6.8520789873562178e+00        -1.2968426327041441e-01         0.0000000000000000e+00         1.5224482118404405e-02         0.0000000000000000e+00
                                                         8                           9

0                                      4.8453067794821988e-02         0.0000000000000000e+00
1                                      5.5801627389678088e-01         0.0000000000000000e+00
2                                     -7.2029028660513986e-02         0.0000000000000000e+00
3                                     -8.3630655604440118e-03         0.0000000000000000e+00
4                                      1.7095835844420087e-03         0.0000000000000000e+00
5                                      8.5193605921236717e-02         0.0000000000000000e+00
6                                      2.4534611526829012e-01         0.0000000000000000e+00
7                                     -4.0762370377578024e-02         0.0000000000000000e+00
   &States [&Type "ArrayOfIntegers", &Dim (8,4)] "The initial and Final states. Col1: Initial State  Col2: Initial Irrep Col3: Final State Col4: Final Irrep"
                                                         0                           1                           2                           3

0                                                        0                           0                           1                           0
1                                                        0                           0                           2                           0
2                                                        0                           0                           3                           0
3                                                        0                           0                           4                           0
4                                                        0                           0                           5                           0
5                                                        0                           0                           6                           0
6                                                        0                           0                           7                           0
7                                                        0                           0                           8                           0
   &Multiplicities [&Type "ArrayOfDoubles", &Dim (8,2)] "Col1: Multiplicity of the initial state  Col2: Multiplicity of the final state"
                                                         0                           1

0                                      1.0000000000000000e+00         1.0000000000000000e+00
1                                      1.0000000000000000e+00         1.0000000000000000e+00
2                                      1.0000000000000000e+00         1.0000000000000000e+00
3                                      1.0000000000000000e+00         1.0000000000000000e+00
4                                      1.0000000000000000e+00         1.0000000000000000e+00
5                                      1.0000000000000000e+00         1.0000000000000000e+00
6                                      1.0000000000000000e+00         1.0000000000000000e+00
7                                      1.0000000000000000e+00         1.0000000000000000e+00
   &Temperature [&Type "Double"]       2.9814999999999998e+02
$End
$CIS_ECD_Spectrum
   &GeometryIndex 1
   &Method [&Type "Integer"] 20
   &RelCorrection [&Type "Integer"] 1 "Type of relativistic treatment in QDPT. 0->Unknow, 1->None, 2->SOC, 3->SSC, 4->SOC/SSC"
   &DensType [&Type "Integer"] 3 "Type of density (electron/spin ...). 0->Unknow, 1->Electronic, 2->Spin, 3->Trans/Electronic, 4->Tran/Spin"
   &DeriType [&Type "Integer"] 0 "Type of derivative (w.r.t. to what perturbation). 0->Unknown, 1->No Derivative, 2->Electric/Dipole, 3->Electric/Quad, 4->Magnetic/Dipole, 5->Magnetic/Quad"
   &DensLevel [&Type "Integer"] 0 "// Source of density: relaxed, unrelaxed, ... 0->Unknown, 1->Linearized, 2->Unrelaxed, 3->Relaxed"
   &Density_name [&Type "String"] "Tdens-CIS"
   &Representation [&Type "String"] "Velocity" "Possible values: Unknown,  Length, Velocity"
   &PointGroup [&Type "String"] "C1"
   &DoHigherMoments [&Type "Boolean"] false
   &NTrans [&Type "Integer"] 8
   &ExcitationEnergies [&Type "ArrayOfDoubles", &Dim (8,10)] 
                                                         0                           1                           2                           3                           4                           5                           6                           7

0                                      5.0970747370971381e-01         4.1110684542977406e+03         2.4324576715685498e+03         1.9339585578421367e+01        -2.2352352022705860e-01         0.0000000000000000e+00         5.6379318112201295e-02         0.0000000000000000e+00
1                                      1.0936146937545457e+00         8.8205982853829901e+03         1.1337099453414003e+03         1.9615955589484340e+01         8.6068734977849934e-02         0.0000000000000000e+00        -8.7152072221476536e-03         0.0000000000000000e+00
2                                      2.0127204029792214e+00         1.6233686541393994e+04         6.1600302398972497e+02         3.0960241790219034e+00         3.8366097403008287e-01         0.0000000000000000e+00        -3.5428421406456745e-02         0.0000000000000000e+00
3                                      2.3351721055862078e+00         1.8834435188405474e+04         5.3094238823556680e+02        -1.7769313011652127e+01        -1.9899403386602685e-01         0.0000000000000000e+00         1.1115237058238622e-01         0.0000000000000000e+00
4                                      2.8611619375435589e+00         2.3076829732286042e+04         4.3333508614527432e+02        -2.4246847435065924e+00         2.0762186188528937e-02         0.0000000000000000e+00         1.5968655742706245e-02         0.0000000000000000e+00
5                                      2.9725325159024907e+00         2.3975094119300018e+04         4.1709950960943138e+02         1.2567884430685153e+01        -2.0273157033353861e-01         0.0000000000000000e+00         1.3388797675153580e-01         0.0000000000000000e+00
6                                      3.1946052544917971e+00         2.5766231736979818e+04         3.8810486927539165e+02        -1.2908344701672620e+01         2.3723711244999519e-02         0.0000000000000000e+00        -3.0232449933985446e-02         0.0000000000000000e+00
7                                      3.4194249310649383e+00         2.7579524905978229e+04         3.6258782680597830e+02        -2.6136973746080190e+00        -1.2968426327041441e-01         0.0000000000000000e+00         1.5224482118404405e-02         0.0000000000000000e+00
                                                         8                           9

0                                      4.8453067794821988e-02         0.0000000000000000e+00
1                                      5.5801627389678088e-01         0.0000000000000000e+00
2                                     -7.2029028660513986e-02         0.0000000000000000e+00
3                                     -8.3630655604440118e-03         0.0000000000000000e+00
4                                      1.7095835844420087e-03         0.0000000000000000e+00
5                                      8.5193605921236717e-02         0.0000000000000000e+00
6                                      2.4534611526829012e-01         0.0000000000000000e+00
7                                     -4.0762370377578024e-02         0.0000000000000000e+00
   &States [&Type "ArrayOfIntegers", &Dim (8,4)] "The initial and Final states. Col1: Initial State  Col2: Initial Irrep Col3: Final State Col4: Final Irrep"
                                                         0                           1                           2                           3

0                                                        0                           0                           1                           0
1                                                        0                           0                           2                           0
2                                                        0                           0                           3                           0
3                                                        0                           0                           4                           0
4                                                        0                           0                           5                           0
5                                                        0                           0                           6                           0
6                                                        0                           0                           7                           0
7                                                        0                           0                           8                           0
   &Multiplicities [&Type "ArrayOfDoubles", &Dim (8,2)] "Col1: Multiplicity of the initial state  Col2: Multiplicity of the final state"
                                                         0                           1

0                                      1.0000000000000000e+00         1.0000000000000000e+00
1                                      1.0000000000000000e+00         1.0000000000000000e+00
2                                      1.0000000000000000e+00         1.0000000000000000e+00
3                                      1.0000000000000000e+00         1.0000000000000000e+00
4                                      1.0000000000000000e+00         1.0000000000000000e+00
5                                      1.0000000000000000e+00         1.0000000000000000e+00
6                                      1.0000000000000000e+00         1.0000000000000000e+00
7                                      1.0000000000000000e+00         1.0000000000000000e+00
   &Temperature [&Type "Double"]       2.9814999999999998e+02
$End
$CIS_Energies
   &GeometryIndex 1
   &e0 [&Type "Double"]      -9.2831583482654548e+02  "Ground state energy"
   &multP1 [&Type "Boolean"] false "Do the higher multiplicity too?"
   &mode [&Type "String"] "TDA" "CIS mode: CIS, RPA, TDA, TD-DFT, sTDA, sTD-DFT"
   &dCorr [&Type "Integer"] 0 "(D) Correction algorithm"
   &Method [&Type "String"] "TDA/CIS"
   &totalEnergy [&Type "ArrayOfDoubles", &Dim (8,1)] "Total energy of each state"
                                                         0

0                                     -9.2829710342041972e+02
1                                     -9.2827564522362536e+02
2                                     -9.2824186870827089e+02
3                                     -9.2823001882552637e+02
4                                     -9.2821068905370896e+02
5                                     -9.2820659626001589e+02
6                                     -9.2819843523654549e+02
7                                     -9.2819017326495555e+02
   &Mult [&Type "ArrayOfIntegers", &Dim (8,1)] "Multiplicity of each state"
                                                         0

0                                                        1
1                                                        1
2                                                        1
3                                                        1
4                                                        1
5                                                        1
6                                                        1
7                                                        1
   &RelCorr [&Type "String"] "None" "Relativistic correction (SOC and/or SSC)"
   &NBlocks [&Type "Integer"] 1 "Number of multiplicity blocks"
   &NRoots [&Type "ArrayOfIntegers", &Dim (1,1)] "Number of roots in each block"
                                                         0

0                                                        8
   &NTotalRoots [&Type "Integer"] 8 "Total number of roots"
   &Block [&Type "ArrayOfIntegers", &Dim (8,1)] "Block index of each state"
                                                         0

0                                                        0
1                                                        0
2                                                        0
3                                                        0
4                                                        0
5                                                        0
6                                                        0
7                                                        0
   &Root [&Type "ArrayOfIntegers", &Dim (8,1)] "Root index within the block"
                                                         0

0                                                        0
1                                                        1
2                                                        2
3                                                        3
4                                                        4
5                                                        5
6                                                        6
7                                                        7
$End
$Single_Point_Data
   &GeometryIndex 1
   &FinalEnergy [&Type "Double"]      -9.2829710342041972e+02  "Final single point energy"
   &Converged [&Type "Boolean"] true
$End
$Calculation_Info
   &GeometryIndex 1
   &Mult [&Type "Integer"] 1
   &Charge [&Type "Integer"] 0
   &NumOfAtoms [&Type "Integer"] 30
   &NumOfElectrons [&Type "Integer"] 136
   &NumOfBasisFuncts [&Type "Integer"] 364
   &NumOfAuxCBasisFuncts [&Type "Integer"] 0
   &NumOfAuxJBasisFuncts [&Type "Integer"] 1052
   &NumOfAuxJKBasisFuncts [&Type "Integer"] 0
   &NumOfCABSBasisFuncts [&Type "Integer"] 0
$End
$SCF_Dipole_Moment
   &GeometryIndex 1
   &dipoleMagnitude [&Type "Double", &Units "a.u."]       7.3860597931523495e+00
   &dipoleElecContrib [&Type "ArrayOfDoubles", &Dim (3,1)] "Electronic contribution"
                                                         0

0                                      1.9294773116758240e+01
1                                      1.9637963087273043e+00
2                                     -1.9295003495087739e+00
   &dipoleNucContrib [&Type "ArrayOfDoubles", &Dim (3,1)] "Nuclear contribution"
                                                         0

0                                     -2.4661836144674751e+01
1                                      2.5985749316946460e+00
2                                      4.1505997140046658e+00
   &dipoleTotal [&Type "ArrayOfDoubles", &Dim (3,1)] "Total"
                                                         0

0                                     -5.3670630279165117e+00
1                                      4.5623712404219505e+00
2                                      2.2210993644958918e+00
   &doAtomicDipole [&Type "Boolean"] false
   &Method [&Type "String"] "SCF"
   &Level [&Type "String"] "Relaxed density"
   &Mult [&Type "Integer"] 1
   &State [&Type "Integer"] -1
   &Irrep [&Type "Integer"] 0
$End
$Calculation_Timings
   &GeometryIndex 1
   &GTOINT [&Type "Double"]       3.3798779999999997e+00
   &SCF [&Type "Double"]       8.3326404000000011e+01
   &CIS [&Type "Double"]       3.7414344000000000e+01
   &PROPINT [&Type "Double"]       1.5292230000000018e+00
   &PROP [&Type "Double"]       1.6583800000000082e+00
   &SUM [&Type "Double"]       1.2730822900000003e+02
$End
