*************************************************
******************* ORCA 6.1.1 ******************
*************************************************
$Calculation_Status
   &GeometryIndex 1
   &version [&Type "String"] "6.1.1"
   &progName [&Type "String"] "ProgCIS"
   &Status [&Type "String"] "NORMAL TERMINATION"
$End
$Geometry
   &GeometryIndex 1
   &NAtoms [&Type "Integer"] 30
   &NCorelessECP [&Type "Integer"] 0
   &NGhostAtoms [&Type "Integer"] 0
   &CartesianCoordinates [&Type "Coordinates", &Dim(30,4), &Units "Bohr"] 
              O     10.473544425326   -1.373704287710   -1.649989807394
              N      8.460865150227   -0.186294871460   -1.337831616510
              C      6.113018378838   -1.487027384509   -1.060518085809
              C      3.862377230051   -0.460320278688   -0.726588360136
              C      3.217311655333    2.078443634285   -0.560572139819
              C      0.664176375111    2.738751740000   -0.191251623110
              N      0.033079655974    5.376155577712    0.059174884158
              O     -1.757753329907    6.153915831828    1.716819972120
              O      1.307323877804    7.137901898939   -1.296652594325
              C     -1.225581884155    0.802814243200   -0.078761895536
              C     -0.493411273019   -1.791857217445   -0.194794859611
              C      2.068866502239   -2.357157452051   -0.546336832852
              N      3.007682445571   -4.619375063134   -0.754053639766
              C      5.641389978964   -4.185114107833   -1.090583628600
              O      7.260624493528   -5.905356373981   -1.367938733275
              C     -2.406587018536   -3.919528217519   -0.167431625192
              C     -4.993788391774   -3.090707563264    0.813145375974
              C     -5.800062723525   -0.640413068977   -0.470662749819
              C     -3.989946972174    1.500726009254    0.237929748344
              H      4.670134996817    3.515045566637   -0.673679807838
              H     -0.835984606029    6.439665099991    3.322255706454
              H      2.714466869453    7.682165702222   -0.185780865952
              H     -1.711356773867   -5.491631072577    1.040269670284
              H     -2.616048042672   -4.651362457403   -2.125686787633
              H     -4.914142104408   -2.815349899112    2.896026087222
              H     -6.404729732953   -4.592818741774    0.408252654520
              H     -7.744893271512   -0.136623420030    0.141925991562
              H     -5.821297576092   -0.898149036930   -2.557336141417
              H     -4.455367621697    3.152144449604   -0.973071008962
              H     -4.323910712917    2.025066429907    2.244359699117
$End
$SCF_Mulliken_Population_Analysis
   &GeometryIndex 1
   &NAtoms [&Type "Integer"] 30
   &ATNO [&Type "ArrayOfIntegers", &Dim (30,1)] 
                                                         0

0                                                        8
1                                                        7
2                                                        6
3                                                        6
4                                                        6
5                                                        6
6                                                        7
7                                                        8
8                                                        8
9                                                        6
10                                                       6
11                                                       6
12                                                       7
13                                                       6
14                                                       8
15                                                       6
16                                                       6
17                                                       6
18                                                       6
19                                                       1
20                                                       1
21                                                       1
22                                                       1
23                                                       1
24                                                       1
25                                                       1
26                                                       1
27                                                       1
28                                                       1
29                                                       1
   &AtomicCharges [&Type "ArrayOfDoubles", &Dim (30,1)] 
                                                         0

0                                      6.0338042608701237e-02
1                                     -5.1508973612701769e-01
2                                     -9.1711984823885473e-01
3                                      2.2997190643005609e+00
4                                      4.7237612745932722e-01
5                                     -2.5736346840834301e-01
6                                     -8.3865323891418164e-01
7                                     -1.3334028499039974e-01
8                                     -1.2547487084273357e-01
9                                      7.5912449634942902e-01
10                                    -7.2727095194522917e-01
11                                    -1.9846931560496728e+00
12                                    -3.3451519851885614e-01
13                                     8.2338670095483657e-01
14                                    -4.0634481563323455e-01
15                                    -1.9366981629257030e-01
16                                    -5.6129619559455524e-01
17                                    -6.2633999695365539e-01
18                                     1.4803337386052196e-01
19                                     2.2889686383082242e-01
20                                     5.0789151617797568e-01
21                                     5.0818225339571543e-01
22                                     2.4070322989654125e-01
23                                     2.4382349447097940e-01
24                                     2.1052950943567805e-01
25                                     2.0757465644802409e-01
26                                     2.0797466096846962e-01
27                                     2.1443302089225025e-01
28                                     2.4080941694235436e-01
29                                     2.4737515051840853e-01
   &Method [&Type "String"] "SCF"
   &Level [&Type "String"] "Relaxed density"
   &Mult [&Type "Integer"] 1
   &State [&Type "Integer"] -1
   &Irrep [&Type "Integer"] 0
$End
$SCF_Loewdin_Population_Analysis
   &GeometryIndex 1
   &NAtoms [&Type "Integer"] 30
   &ATNO [&Type "ArrayOfIntegers", &Dim (30,1)] 
                                                         0

0                                                        8
1                                                        7
2                                                        6
3                                                        6
4                                                        6
5                                                        6
6                                                        7
7                                                        8
8                                                        8
9                                                        6
10                                                       6
11                                                       6
12                                                       7
13                                                       6
14                                                       8
15                                                       6
16                                                       6
17                                                       6
18                                                       6
19                                                       1
20                                                       1
21                                                       1
22                                                       1
23                                                       1
24                                                       1
25                                                       1
26                                                       1
27                                                       1
28                                                       1
29                                                       1
   &AtomicCharges [&Type "ArrayOfDoubles", &Dim (30,1)] 
                                                         0

0                                     -2.4791030413547510e-01
1                                      2.8491783698577855e-02
2                                     -7.4914275589462953e-02
3                                     -1.8735605607840711e-02
4                                     -1.6854781659874618e-01
5                                      6.3402824147232195e-02
6                                     -3.7384364477613730e-02
7                                     -3.6837508613511538e-01
8                                     -3.5209919802462508e-01
9                                     -4.4806517501883469e-02
10                                    -7.2147787222109905e-02
11                                     2.8834832655460829e-02
12                                    -1.8325348991445356e-01
13                                     2.0876638997190433e-01
14                                    -2.6138755174162220e-01
15                                    -3.1843669569620747e-01
16                                    -3.5680864360759212e-01
17                                    -3.5582698254238476e-01
18                                    -3.1678887341627693e-01
19                                     2.5181299704278981e-01
20                                     4.2657007430561877e-01
21                                     4.2600111602116852e-01
22                                     2.2815888137615636e-01
23                                     2.3051434807762150e-01
24                                     2.1010571681952239e-01
25                                     1.9923278872378836e-01
26                                     1.9920745569857523e-01
27                                     2.1265721946344263e-01
28                                     2.2886469607736215e-01
29                                     2.3480206813352966e-01
   &Method [&Type "String"] "SCF"
   &Level [&Type "String"] "Relaxed density"
   &Mult [&Type "Integer"] 1
   &State [&Type "Integer"] -1
   &Irrep [&Type "Integer"] 0
$End
$SCF_Mayer_Population_Analysis
   &GeometryIndex 1
   &NAtoms [&Type "Integer"] 30 "Total number of atoms"
   &NBondOrdersPrint [&Type "Integer"] 90 "The number of bond orders larger than threshold"
   &bondThresh [&Type "Double"]       1.0000000000000001e-01  "The threshold for printing"
   &components [&Type "ArrayOfIntegers", &Dim (90,4)] "The indices and atomic numbers of the bonding atoms"
                                                         0                           1                           2                           3

0                                                        0                           8                           1                           7
1                                                        0                           8                           2                           6
2                                                        0                           8                           3                           6
3                                                        0                           8                           4                           6
4                                                        0                           8                          11                           6
5                                                        0                           8                          13                           6
6                                                        1                           7                           2                           6
7                                                        1                           7                           3                           6
8                                                        1                           7                           4                           6
9                                                        1                           7                           5                           6
10                                                       1                           7                          11                           6
11                                                       1                           7                          13                           6
12                                                       2                           6                           3                           6
13                                                       2                           6                           4                           6
14                                                       2                           6                           5                           6
15                                                       2                           6                           9                           6
16                                                       2                           6                          11                           6
17                                                       2                           6                          12                           7
18                                                       2                           6                          13                           6
19                                                       3                           6                           4                           6
20                                                       3                           6                           5                           6
21                                                       3                           6                           8                           8
22                                                       3                           6                          11                           6
23                                                       3                           6                          12                           7
24                                                       3                           6                          13                           6
25                                                       3                           6                          14                           8
26                                                       4                           6                           5                           6
27                                                       4                           6                           6                           7
28                                                       4                           6                           8                           8
29                                                       4                           6                           9                           6
30                                                       4                           6                          10                           6
31                                                       4                           6                          11                           6
32                                                       4                           6                          12                           7
33                                                       4                           6                          13                           6
34                                                       4                           6                          19                           1
35                                                       4                           6                          21                           1
36                                                       5                           6                           6                           7
37                                                       5                           6                           7                           8
38                                                       5                           6                           8                           8
39                                                       5                           6                           9                           6
40                                                       5                           6                          10                           6
41                                                       5                           6                          11                           6
42                                                       5                           6                          15                           6
43                                                       5                           6                          16                           6
44                                                       5                           6                          18                           6
45                                                       5                           6                          19                           1
46                                                       5                           6                          20                           1
47                                                       5                           6                          28                           1
48                                                       6                           7                           7                           8
49                                                       6                           7                           8                           8
50                                                       6                           7                          10                           6
51                                                       6                           7                          18                           6
52                                                       7                           8                           9                           6
53                                                       7                           8                          10                           6
54                                                       7                           8                          20                           1
55                                                       8                           8                           9                           6
56                                                       8                           8                          21                           1
57                                                       9                           6                          10                           6
58                                                       9                           6                          11                           6
59                                                       9                           6                          16                           6
60                                                       9                           6                          18                           6
61                                                       9                           6                          22                           1
62                                                       9                           6                          24                           1
63                                                       9                           6                          28                           1
64                                                      10                           6                          11                           6
65                                                      10                           6                          12                           7
66                                                      10                           6                          15                           6
67                                                      10                           6                          27                           1
68                                                      10                           6                          28                           1
69                                                      11                           6                          12                           7
70                                                      11                           6                          13                           6
71                                                      11                           6                          14                           8
72                                                      11                           6                          15                           6
73                                                      11                           6                          18                           6
74                                                      11                           6                          22                           1
75                                                      12                           7                          13                           6
76                                                      13                           6                          14                           8
77                                                      15                           6                          16                           6
78                                                      15                           6                          17                           6
79                                                      15                           6                          22                           1
80                                                      15                           6                          23                           1
81                                                      16                           6                          17                           6
82                                                      16                           6                          18                           6
83                                                      16                           6                          24                           1
84                                                      16                           6                          25                           1
85                                                      17                           6                          18                           6
86                                                      17                           6                          26                           1
87                                                      17                           6                          27                           1
88                                                      18                           6                          28                           1
89                                                      18                           6                          29                           1
   &BondOrders [&Type "ArrayOfDoubles", &Dim (90,1)] "The bond orders"
                                                         0

0                                      1.9869098526256055e+00
1                                      3.5887041894255906e-01
2                                     -2.4411199740500103e-01
3                                     -1.2312672096863925e-01
4                                      3.3932153333380538e-01
5                                     -3.4999078339641382e-01
6                                      2.2394899008030889e+00
7                                     -9.6550019654338515e-01
8                                     -5.7021023056069653e-01
9                                      1.0834173875969488e-01
10                                     5.5162760139359712e-01
11                                    -4.0966676698101895e-01
12                                    -3.4120759354644759e-01
13                                    -6.4170848238615352e-01
14                                    -6.2018578420424864e-01
15                                     5.2345614346631264e-01
16                                     1.9342792657391037e+00
17                                    -1.0777809869842896e+00
18                                     5.8725353263488012e-01
19                                     1.4501204161607639e+00
20                                    -1.0705032806078727e+00
21                                     3.8302569971518108e-01
22                                    -2.0145151377693700e+00
23                                     1.9913094082284752e+00
24                                    -4.3646480294906892e-01
25                                    -1.3454683872100925e-01
26                                     9.5545704067860693e-01
27                                    -1.5179339923802843e-01
28                                     5.9773241079728479e-01
29                                    -1.2199365187921501e-01
30                                    -1.2932962685762939e-01
31                                    -3.3525855452276541e+00
32                                     2.8991532324902103e-01
33                                     4.7989201743806986e-01
34                                     1.1682745350938264e+00
35                                    -1.1518514095216090e-01
36                                     8.9495277577537180e-01
37                                     8.7107534117053331e-01
38                                    -4.5518292483817968e-01
39                                    -2.6552924615152724e+00
40                                     1.1911735309954281e+00
41                                     2.7083416512780119e+00
42                                     2.1788340716586327e-01
43                                     1.0013188254150002e-01
44                                    -1.1347120228466867e+00
45                                    -3.2233016507766171e-01
46                                     1.1823632954433688e-01
47                                    -2.3067955787022604e-01
48                                     1.4276244697183968e+00
49                                     1.4288148144926434e+00
50                                     2.8880102001401875e-01
51                                    -2.0390215765613848e-01
52                                    -7.2202742644087847e-01
53                                    -1.0716532674067800e-01
54                                     6.5273696315044372e-01
55                                    -4.7588883587006375e-01
56                                     6.4971146273470726e-01
57                                     2.5379885990119644e+00
58                                    -2.6478392910427223e-01
59                                     1.0941541873190774e-01
60                                     1.6656851728727795e+00
61                                     1.3909314231451417e-01
62                                     1.0786149523310209e-01
63                                     1.0387585086343698e-01
64                                     3.1000552375696833e-01
65                                    -1.0833693994302473e-01
66                                     1.0136722537612834e+00
67                                     1.2483865351137363e-01
68                                     1.6152434664959797e-01
69                                    -3.8147602971974565e-01
70                                    -3.4463545322033040e-01
71                                    -1.9125256601607610e-01
72                                    -5.4152055286205103e-01
73                                    -2.1483785643557404e-01
74                                    -1.7029035869968714e-01
75                                     1.4526076270378370e+00
76                                     1.8989734795804143e+00
77                                     7.5861647976875368e-01
78                                    -1.1248407930021095e-01
79                                     9.3212843435534531e-01
80                                     9.5944096121899247e-01
81                                     7.6025759702347229e-01
82                                    -1.5267915044516053e-01
83                                     1.0253253737596606e+00
84                                     9.7048011212266405e-01
85                                     7.2207481402896623e-01
86                                     9.8865678527405598e-01
87                                     1.0314703629102626e+00
88                                     9.0815030977619693e-01
89                                     9.4927258690231575e-01
   &ATNO [&Type "ArrayOfIntegers", &Dim (30,1)] "Atomic number of the elements"
                                                         0

0                                                        8
1                                                        7
2                                                        6
3                                                        6
4                                                        6
5                                                        6
6                                                        7
7                                                        8
8                                                        8
9                                                        6
10                                                       6
11                                                       6
12                                                       7
13                                                       6
14                                                       8
15                                                       6
16                                                       6
17                                                       6
18                                                       6
19                                                       1
20                                                       1
21                                                       1
22                                                       1
23                                                       1
24                                                       1
25                                                       1
26                                                       1
27                                                       1
28                                                       1
29                                                       1
   &NA [&Type "ArrayOfDoubles", &Dim (30,1)] "Mulliken gross atomic population"
                                                         0

0                                      7.9396619573913032e+00
1                                      7.5150897361270150e+00
2                                      6.9171198482388068e+00
3                                      3.7002809356994417e+00
4                                      5.5276238725406683e+00
5                                      6.2573634684083386e+00
6                                      7.8386532389141754e+00
7                                      8.1333402849903980e+00
8                                      8.1254748708427389e+00
9                                      5.2408755036505337e+00
10                                     6.7272709519452114e+00
11                                     7.9846931560496337e+00
12                                     7.3345151985188650e+00
13                                     5.1766132990451714e+00
14                                     8.4063448156332328e+00
15                                     6.1936698162925676e+00
16                                     6.5612961955945517e+00
17                                     6.6263399969536536e+00
18                                     5.8519666261394718e+00
19                                     7.7110313616917758e-01
20                                     4.9210848382202421e-01
21                                     4.9181774660428462e-01
22                                     7.5929677010345886e-01
23                                     7.5617650552902060e-01
24                                     7.8947049056432173e-01
25                                     7.9242534355197591e-01
26                                     7.9202533903153016e-01
27                                     7.8556697910774975e-01
28                                     7.5919058305764553e-01
29                                     7.5262484948159147e-01
   &ZA [&Type "ArrayOfDoubles", &Dim (30,1)] "Total nuclear charge"
                                                         0

0                                      8.0000000000000000e+00
1                                      7.0000000000000000e+00
2                                      6.0000000000000000e+00
3                                      6.0000000000000000e+00
4                                      6.0000000000000000e+00
5                                      6.0000000000000000e+00
6                                      7.0000000000000000e+00
7                                      8.0000000000000000e+00
8                                      8.0000000000000000e+00
9                                      6.0000000000000000e+00
10                                     6.0000000000000000e+00
11                                     6.0000000000000000e+00
12                                     7.0000000000000000e+00
13                                     6.0000000000000000e+00
14                                     8.0000000000000000e+00
15                                     6.0000000000000000e+00
16                                     6.0000000000000000e+00
17                                     6.0000000000000000e+00
18                                     6.0000000000000000e+00
19                                     1.0000000000000000e+00
20                                     1.0000000000000000e+00
21                                     1.0000000000000000e+00
22                                     1.0000000000000000e+00
23                                     1.0000000000000000e+00
24                                     1.0000000000000000e+00
25                                     1.0000000000000000e+00
26                                     1.0000000000000000e+00
27                                     1.0000000000000000e+00
28                                     1.0000000000000000e+00
29                                     1.0000000000000000e+00
   &QA [&Type "ArrayOfDoubles", &Dim (30,1)] "Mulliken gross atomic charge"
                                                         0

0                                      6.0338042608696796e-02
1                                     -5.1508973612701503e-01
2                                     -9.1711984823880677e-01
3                                      2.2997190643005583e+00
4                                      4.7237612745933166e-01
5                                     -2.5736346840833857e-01
6                                     -8.3865323891417543e-01
7                                     -1.3334028499039796e-01
8                                     -1.2547487084273889e-01
9                                      7.5912449634946633e-01
10                                    -7.2727095194521141e-01
11                                    -1.9846931560496337e+00
12                                    -3.3451519851886502e-01
13                                     8.2338670095482858e-01
14                                    -4.0634481563323277e-01
15                                    -1.9366981629256763e-01
16                                    -5.6129619559455168e-01
17                                    -6.2633999695365361e-01
18                                     1.4803337386052817e-01
19                                     2.2889686383082242e-01
20                                     5.0789151617797579e-01
21                                     5.0818225339571543e-01
22                                     2.4070322989654114e-01
23                                     2.4382349447097940e-01
24                                     2.1052950943567827e-01
25                                     2.0757465644802409e-01
26                                     2.0797466096846984e-01
27                                     2.1443302089225025e-01
28                                     2.4080941694235447e-01
29                                     2.4737515051840853e-01
   &VA [&Type "ArrayOfDoubles", &Dim (30,1)] "Mayer's total valence"
                                                         0

0                                      2.0972245098785671e+00
1                                      2.9294722551059280e+00
2                                      3.0372838182402027e+00
3                                     -1.3659510837534796e+00
4                                     -5.6301192964922686e-01
5                                      6.1511915742941703e-01
6                                      3.7586234280288680e+00
7                                      1.9721157998724879e+00
8                                      2.0793158229535726e+00
9                                      8.3340902492559321e-01
10                                     5.4168822995656649e+00
11                                    -1.6238544601059601e+00
12                                     2.2864486797544146e+00
13                                     2.9544302287557116e+00
14                                     1.8049114937443873e+00
15                                     3.1184508804402236e+00
16                                     3.3550609739750432e+00
17                                     3.2957163918471575e+00
18                                     2.5326606720976272e+00
19                                     9.0946101688264691e-01
20                                     6.9076576506315113e-01
21                                     6.9372631017776099e-01
22                                     8.9436020633117941e-01
23                                     8.9050318865675959e-01
24                                     9.0472058801729394e-01
25                                     9.0452268928686319e-01
26                                     9.0393441624706661e-01
27                                     9.0268162074728642e-01
28                                     8.9127228351514265e-01
29                                     8.8690766614619254e-01
   &BVA [&Type "ArrayOfDoubles", &Dim (30,1)] "Mayer's bonded valence"
                                                         0

0                                      2.0972245098785827e+00
1                                      2.9294722551057575e+00
2                                      3.0372838182396893e+00
3                                     -1.3659510837513471e+00
4                                     -5.6301192964730795e-01
5                                      6.1511915742648604e-01
6                                      3.7586234280288533e+00
7                                      1.9721157998724888e+00
8                                      2.0793158229535749e+00
9                                      8.3340902492711511e-01
10                                     5.4168822995654065e+00
11                                    -1.6238544601113993e+00
12                                     2.2864486797543426e+00
13                                     2.9544302287561539e+00
14                                     1.8049114937445268e+00
15                                     3.1184508804402644e+00
16                                     3.3550609739750996e+00
17                                     3.2957163918471970e+00
18                                     2.5326606720980784e+00
19                                     9.0946101688248826e-01
20                                     6.9076576506314213e-01
21                                     6.9372631017776520e-01
22                                     8.9436020633121394e-01
23                                     8.9050318865680378e-01
24                                     9.0472058801734190e-01
25                                     9.0452268928684842e-01
26                                     9.0393441624704596e-01
27                                     9.0268162074730562e-01
28                                     8.9127228351516163e-01
29                                     8.8690766614621519e-01
   &FA [&Type "ArrayOfDoubles", &Dim (30,1)] "Mayer's free valence"
                                                         0

0                                      0.0000000000000000e+00
1                                      0.0000000000000000e+00
2                                      0.0000000000000000e+00
3                                     -2.1325163857000007e-12
4                                     -1.9189094757621206e-12
5                                      2.9309887850104133e-12
6                                      0.0000000000000000e+00
7                                      0.0000000000000000e+00
8                                      0.0000000000000000e+00
9                                     -1.5218937221561646e-12
10                                     0.0000000000000000e+00
11                                     5.4392046422435669e-12
12                                     0.0000000000000000e+00
13                                     0.0000000000000000e+00
14                                     0.0000000000000000e+00
15                                     0.0000000000000000e+00
16                                     0.0000000000000000e+00
17                                     0.0000000000000000e+00
18                                     0.0000000000000000e+00
19                                     0.0000000000000000e+00
20                                     0.0000000000000000e+00
21                                     0.0000000000000000e+00
22                                     0.0000000000000000e+00
23                                     0.0000000000000000e+00
24                                     0.0000000000000000e+00
25                                     0.0000000000000000e+00
26                                     0.0000000000000000e+00
27                                     0.0000000000000000e+00
28                                     0.0000000000000000e+00
29                                     0.0000000000000000e+00
   &Method [&Type "String"] "SCF"
   &Level [&Type "String"] "Relaxed density"
   &Mult [&Type "Integer"] 1
   &State [&Type "Integer"] -1
   &Irrep [&Type "Integer"] 0
$End
$SCF_Energy
   &GeometryIndex 1
   &Method [&Type "String"] "SCF"
   &totalEnergy [&Type "ArrayOfDoubles", &Dim (1,1)] "Total energy of each state"
                                                         0

0                                     -9.2829383042695110e+02
   &Mult [&Type "ArrayOfIntegers", &Dim (1,1)] "Multiplicity of each state"
                                                         0

0                                                        1
$End
$DFT_Energy
   &GeometryIndex 1
   &nAlphaEl [&Type "Integer"] 68
   &nBetaEl [&Type "Integer"] 68
   &nTotalEl [&Type "Integer"] 136
   &finalEn [&Type "Double"]      -9.2829383042695110e+02  "No Van der Waals correction"
   &eExchange [&Type "Double"]      -9.4419881682160167e+01
   &eCorr [&Type "Double"]      -5.5548054631455912e+00
   &eXC [&Type "Double"]      -9.9974687145305751e+01
   &eCNL [&Type "Double"]       0.0000000000000000e+00
$End
$Solvation_Details
   &GeometryIndex 1
   &Solvent [&Type "String"] "TOLUENE"
   &Epsilon [&Type "Double"]       2.3870000000000000e+00
   &Refrac [&Type "Double"]       1.4961000000000000e+00
   &RSolv [&Type "Double"]       1.3000000000000000e+00
   &SurfaceType [&Type "String"] "GAUSSIAN VDW"
   &CPCMDielEnergy [&Type "Double"]      -2.6376622999999998e-02
   &NPoints [&Type "Integer"] 2577
   &SurfaceArea [&Type "Double"]       9.9735887576699997e+02
$End
$SCF_Timings
   &GeometryIndex 1
   &TOTAL [&Type "Double"]       8.5201288000000005e+01
   &PREP [&Type "Double"]       8.3204900000000004e-01
   &FOCK [&Type "Double"]       8.0953673999999992e+01
   &DENS [&Type "Double"]       1.3071400000001177e-01
   &ETOT [&Type "Double"]       7.8573999999989930e-02
   &POP [&Type "Double"]       3.3252999999987765e-02
   &TRAFO [&Type "Double"]       8.0023999999999873e-02
   &DIIS [&Type "Double"]       3.8998499999999758e-01
   &SOSCF [&Type "Double"]       4.2940700000001186e-01
   &XC [&Type "Double"]       1.0447030000000023e+01
   &FOCKSTART [&Type "Double"]       1.4494000000024210e-02
   &SOLV [&Type "Double"]       8.3677029999999881e+00
   &SOLV_INIT [&Type "Double"]       2.0399400000000001e-01
   &INT_PREP [&Type "Double"]       1.0000000001397780e-05
   &INT_BF [&Type "Double"]       1.8815499999999519e+00
   &INT_DENS [&Type "Double"]       2.9885480000000477e+00
   &INT_DENSIO [&Type "Double"]       2.6576633197500033e+05
   &INT_FUNC [&Type "Double"]       1.4614999999993117e-01
   &INT_POT [&Type "Double"]       3.8053730000002277e+00
   &INT_POTIO [&Type "Double"]       4.7700999999911176e-02
   &INT_SUM [&Type "Double"]       9.7899999999384590e-04
   &SPLITRIJ [&Type "Double"]       6.4188560000000017e+00
   &COSX [&Type "Double"]       5.8497913999999987e+01
   &FROZCORE [&Type "Double"]       6.9139999999947577e-03
$End
$CIS_Absorption_Spectrum
   &GeometryIndex 1
   &Method [&Type "Integer"] 20
   &RelCorrection [&Type "Integer"] 1 "Type of relativistic treatment in QDPT. 0->Unknow, 1->None, 2->SOC, 3->SSC, 4->SOC/SSC"
   &DensType [&Type "Integer"] 3 "Type of density (electron/spin ...). 0->Unknow, 1->Electronic, 2->Spin, 3->Trans/Electronic, 4->Tran/Spin"
   &DeriType [&Type "Integer"] 0 "Type of derivative (w.r.t. to what perturbation). 0->Unknown, 1->No Derivative, 2->Electric/Dipole, 3->Electric/Quad, 4->Magnetic/Dipole, 5->Magnetic/Quad"
   &DensLevel [&Type "Integer"] 0 "// Source of density: relaxed, unrelaxed, ... 0->Unknown, 1->Linearized, 2->Unrelaxed, 3->Relaxed"
   &Density_name [&Type "String"] "Tdens-CIS"
   &Representation [&Type "String"] "Length" "Possible values: Unknown,  Length, Velocity"
   &PointGroup [&Type "String"] "C1"
   &DoHigherMoments [&Type "Boolean"] false
   &NTrans [&Type "Integer"] 8
   &ExcitationEnergies [&Type "ArrayOfDoubles", &Dim (8,11)] 
                                                         0                           1                           2                           3                           4                           5                           6                           7

0                                      2.9827075613473897e-01         2.4057161403982200e+03         4.1567663915430567e+03         6.0762587929661212e-05         8.3150998339071736e-03        -5.3448264409686322e-02         0.0000000000000000e+00        -2.3283012024600751e-02
1                                      1.1974697328664095e+00         9.6582457540481228e+03         1.0353847121573433e+03         5.1753973431666163e-02         1.7640912018937753e+00        -1.2764024760537411e+00         0.0000000000000000e+00         3.0307327452010263e-01
2                                      1.9066096518817555e+00         1.5377845526696472e+04         6.5028615241580189e+02         6.9081637383854456e-04         1.4789133047474097e-02         2.1048812566406446e-02         0.0000000000000000e+00         7.0186089007738178e-02
3                                      2.1597535678394011e+00         1.7419589116831794e+04         5.7406635328369680e+02         2.5231589932039893e-03         4.7685056132527145e-02        -1.1278081273884320e-01         0.0000000000000000e+00         1.4966667849641155e-01
4                                      2.8395394452251446e+00         2.2902432552220060e+04         4.3663484117675716e+02         3.2605465447644938e-01         4.6868858754010230e+00        -9.4214534064422861e-01         0.0000000000000000e+00         1.9249437621864658e+00
5                                      2.8484322146917367e+00         2.2974157582577904e+04         4.3527167270687409e+02         1.9697762928715290e-01         2.8226231420092933e+00        -7.7663110364220023e-01         0.0000000000000000e+00         1.4851381918280593e+00
6                                      3.1895115709073734e+00         2.5725148403930583e+04         3.8872467684081795e+02         7.7380076909555423e-02         9.9025457040827403e-01         5.0844835623723739e-01         0.0000000000000000e+00        -8.4377413222116160e-01
7                                      3.6589378375251651e+00         2.9511326978605048e+04         3.3885294304962099e+02         8.7029223189360441e-04         9.7084960077307002e-03        -3.0277177805696082e-03         0.0000000000000000e+00         9.6862445055138982e-02
                                                         8                           9                          10

0                                      0.0000000000000000e+00         7.0116219354452711e-02         0.0000000000000000e+00
1                                      0.0000000000000000e+00         2.0744761095109435e-01         0.0000000000000000e+00
2                                      0.0000000000000000e+00         9.7056650708832112e-02         0.0000000000000000e+00
3                                      0.0000000000000000e+00        -1.1209562773964429e-01         0.0000000000000000e+00
4                                      0.0000000000000000e+00         3.0633240919434013e-01         0.0000000000000000e+00
5                                      0.0000000000000000e+00         1.1760876684360691e-01         0.0000000000000000e+00
6                                      0.0000000000000000e+00        -1.4064157721794476e-01         0.0000000000000000e+00
7                                      0.0000000000000000e+00         1.7804372235833116e-02         0.0000000000000000e+00
   &States [&Type "ArrayOfIntegers", &Dim (8,4)] "The initial and Final states. Col1: Initial State  Col2: Initial Irrep Col3: Final State Col4: Final Irrep"
                                                         0                           1                           2                           3

0                                                        0                           0                           1                           0
1                                                        0                           0                           2                           0
2                                                        0                           0                           3                           0
3                                                        0                           0                           4                           0
4                                                        0                           0                           5                           0
5                                                        0                           0                           6                           0
6                                                        0                           0                           7                           0
7                                                        0                           0                           8                           0
   &Multiplicities [&Type "ArrayOfDoubles", &Dim (8,2)] "Col1: Multiplicity of the initial state  Col2: Multiplicity of the final state"
                                                         0                           1

0                                      1.0000000000000000e+00         1.0000000000000000e+00
1                                      1.0000000000000000e+00         1.0000000000000000e+00
2                                      1.0000000000000000e+00         1.0000000000000000e+00
3                                      1.0000000000000000e+00         1.0000000000000000e+00
4                                      1.0000000000000000e+00         1.0000000000000000e+00
5                                      1.0000000000000000e+00         1.0000000000000000e+00
6                                      1.0000000000000000e+00         1.0000000000000000e+00
7                                      1.0000000000000000e+00         1.0000000000000000e+00
   &Temperature [&Type "Double"]       2.9814999999999998e+02
$End
$CIS_Absorption_Spectrum
   &GeometryIndex 1
   &Method [&Type "Integer"] 20
   &RelCorrection [&Type "Integer"] 1 "Type of relativistic treatment in QDPT. 0->Unknow, 1->None, 2->SOC, 3->SSC, 4->SOC/SSC"
   &DensType [&Type "Integer"] 3 "Type of density (electron/spin ...). 0->Unknow, 1->Electronic, 2->Spin, 3->Trans/Electronic, 4->Tran/Spin"
   &DeriType [&Type "Integer"] 0 "Type of derivative (w.r.t. to what perturbation). 0->Unknown, 1->No Derivative, 2->Electric/Dipole, 3->Electric/Quad, 4->Magnetic/Dipole, 5->Magnetic/Quad"
   &DensLevel [&Type "Integer"] 0 "// Source of density: relaxed, unrelaxed, ... 0->Unknown, 1->Linearized, 2->Unrelaxed, 3->Relaxed"
   &Density_name [&Type "String"] "Tdens-CIS"
   &Representation [&Type "String"] "Velocity" "Possible values: Unknown,  Length, Velocity"
   &PointGroup [&Type "String"] "C1"
   &DoHigherMoments [&Type "Boolean"] false
   &NTrans [&Type "Integer"] 8
   &ExcitationEnergies [&Type "ArrayOfDoubles", &Dim (8,11)] 
                                                         0                           1                           2                           3                           4                           5                           6                           7

0                                      2.9827075613473897e-01         2.4057161403982200e+03         4.1567663915430567e+03         1.4048781033961072e-02         2.3098828605150681e-04        -4.5778525341437556e-03         0.0000000000000000e+00        -3.3566975316800893e-03
1                                      1.1974697328664095e+00         9.6582457540481228e+03         1.0353847121573433e+03         1.3312799330147307e-01         8.7876867687526009e-03        -8.8762262697678868e-02         0.0000000000000000e+00        -2.8799247220286248e-02
2                                      1.9066096518817555e+00         1.5377845526696472e+04         6.5028615241580189e+02         1.2476973982082904e-03         1.3113290862961128e-04         2.2145991687471259e-03         0.0000000000000000e+00         4.7791558154274966e-03
3                                      2.1597535678394011e+00         1.7419589116831794e+04         5.7406635328369680e+02         2.8153992995654264e-03         3.3518520132252706e-04        -3.6210326739018169e-03         0.0000000000000000e+00         7.8197485589423209e-03
4                                      2.8395394452251446e+00         2.2902432552220060e+04         4.3663484117675716e+02         1.2918979779302541e-02         2.0221658048114304e-03        -1.6814910818813755e-02         0.0000000000000000e+00         4.1614363766297569e-02
5                                      2.8484322146917367e+00         2.2974157582577904e+04         4.3527167270687409e+02         8.7345088267409988e-03         1.3714659021120397e-03        -1.4061294992579213e-02         0.0000000000000000e+00         3.1846233841788987e-02
6                                      3.1895115709073734e+00         2.5725148403930583e+04         3.8872467684081795e+02         4.1676661226921425e-03         7.3275322646800412e-04        -2.5053436029888524e-02         0.0000000000000000e+00         4.6403084335698596e-04
7                                      3.6589378375251651e+00         2.9511326978605048e+04         3.3885294304962099e+02         1.3893039404169164e-04         2.8021600449469962e-05        -3.4661853369135922e-03         0.0000000000000000e+00         3.5205097002389092e-03
                                                         8                           9                          10

0                                      0.0000000000000000e+00         1.4098373449017203e-02         0.0000000000000000e+00
1                                      0.0000000000000000e+00         8.9191282693815953e-03         0.0000000000000000e+00
2                                      0.0000000000000000e+00         1.0167995320772987e-02         0.0000000000000000e+00
3                                      0.0000000000000000e+00        -1.6153168610894334e-02         0.0000000000000000e+00
4                                      0.0000000000000000e+00        -2.7693514210064825e-03         0.0000000000000000e+00
5                                      0.0000000000000000e+00        -1.2631835786527639e-02         0.0000000000000000e+00
6                                      0.0000000000000000e+00         1.0240275628160652e-02         0.0000000000000000e+00
7                                      0.0000000000000000e+00        -1.9008343194920792e-03         0.0000000000000000e+00
   &States [&Type "ArrayOfIntegers", &Dim (8,4)] "The initial and Final states. Col1: Initial State  Col2: Initial Irrep Col3: Final State Col4: Final Irrep"
                                                         0                           1                           2                           3

0                                                        0                           0                           1                           0
1                                                        0                           0                           2                           0
2                                                        0                           0                           3                           0
3                                                        0                           0                           4                           0
4                                                        0                           0                           5                           0
5                                                        0                           0                           6                           0
6                                                        0                           0                           7                           0
7                                                        0                           0                           8                           0
   &Multiplicities [&Type "ArrayOfDoubles", &Dim (8,2)] "Col1: Multiplicity of the initial state  Col2: Multiplicity of the final state"
                                                         0                           1

0                                      1.0000000000000000e+00         1.0000000000000000e+00
1                                      1.0000000000000000e+00         1.0000000000000000e+00
2                                      1.0000000000000000e+00         1.0000000000000000e+00
3                                      1.0000000000000000e+00         1.0000000000000000e+00
4                                      1.0000000000000000e+00         1.0000000000000000e+00
5                                      1.0000000000000000e+00         1.0000000000000000e+00
6                                      1.0000000000000000e+00         1.0000000000000000e+00
7                                      1.0000000000000000e+00         1.0000000000000000e+00
   &Temperature [&Type "Double"]       2.9814999999999998e+02
$End
$CIS_ECD_Spectrum
   &GeometryIndex 1
   &Method [&Type "Integer"] 20
   &RelCorrection [&Type "Integer"] 1 "Type of relativistic treatment in QDPT. 0->Unknow, 1->None, 2->SOC, 3->SSC, 4->SOC/SSC"
   &DensType [&Type "Integer"] 3 "Type of density (electron/spin ...). 0->Unknow, 1->Electronic, 2->Spin, 3->Trans/Electronic, 4->Tran/Spin"
   &DeriType [&Type "Integer"] 0 "Type of derivative (w.r.t. to what perturbation). 0->Unknown, 1->No Derivative, 2->Electric/Dipole, 3->Electric/Quad, 4->Magnetic/Dipole, 5->Magnetic/Quad"
   &DensLevel [&Type "Integer"] 0 "// Source of density: relaxed, unrelaxed, ... 0->Unknown, 1->Linearized, 2->Unrelaxed, 3->Relaxed"
   &Density_name [&Type "String"] "Tdens-CIS"
   &Representation [&Type "String"] "Length" "Possible values: Unknown,  Length, Velocity"
   &PointGroup [&Type "String"] "C1"
   &DoHigherMoments [&Type "Boolean"] false
   &NTrans [&Type "Integer"] 8
   &ExcitationEnergies [&Type "ArrayOfDoubles", &Dim (8,10)] 
                                                         0                           1                           2                           3                           4                           5                           6                           7

0                                      2.9827075613473897e-01         2.4057161403982200e+03         4.1567663915430567e+03        -6.7187565669900415e+00        -2.3747116146532471e-01         0.0000000000000000e+00         6.3727510611073901e-02         0.0000000000000000e+00
1                                      1.1974697328664095e+00         9.6582457540481228e+03         1.0353847121573433e+03         4.8057986259313346e-01        -8.7873856308104487e-02         0.0000000000000000e+00         7.9151493415382714e-03         0.0000000000000000e+00
2                                      1.9066096518817555e+00         1.5377845526696472e+04         6.5028615241580189e+02        -4.6588787857418218e-01        -3.2022480184415669e-01         0.0000000000000000e+00         4.3615269461962942e-03         0.0000000000000000e+00
3                                      2.1597535678394011e+00         1.7419589116831794e+04         5.7406635328369680e+02         2.5210152615608433e+01         3.0457748423346931e-01         0.0000000000000000e+00        -1.3472392058692118e-01         0.0000000000000000e+00
4                                      2.8395394452251446e+00         2.2902432552220060e+04         4.3663484117675716e+02         1.2306206934752228e+02         1.0684795794417495e-01         0.0000000000000000e+00        -9.2060187125566684e-02         0.0000000000000000e+00
5                                      2.8484322146917367e+00         2.2974157582577904e+04         4.3527167270687409e+02        -1.6560795234458678e+02        -2.1177884102517647e-01         0.0000000000000000e+00         1.1553683889165181e-01         0.0000000000000000e+00
6                                      3.1895115709073734e+00         2.5725148403930583e+04         3.8872467684081795e+02        -7.0716669907124197e-01        -3.2791235975972707e-02         0.0000000000000000e+00         2.3527654186390270e-02         0.0000000000000000e+00
7                                      3.6589378375251651e+00         2.9511326978605048e+04         3.3885294304962099e+02        -1.5390192494319022e-01         1.1210612805774567e-01         0.0000000000000000e+00         1.3144657029775962e-03         0.0000000000000000e+00
                                                         8                           9

0                                      4.3393509853222455e-02         0.0000000000000000e+00
1                                     -5.5715581232636469e-01         0.0000000000000000e+00
2                                      7.6475275990917135e-02         0.0000000000000000e+00
3                                     -9.2831053158367403e-03         0.0000000000000000e+00
4                                      5.5000493843607515e-02         0.0000000000000000e+00
5                                      1.2933536953250660e-01         0.0000000000000000e+00
6                                     -2.7036568598625715e-01         0.0000000000000000e+00
7                                      3.0248004346356976e-02         0.0000000000000000e+00
   &States [&Type "ArrayOfIntegers", &Dim (8,4)] "The initial and Final states. Col1: Initial State  Col2: Initial Irrep Col3: Final State Col4: Final Irrep"
                                                         0                           1                           2                           3

0                                                        0                           0                           1                           0
1                                                        0                           0                           2                           0
2                                                        0                           0                           3                           0
3                                                        0                           0                           4                           0
4                                                        0                           0                           5                           0
5                                                        0                           0                           6                           0
6                                                        0                           0                           7                           0
7                                                        0                           0                           8                           0
   &Multiplicities [&Type "ArrayOfDoubles", &Dim (8,2)] "Col1: Multiplicity of the initial state  Col2: Multiplicity of the final state"
                                                         0                           1

0                                      1.0000000000000000e+00         1.0000000000000000e+00
1                                      1.0000000000000000e+00         1.0000000000000000e+00
2                                      1.0000000000000000e+00         1.0000000000000000e+00
3                                      1.0000000000000000e+00         1.0000000000000000e+00
4                                      1.0000000000000000e+00         1.0000000000000000e+00
5                                      1.0000000000000000e+00         1.0000000000000000e+00
6                                      1.0000000000000000e+00         1.0000000000000000e+00
7                                      1.0000000000000000e+00         1.0000000000000000e+00
   &Temperature [&Type "Double"]       2.9814999999999998e+02
$End
$CIS_ECD_Spectrum
   &GeometryIndex 1
   &Method [&Type "Integer"] 20
   &RelCorrection [&Type "Integer"] 1 "Type of relativistic treatment in QDPT. 0->Unknow, 1->None, 2->SOC, 3->SSC, 4->SOC/SSC"
   &DensType [&Type "Integer"] 3 "Type of density (electron/spin ...). 0->Unknow, 1->Electronic, 2->Spin, 3->Trans/Electronic, 4->Tran/Spin"
   &DeriType [&Type "Integer"] 0 "Type of derivative (w.r.t. to what perturbation). 0->Unknown, 1->No Derivative, 2->Electric/Dipole, 3->Electric/Quad, 4->Magnetic/Dipole, 5->Magnetic/Quad"
   &DensLevel [&Type "Integer"] 0 "// Source of density: relaxed, unrelaxed, ... 0->Unknown, 1->Linearized, 2->Unrelaxed, 3->Relaxed"
   &Density_name [&Type "String"] "Tdens-CIS"
   &Representation [&Type "String"] "Velocity" "Possible values: Unknown,  Length, Velocity"
   &PointGroup [&Type "String"] "C1"
   &DoHigherMoments [&Type "Boolean"] false
   &NTrans [&Type "Integer"] 8
   &ExcitationEnergies [&Type "ArrayOfDoubles", &Dim (8,10)] 
                                                         0                           1                           2                           3                           4                           5                           6                           7

0                                      2.9827075613473897e-01         2.4057161403982200e+03         4.1567663915430567e+03         6.3869625984425660e+01        -2.3747116146532471e-01         0.0000000000000000e+00         6.3727510611073901e-02         0.0000000000000000e+00
1                                      1.1974697328664095e+00         9.6582457540481228e+03         1.0353847121573433e+03         2.7882240174983998e+01        -8.7873856308104487e-02         0.0000000000000000e+00         7.9151493415382714e-03         0.0000000000000000e+00
2                                      1.9066096518817555e+00         1.5377845526696472e+04         6.5028615241580189e+02         6.0069677838676883e-01        -3.2022480184415669e-01         0.0000000000000000e+00         4.3615269461962942e-03         0.0000000000000000e+00
3                                      2.1597535678394011e+00         1.7419589116831794e+04         5.7406635328369680e+02        -1.1918152326540554e+01         3.0457748423346931e-01         0.0000000000000000e+00        -1.3472392058692118e-01         0.0000000000000000e+00
4                                      2.8395394452251446e+00         2.2902432552220060e+04         4.3663484117675716e+02        -2.6113512844298295e+01         1.0684795794417495e-01         0.0000000000000000e+00        -9.2060187125566684e-02         0.0000000000000000e+00
5                                      2.8484322146917367e+00         2.2974157582577904e+04         4.3527167270687409e+02         2.2625181461854655e+01        -2.1177884102517647e-01         0.0000000000000000e+00         1.1553683889165181e-01         0.0000000000000000e+00
6                                      3.1895115709073734e+00         2.5725148403930583e+04         3.8872467684081795e+02        -7.7876383319997000e+00        -3.2791235975972707e-02         0.0000000000000000e+00         2.3527654186390270e-02         0.0000000000000000e+00
7                                      3.6589378375251651e+00         2.9511326978605048e+04         3.3885294304962099e+02        -1.5477926760320990e+00         1.1210612805774567e-01         0.0000000000000000e+00         1.3144657029775962e-03         0.0000000000000000e+00
                                                         8                           9

0                                      4.3393509853222455e-02         0.0000000000000000e+00
1                                     -5.5715581232636469e-01         0.0000000000000000e+00
2                                      7.6475275990917135e-02         0.0000000000000000e+00
3                                     -9.2831053158367403e-03         0.0000000000000000e+00
4                                      5.5000493843607515e-02         0.0000000000000000e+00
5                                      1.2933536953250660e-01         0.0000000000000000e+00
6                                     -2.7036568598625715e-01         0.0000000000000000e+00
7                                      3.0248004346356976e-02         0.0000000000000000e+00
   &States [&Type "ArrayOfIntegers", &Dim (8,4)] "The initial and Final states. Col1: Initial State  Col2: Initial Irrep Col3: Final State Col4: Final Irrep"
                                                         0                           1                           2                           3

0                                                        0                           0                           1                           0
1                                                        0                           0                           2                           0
2                                                        0                           0                           3                           0
3                                                        0                           0                           4                           0
4                                                        0                           0                           5                           0
5                                                        0                           0                           6                           0
6                                                        0                           0                           7                           0
7                                                        0                           0                           8                           0
   &Multiplicities [&Type "ArrayOfDoubles", &Dim (8,2)] "Col1: Multiplicity of the initial state  Col2: Multiplicity of the final state"
                                                         0                           1

0                                      1.0000000000000000e+00         1.0000000000000000e+00
1                                      1.0000000000000000e+00         1.0000000000000000e+00
2                                      1.0000000000000000e+00         1.0000000000000000e+00
3                                      1.0000000000000000e+00         1.0000000000000000e+00
4                                      1.0000000000000000e+00         1.0000000000000000e+00
5                                      1.0000000000000000e+00         1.0000000000000000e+00
6                                      1.0000000000000000e+00         1.0000000000000000e+00
7                                      1.0000000000000000e+00         1.0000000000000000e+00
   &Temperature [&Type "Double"]       2.9814999999999998e+02
$End
$CIS_Energies
   &GeometryIndex 1
   &e0 [&Type "Double"]      -9.2829383042695110e+02  "Ground state energy"
   &multP1 [&Type "Boolean"] false "Do the higher multiplicity too?"
   &mode [&Type "String"] "TDA" "CIS mode: CIS, RPA, TDA, TD-DFT, sTDA, sTD-DFT"
   &dCorr [&Type "Integer"] 0 "(D) Correction algorithm"
   &Method [&Type "String"] "TDA/CIS"
   &totalEnergy [&Type "ArrayOfDoubles", &Dim (8,1)] "Total energy of each state"
                                                         0

0                                     -9.2828286917769196e+02
1                                     -9.2824982422133985e+02
2                                     -9.2822376380726280e+02
3                                     -9.2821446093896543e+02
4                                     -9.2818947926613419e+02
5                                     -9.2818915246284985e+02
6                                     -9.2817661802638986e+02
7                                     -9.2815936692747596e+02
   &Mult [&Type "ArrayOfIntegers", &Dim (8,1)] "Multiplicity of each state"
                                                         0

0                                                        1
1                                                        1
2                                                        1
3                                                        1
4                                                        1
5                                                        1
6                                                        1
7                                                        1
   &RelCorr [&Type "String"] "None" "Relativistic correction (SOC and/or SSC)"
   &NBlocks [&Type "Integer"] 1 "Number of multiplicity blocks"
   &NRoots [&Type "ArrayOfIntegers", &Dim (1,1)] "Number of roots in each block"
                                                         0

0                                                        8
   &NTotalRoots [&Type "Integer"] 8 "Total number of roots"
   &Block [&Type "ArrayOfIntegers", &Dim (8,1)] "Block index of each state"
                                                         0

0                                                        0
1                                                        0
2                                                        0
3                                                        0
4                                                        0
5                                                        0
6                                                        0
7                                                        0
   &Root [&Type "ArrayOfIntegers", &Dim (8,1)] "Root index within the block"
                                                         0

0                                                        0
1                                                        1
2                                                        2
3                                                        3
4                                                        4
5                                                        5
6                                                        6
7                                                        7
$End
$Single_Point_Data
   &GeometryIndex 1
   &FinalEnergy [&Type "Double"]      -9.2828286917769196e+02  "Final single point energy"
   &Converged [&Type "Boolean"] true
$End
$Calculation_Info
   &GeometryIndex 1
   &Mult [&Type "Integer"] 1
   &Charge [&Type "Integer"] 0
   &NumOfAtoms [&Type "Integer"] 30
   &NumOfElectrons [&Type "Integer"] 136
   &NumOfBasisFuncts [&Type "Integer"] 364
   &NumOfAuxCBasisFuncts [&Type "Integer"] 0
   &NumOfAuxJBasisFuncts [&Type "Integer"] 1052
   &NumOfAuxJKBasisFuncts [&Type "Integer"] 0
   &NumOfCABSBasisFuncts [&Type "Integer"] 0
$End
$SCF_Dipole_Moment
   &GeometryIndex 1
   &dipoleMagnitude [&Type "Double", &Units "a.u."]       5.5550947754115203e+00
   &dipoleElecContrib [&Type "ArrayOfDoubles", &Dim (3,1)] "Electronic contribution"
                                                         0

0                                      2.0601906171234418e+01
1                                      7.3451157757301666e-01
2                                     -2.3432312135867095e+00
   &dipoleNucContrib [&Type "ArrayOfDoubles", &Dim (3,1)] "Nuclear contribution"
                                                         0

0                                     -2.4661836144674751e+01
1                                      2.5985749316946460e+00
2                                      4.1505997140046658e+00
   &dipoleTotal [&Type "ArrayOfDoubles", &Dim (3,1)] "Total"
                                                         0

0                                     -4.0599299734403331e+00
1                                      3.3330865092676625e+00
2                                      1.8073685004179563e+00
   &doAtomicDipole [&Type "Boolean"] false
   &Method [&Type "String"] "SCF"
   &Level [&Type "String"] "Relaxed density"
   &Mult [&Type "Integer"] 1
   &State [&Type "Integer"] -1
   &Irrep [&Type "Integer"] 0
$End
$Calculation_Timings
   &GeometryIndex 1
   &GTOINT [&Type "Double"]       3.4095409999999999e+00
   &SCF [&Type "Double"]       8.9709446999999997e+01
   &CIS [&Type "Double"]       3.2829105999999996e+01
   &PROPINT [&Type "Double"]       1.5877610000000004e+00
   &PROP [&Type "Double"]       1.5601369999999974e+00
   &SUM [&Type "Double"]       1.2909599200000000e+02
$End
