*************************************************
******************* ORCA 6.1.1 ******************
*************************************************
$Calculation_Status
   &GeometryIndex 1
   &version [&Type "String"] "6.1.1"
   &progName [&Type "String"] "ProgCIS"
   &Status [&Type "String"] "NORMAL TERMINATION"
$End
$Geometry
   &GeometryIndex 1
   &NAtoms [&Type "Integer"] 38
   &NCorelessECP [&Type "Integer"] 0
   &NGhostAtoms [&Type "Integer"] 0
   &CartesianCoordinates [&Type "Coordinates", &Dim(38,4), &Units "Bohr"] 
              C     10.351473650162   -3.970307632285    2.118081575346
              C      8.884296601573   -5.117142490966   -0.074855505761
              O      6.186160194727   -4.914377190838    0.319393155802
              C      5.090343020157   -2.742542197075   -0.405470749115
              O      6.225463676162   -0.976404857575   -1.375314984655
              C      2.348557309618   -2.713632340127    0.089160063471
              N      1.040780065508   -4.635262846892    1.284055334837
              C     -1.305244740778   -3.872622771177    1.375255123372
              N     -1.623477490470   -1.515772139610    0.281867412607
              C      0.728950535796   -0.763483844545   -0.547319182670
              C      1.033200672497    1.765058284787   -1.752067806968
              N      0.520483730788    3.797635457846    0.062617050747
              C      2.646531467976    5.358007222169    0.877086334161
              C     -1.839556883111    4.261513721253    1.009696464371
              O     -2.301371717182    6.059638126345    2.406179017932
              C     -3.994521405109    2.522365062905    0.242845964648
              C     -3.904722787588   -0.132991057206   -0.020716482686
              C     -6.119719952904   -1.482362690129   -0.561360875634
              C     -8.424163664431   -0.255015467541   -0.820159424387
              C     -8.537207042378    2.378823551664   -0.546024013885
              C     -6.335420714108    3.725994008976   -0.003922587977
              N    -10.778129868400    3.824008253407   -0.778789883148
              N    -12.782769513392    2.703026462687   -1.234732051716
              N    -14.750345489205    1.925786087872   -1.650272341999
              H     12.380667936433   -4.294369412812    1.851167719468
              H      9.783676213661   -4.832924162022    3.911401846812
              H     10.028195337588   -1.931163311313    2.222878881863
              H      9.217874429112   -7.149602991269   -0.227010232044
              H      9.371379634679   -4.202910459501   -1.861845249854
              H     -2.861637319741   -4.872856124667    2.243655435221
              H      2.974648238764    1.948513760508   -2.411266630793
              H     -0.228033069153    1.949145171087   -3.390784295878
              H      4.200423739032    4.147863621315    1.514765947186
              H      3.326116646721    6.544443573492   -0.682318003929
              H      2.010323418622    6.566880005295    2.417137683118
              H     -6.019448582895   -3.515044871720   -0.816090275639
              H    -10.112814118647   -1.339735386124   -1.251877153594
              H     -6.430962103393    5.751821854891    0.281000635002
$End
$SCF_Mulliken_Population_Analysis
   &GeometryIndex 1
   &NAtoms [&Type "Integer"] 38
   &ATNO [&Type "ArrayOfIntegers", &Dim (38,1)] 
                                                         0

0                                                        6
1                                                        6
2                                                        8
3                                                        6
4                                                        8
5                                                        6
6                                                        7
7                                                        6
8                                                        7
9                                                        6
10                                                       6
11                                                       7
12                                                       6
13                                                       6
14                                                       8
15                                                       6
16                                                       6
17                                                       6
18                                                       6
19                                                       6
20                                                       6
21                                                       7
22                                                       7
23                                                       7
24                                                       1
25                                                       1
26                                                       1
27                                                       1
28                                                       1
29                                                       1
30                                                       1
31                                                       1
32                                                       1
33                                                       1
34                                                       1
35                                                       1
36                                                       1
37                                                       1
   &AtomicCharges [&Type "ArrayOfDoubles", &Dim (38,1)] 
                                                         0

0                                     -4.7470485242580995e-01
1                                     -4.9303838153587520e-02
2                                     -4.5936496068588895e-01
3                                      5.3718052729075261e-01
4                                     -4.8854361955824643e-01
5                                      3.5474251685338132e-02
6                                     -4.4243801196920618e-01
7                                      1.5309022880603784e-01
8                                     -4.8460990726554165e-01
9                                      2.9789326806827177e-01
10                                    -2.6095908775154619e-01
11                                    -3.8344322992898050e-01
12                                    -3.3671865961031067e-01
13                                     4.7978717253430148e-01
14                                    -5.0922619352549248e-01
15                                     3.5996204009594912e-02
16                                     2.4166215375171518e-01
17                                    -1.8413528385478539e-01
18                                    -1.7136781629381392e-01
19                                     2.5900028515998130e-01
20                                    -2.2264148624032565e-01
21                                    -4.1860074326670826e-01
22                                     4.0120220387499117e-01
23                                    -2.0370656694187517e-01
24                                     1.6894369801725506e-01
25                                     1.6656747058286636e-01
26                                     1.6783244786550688e-01
27                                     1.7578748284948165e-01
28                                     1.7401008633787307e-01
29                                     2.1857845226412054e-01
30                                     2.2238552939694345e-01
31                                     2.1261749282710529e-01
32                                     1.8297950293838405e-01
33                                     1.8263308660076716e-01
34                                     1.9379422137618285e-01
35                                     2.0178459343753841e-01
36                                     1.9368966826491230e-01
37                                     1.8687422953201382e-01
   &Method [&Type "String"] "SCF"
   &Level [&Type "String"] "Relaxed density"
   &Mult [&Type "Integer"] 1
   &State [&Type "Integer"] -1
   &Irrep [&Type "Integer"] 0
$End
$SCF_Loewdin_Population_Analysis
   &GeometryIndex 1
   &NAtoms [&Type "Integer"] 38
   &ATNO [&Type "ArrayOfIntegers", &Dim (38,1)] 
                                                         0

0                                                        6
1                                                        6
2                                                        8
3                                                        6
4                                                        8
5                                                        6
6                                                        7
7                                                        6
8                                                        7
9                                                        6
10                                                       6
11                                                       7
12                                                       6
13                                                       6
14                                                       8
15                                                       6
16                                                       6
17                                                       6
18                                                       6
19                                                       6
20                                                       6
21                                                       7
22                                                       7
23                                                       7
24                                                       1
25                                                       1
26                                                       1
27                                                       1
28                                                       1
29                                                       1
30                                                       1
31                                                       1
32                                                       1
33                                                       1
34                                                       1
35                                                       1
36                                                       1
37                                                       1
   &AtomicCharges [&Type "ArrayOfDoubles", &Dim (38,1)] 
                                                         0

0                                     -3.8438581059052623e-01
1                                     -9.6392654888203921e-02
2                                     -1.4866170918447708e-01
3                                      1.5175671634836885e-01
4                                     -2.8482952919801896e-01
5                                     -8.6166422467593762e-02
6                                     -1.7948463306291540e-01
7                                     -5.3294609047119579e-02
8                                      4.3360908715029289e-02
9                                      2.2091402086699574e-02
10                                    -1.6366115262595127e-01
11                                    -7.0155540669863292e-02
12                                    -2.8223299444940686e-01
13                                     1.2010913165991877e-01
14                                    -3.1756505182696948e-01
15                                    -5.0206003930141740e-02
16                                     2.3055911041891974e-02
17                                    -1.2105950491670914e-01
18                                    -1.3278596723755598e-01
19                                     1.6194002960543408e-02
20                                    -1.0744803050189233e-01
21                                    -1.7477818570052595e-01
22                                     2.2645537153343120e-01
23                                    -7.0695100768044306e-02
24                                     1.4392400562531804e-01
25                                     1.3687096246518149e-01
26                                     1.3675424110251766e-01
27                                     1.3950307865611999e-01
28                                     1.3614772376928963e-01
29                                     1.6614768861462914e-01
30                                     1.7314806187795062e-01
31                                     1.6065956629040490e-01
32                                     1.4208770677119187e-01
33                                     1.3987942424154465e-01
34                                     1.5275480885725967e-01
35                                     1.6579318180690739e-01
36                                     1.6229022718428143e-01
37                                     1.6481877945726642e-01
   &Method [&Type "String"] "SCF"
   &Level [&Type "String"] "Relaxed density"
   &Mult [&Type "Integer"] 1
   &State [&Type "Integer"] -1
   &Irrep [&Type "Integer"] 0
$End
$SCF_Mayer_Population_Analysis
   &GeometryIndex 1
   &NAtoms [&Type "Integer"] 38 "Total number of atoms"
   &NBondOrdersPrint [&Type "Integer"] 41 "The number of bond orders larger than threshold"
   &bondThresh [&Type "Double"]       1.0000000000000001e-01  "The threshold for printing"
   &components [&Type "ArrayOfIntegers", &Dim (41,4)] "The indices and atomic numbers of the bonding atoms"
                                                         0                           1                           2                           3

0                                                        0                           6                           1                           6
1                                                        0                           6                          24                           1
2                                                        0                           6                          25                           1
3                                                        0                           6                          26                           1
4                                                        1                           6                           2                           8
5                                                        1                           6                          27                           1
6                                                        1                           6                          28                           1
7                                                        2                           8                           3                           6
8                                                        3                           6                           4                           8
9                                                        3                           6                           5                           6
10                                                       5                           6                           6                           7
11                                                       5                           6                           9                           6
12                                                       6                           7                           7                           6
13                                                       7                           6                           8                           7
14                                                       7                           6                          29                           1
15                                                       8                           7                           9                           6
16                                                       8                           7                          16                           6
17                                                       9                           6                          10                           6
18                                                      10                           6                          11                           7
19                                                      10                           6                          30                           1
20                                                      10                           6                          31                           1
21                                                      11                           7                          12                           6
22                                                      11                           7                          13                           6
23                                                      12                           6                          32                           1
24                                                      12                           6                          33                           1
25                                                      12                           6                          34                           1
26                                                      13                           6                          14                           8
27                                                      13                           6                          15                           6
28                                                      15                           6                          16                           6
29                                                      15                           6                          20                           6
30                                                      16                           6                          17                           6
31                                                      17                           6                          18                           6
32                                                      17                           6                          35                           1
33                                                      18                           6                          19                           6
34                                                      18                           6                          36                           1
35                                                      19                           6                          20                           6
36                                                      19                           6                          21                           7
37                                                      20                           6                          37                           1
38                                                      21                           7                          22                           7
39                                                      21                           7                          23                           7
40                                                      22                           7                          23                           7
   &BondOrders [&Type "ArrayOfDoubles", &Dim (41,1)] "The bond orders"
                                                         0

0                                      1.0173595741437553e+00
1                                      9.4317777258852209e-01
2                                      9.5025134253278198e-01
3                                      9.4782505406849160e-01
4                                      8.4046012404136117e-01
5                                      9.4243257890939303e-01
6                                      9.2684475929243249e-01
7                                      1.0996808384153178e+00
8                                      1.8208397730747063e+00
9                                      1.0178236604828286e+00
10                                     1.2447821738932463e+00
11                                     1.4905981489338709e+00
12                                     1.6274913812052412e+00
13                                     1.1365238426997331e+00
14                                     9.1354998071740678e-01
15                                     1.1311487243596803e+00
16                                     8.6965709375126388e-01
17                                     9.7551428995410583e-01
18                                     9.2696769385952948e-01
19                                     9.0104157447140287e-01
20                                     9.0961080163203978e-01
21                                     9.2997068360080681e-01
22                                     1.1562375480161158e+00
23                                     9.3789938462911526e-01
24                                     9.3989844288191615e-01
25                                     9.2738421769550672e-01
26                                     1.8179214611286576e+00
27                                     9.2847713334739979e-01
28                                     1.3774400182309257e+00
29                                     1.4099352079367622e+00
30                                     1.3941388123072915e+00
31                                     1.4542376488411763e+00
32                                     9.0821590633002369e-01
33                                     1.3709332213903156e+00
34                                     9.1017902451216304e-01
35                                     1.3867755270083477e+00
36                                     9.6402320633086869e-01
37                                     9.0533907703030736e-01
38                                     1.3972212773041124e+00
39                                     3.5837284883971310e-01
40                                     2.3803530603185061e+00
   &ATNO [&Type "ArrayOfIntegers", &Dim (38,1)] "Atomic number of the elements"
                                                         0

0                                                        6
1                                                        6
2                                                        8
3                                                        6
4                                                        8
5                                                        6
6                                                        7
7                                                        6
8                                                        7
9                                                        6
10                                                       6
11                                                       7
12                                                       6
13                                                       6
14                                                       8
15                                                       6
16                                                       6
17                                                       6
18                                                       6
19                                                       6
20                                                       6
21                                                       7
22                                                       7
23                                                       7
24                                                       1
25                                                       1
26                                                       1
27                                                       1
28                                                       1
29                                                       1
30                                                       1
31                                                       1
32                                                       1
33                                                       1
34                                                       1
35                                                       1
36                                                       1
37                                                       1
   &NA [&Type "ArrayOfDoubles", &Dim (38,1)] "Mulliken gross atomic population"
                                                         0

0                                      6.4747048524258117e+00
1                                      6.0493038381535902e+00
2                                      8.4593649606858907e+00
3                                      5.4628194727092474e+00
4                                      8.4885436195582482e+00
5                                      5.9645257483146636e+00
6                                      7.4424380119692088e+00
7                                      5.8469097711939613e+00
8                                      7.4846099072655399e+00
9                                      5.7021067319317265e+00
10                                     6.2609590877515515e+00
11                                     7.3834432299289814e+00
12                                     6.3367186596103107e+00
13                                     5.5202128274656959e+00
14                                     8.5092261935254889e+00
15                                     5.9640037959904042e+00
16                                     5.7583378462482857e+00
17                                     6.1841352838547836e+00
18                                     6.1713678162938157e+00
19                                     5.7409997148400196e+00
20                                     6.2226414862403248e+00
21                                     7.4186007432667083e+00
22                                     6.5987977961250071e+00
23                                     7.2037065669418761e+00
24                                     8.3105630198274483e-01
25                                     8.3343252941713386e-01
26                                     8.3216755213449267e-01
27                                     8.2421251715051813e-01
28                                     8.2598991366212704e-01
29                                     7.8142154773587968e-01
30                                     7.7761447060305677e-01
31                                     7.8738250717289471e-01
32                                     8.1702049706161595e-01
33                                     8.1736691339923317e-01
34                                     8.0620577862381693e-01
35                                     7.9821540656246159e-01
36                                     8.0631033173508782e-01
37                                     8.1312577046798595e-01
   &ZA [&Type "ArrayOfDoubles", &Dim (38,1)] "Total nuclear charge"
                                                         0

0                                      6.0000000000000000e+00
1                                      6.0000000000000000e+00
2                                      8.0000000000000000e+00
3                                      6.0000000000000000e+00
4                                      8.0000000000000000e+00
5                                      6.0000000000000000e+00
6                                      7.0000000000000000e+00
7                                      6.0000000000000000e+00
8                                      7.0000000000000000e+00
9                                      6.0000000000000000e+00
10                                     6.0000000000000000e+00
11                                     7.0000000000000000e+00
12                                     6.0000000000000000e+00
13                                     6.0000000000000000e+00
14                                     8.0000000000000000e+00
15                                     6.0000000000000000e+00
16                                     6.0000000000000000e+00
17                                     6.0000000000000000e+00
18                                     6.0000000000000000e+00
19                                     6.0000000000000000e+00
20                                     6.0000000000000000e+00
21                                     7.0000000000000000e+00
22                                     7.0000000000000000e+00
23                                     7.0000000000000000e+00
24                                     1.0000000000000000e+00
25                                     1.0000000000000000e+00
26                                     1.0000000000000000e+00
27                                     1.0000000000000000e+00
28                                     1.0000000000000000e+00
29                                     1.0000000000000000e+00
30                                     1.0000000000000000e+00
31                                     1.0000000000000000e+00
32                                     1.0000000000000000e+00
33                                     1.0000000000000000e+00
34                                     1.0000000000000000e+00
35                                     1.0000000000000000e+00
36                                     1.0000000000000000e+00
37                                     1.0000000000000000e+00
   &QA [&Type "ArrayOfDoubles", &Dim (38,1)] "Mulliken gross atomic charge"
                                                         0

0                                     -4.7470485242581173e-01
1                                     -4.9303838153590185e-02
2                                     -4.5936496068589072e-01
3                                      5.3718052729075261e-01
4                                     -4.8854361955824821e-01
5                                      3.5474251685336355e-02
6                                     -4.4243801196920884e-01
7                                      1.5309022880603873e-01
8                                     -4.8460990726553987e-01
9                                      2.9789326806827354e-01
10                                    -2.6095908775155152e-01
11                                    -3.8344322992898139e-01
12                                    -3.3671865961031067e-01
13                                     4.7978717253430414e-01
14                                    -5.0922619352548892e-01
15                                     3.5996204009595800e-02
16                                     2.4166215375171429e-01
17                                    -1.8413528385478362e-01
18                                    -1.7136781629381570e-01
19                                     2.5900028515998041e-01
20                                    -2.2264148624032476e-01
21                                    -4.1860074326670826e-01
22                                     4.0120220387499295e-01
23                                    -2.0370656694187605e-01
24                                     1.6894369801725517e-01
25                                     1.6656747058286614e-01
26                                     1.6783244786550733e-01
27                                     1.7578748284948187e-01
28                                     1.7401008633787296e-01
29                                     2.1857845226412032e-01
30                                     2.2238552939694323e-01
31                                     2.1261749282710529e-01
32                                     1.8297950293838405e-01
33                                     1.8263308660076683e-01
34                                     1.9379422137618307e-01
35                                     2.0178459343753841e-01
36                                     1.9368966826491218e-01
37                                     1.8687422953201405e-01
   &VA [&Type "ArrayOfDoubles", &Dim (38,1)] "Mayer's total valence"
                                                         0

0                                      3.8436617267188931e+00
1                                      3.7642913440443637e+00
2                                      2.0315178156915463e+00
3                                      4.0016028243485353e+00
4                                      2.0595151405332026e+00
5                                      3.8697024636212376e+00
6                                      3.0033959467839697e+00
7                                      3.8190964674598549e+00
8                                      3.2924866673588884e+00
9                                      3.7608266120324876e+00
10                                     3.7587149943917666e+00
11                                     3.0929260103825293e+00
12                                     3.7777335955252376e+00
13                                     3.9853068229104958e+00
14                                     2.0494271747046025e+00
15                                     3.8427450989502860e+00
16                                     3.8557238163219925e+00
17                                     3.9129750839687691e+00
18                                     3.8805868256284386e+00
19                                     3.8957955699871483e+00
20                                     3.9276263615578175e+00
21                                     2.7494198010555873e+00
22                                     3.8244712306432147e+00
23                                     2.8470722537655599e+00
24                                     9.3363184267796417e-01
25                                     9.3427275551955258e-01
26                                     9.3977663133235723e-01
27                                     9.2945949323952104e-01
28                                     9.3781692938298855e-01
29                                     9.2477818407312218e-01
30                                     9.4503629732076244e-01
31                                     9.1597154765799327e-01
32                                     9.2977909429108629e-01
33                                     9.2441473597477342e-01
34                                     9.4771672012606600e-01
35                                     9.2616825497923205e-01
36                                     9.2804800637140406e-01
37                                     9.4453760438716550e-01
   &BVA [&Type "ArrayOfDoubles", &Dim (38,1)] "Mayer's bonded valence"
                                                         0

0                                      3.8436617267189224e+00
1                                      3.7642913440444179e+00
2                                      2.0315178156915401e+00
3                                      4.0016028243485424e+00
4                                      2.0595151405332430e+00
5                                      3.8697024636212594e+00
6                                      3.0033959467840488e+00
7                                      3.8190964674598771e+00
8                                      3.2924866673589426e+00
9                                      3.7608266120324974e+00
10                                     3.7587149943917435e+00
11                                     3.0929260103824836e+00
12                                     3.7777335955252260e+00
13                                     3.9853068229104944e+00
14                                     2.0494271747046273e+00
15                                     3.8427450989503074e+00
16                                     3.8557238163220005e+00
17                                     3.9129750839687940e+00
18                                     3.8805868256284346e+00
19                                     3.8957955699871385e+00
20                                     3.9276263615577842e+00
21                                     2.7494198010556294e+00
22                                     3.8244712306431716e+00
23                                     2.8470722537655604e+00
24                                     9.3363184267797450e-01
25                                     9.3427275551955202e-01
26                                     9.3977663133236500e-01
27                                     9.2945949323952992e-01
28                                     9.3781692938299854e-01
29                                     9.2477818407312573e-01
30                                     9.4503629732076488e-01
31                                     9.1597154765799549e-01
32                                     9.2977909429108085e-01
33                                     9.2441473597477319e-01
34                                     9.4771672012606756e-01
35                                     9.2616825497923960e-01
36                                     9.2804800637139584e-01
37                                     9.4453760438717516e-01
   &FA [&Type "ArrayOfDoubles", &Dim (38,1)] "Mayer's free valence"
                                                         0

0                                      0.0000000000000000e+00
1                                      0.0000000000000000e+00
2                                      0.0000000000000000e+00
3                                      0.0000000000000000e+00
4                                      0.0000000000000000e+00
5                                      0.0000000000000000e+00
6                                      0.0000000000000000e+00
7                                      0.0000000000000000e+00
8                                      0.0000000000000000e+00
9                                      0.0000000000000000e+00
10                                     0.0000000000000000e+00
11                                     0.0000000000000000e+00
12                                     0.0000000000000000e+00
13                                     0.0000000000000000e+00
14                                     0.0000000000000000e+00
15                                     0.0000000000000000e+00
16                                     0.0000000000000000e+00
17                                     0.0000000000000000e+00
18                                     0.0000000000000000e+00
19                                     0.0000000000000000e+00
20                                     0.0000000000000000e+00
21                                     0.0000000000000000e+00
22                                     0.0000000000000000e+00
23                                     0.0000000000000000e+00
24                                     0.0000000000000000e+00
25                                     0.0000000000000000e+00
26                                     0.0000000000000000e+00
27                                     0.0000000000000000e+00
28                                     0.0000000000000000e+00
29                                     0.0000000000000000e+00
30                                     0.0000000000000000e+00
31                                     0.0000000000000000e+00
32                                     0.0000000000000000e+00
33                                     0.0000000000000000e+00
34                                     0.0000000000000000e+00
35                                     0.0000000000000000e+00
36                                     0.0000000000000000e+00
37                                     0.0000000000000000e+00
   &Method [&Type "String"] "SCF"
   &Level [&Type "String"] "Relaxed density"
   &Mult [&Type "Integer"] 1
   &State [&Type "Integer"] -1
   &Irrep [&Type "Integer"] 0
$End
$SCF_Energy
   &GeometryIndex 1
   &Method [&Type "String"] "SCF"
   &totalEnergy [&Type "ArrayOfDoubles", &Dim (1,1)] "Total energy of each state"
                                                         0

0                                     -1.1336398257912676e+03
   &Mult [&Type "ArrayOfIntegers", &Dim (1,1)] "Multiplicity of each state"
                                                         0

0                                                        1
$End
$DFT_Energy
   &GeometryIndex 1
   &nAlphaEl [&Type "Integer"] 85
   &nBetaEl [&Type "Integer"] 85
   &nTotalEl [&Type "Integer"] 170
   &finalEn [&Type "Double"]      -1.1336398257912676e+03  "No Van der Waals correction"
   &eExchange [&Type "Double"]       0.0000000000000000e+00
   &eCorr [&Type "Double"]       0.0000000000000000e+00
   &eXC [&Type "Double"]      -1.1209694028580118e+02
   &eCNL [&Type "Double"]       0.0000000000000000e+00
$End
$Solvation_Details
   &GeometryIndex 1
   &Solvent [&Type "String"] "WATER"
   &Epsilon [&Type "Double"]       8.0150999999999996e+01
   &Refrac [&Type "Double"]       1.3328000000000000e+00
   &RSolv [&Type "Double"]       1.3000000000000000e+00
   &SurfaceType [&Type "String"] "GAUSSIAN VDW"
   &CPCMDielEnergy [&Type "Double"]      -2.9206428000000000e-02
   &NPoints [&Type "Integer"] 3313
   &SurfaceArea [&Type "Double"]       1.2631847764419999e+03
$End
$SCF_Timings
   &GeometryIndex 1
   &TOTAL [&Type "Double"]       7.4567822000000007e+01
   &PREP [&Type "Double"]       1.0238600000000000e+00
   &FOCK [&Type "Double"]       7.0798537999999994e+01
   &DENS [&Type "Double"]       9.3996000000004187e-02
   &ETOT [&Type "Double"]       5.0124999999983544e-02
   &POP [&Type "Double"]       4.1570999999990477e-02
   &TRAFO [&Type "Double"]       7.5362000000001927e-02
   &DIIS [&Type "Double"]       3.6655800000000482e-01
   &SOSCF [&Type "Double"]       2.9604100000000599e-01
   &XC [&Type "Double"]       4.4104710000000091e+00
   &FOCKSTART [&Type "Double"]       1.1854000000007581e-02
   &SOLV [&Type "Double"]       6.9927229999999909e+00
   &SOLV_INIT [&Type "Double"]       3.7964799999999999e-01
   &INT_PREP [&Type "Double"]       5.0000000033634251e-06
   &INT_BF [&Type "Double"]       1.1151399999998324e+00
   &INT_DENS [&Type "Double"]       9.8830799999993868e-01
   &INT_DENSIO [&Type "Double"]       1.7996961367400031e+05
   &INT_FUNC [&Type "Double"]       3.9672600000044689e-01
   &INT_POT [&Type "Double"]       9.8673299999986241e-01
   &INT_POTIO [&Type "Double"]       3.5492000000046708e-02
   &INT_SUM [&Type "Double"]       1.0550000000080217e-03
   &SPLITRIJ [&Type "Double"]       4.3503069999999937e+00
   &COSX [&Type "Double"]       5.7663963000000024e+01
   &FROZCORE [&Type "Double"]       8.5539999999895144e-03
$End
$CIS_Absorption_Spectrum
   &GeometryIndex 1
   &Method [&Type "Integer"] 20
   &RelCorrection [&Type "Integer"] 1 "Type of relativistic treatment in QDPT. 0->Unknow, 1->None, 2->SOC, 3->SSC, 4->SOC/SSC"
   &DensType [&Type "Integer"] 3 "Type of density (electron/spin ...). 0->Unknow, 1->Electronic, 2->Spin, 3->Trans/Electronic, 4->Tran/Spin"
   &DeriType [&Type "Integer"] 0 "Type of derivative (w.r.t. to what perturbation). 0->Unknown, 1->No Derivative, 2->Electric/Dipole, 3->Electric/Quad, 4->Magnetic/Dipole, 5->Magnetic/Quad"
   &DensLevel [&Type "Integer"] 0 "// Source of density: relaxed, unrelaxed, ... 0->Unknown, 1->Linearized, 2->Unrelaxed, 3->Relaxed"
   &Density_name [&Type "String"] "Tdens-CIS"
   &Representation [&Type "String"] "Length" "Possible values: Unknown,  Length, Velocity"
   &PointGroup [&Type "String"] "C1"
   &DoHigherMoments [&Type "Boolean"] false
   &NTrans [&Type "Integer"] 8
   &ExcitationEnergies [&Type "ArrayOfDoubles", &Dim (8,11)] 
                                                         0                           1                           2                           3                           4                           5                           6                           7

0                                      4.0901472033545438e+00         3.2989265428588405e+04         3.0312890784570266e+02         4.8149148814970757e-04         4.8049796876989802e-03        -1.3837995045321305e-02         0.0000000000000000e+00         6.0100492535853037e-03
1                                      4.6994292042594052e+00         3.7903456691002393e+04         2.6382818014521143e+02         3.8059506897065082e-01         3.3056732717208575e+00         1.5709047921569472e+00         0.0000000000000000e+00        -9.0253180161426416e-01
2                                      5.0139637727066431e+00         4.0440349337913067e+04         2.4727778477979021e+02         3.9692461211050589e-01         3.2312362904862169e+00         1.6813245579375029e+00         0.0000000000000000e+00        -6.0992382004318968e-01
3                                      5.2205630699890948e+00         4.2106685221819855e+04         2.3749197894157575e+02         1.6479893233063539e-01         1.2884836955630179e+00         1.1066470190065354e+00         0.0000000000000000e+00        -5.3272652344430939e-02
4                                      5.4882484232950608e+00         4.4265713426064780e+04         2.2590847918225904e+02         7.2205825314591255e-03         5.3700750534788663e-02        -1.1155652606990955e-01         0.0000000000000000e+00        -1.9785381027668245e-01
5                                      5.5404133365553578e+00         4.4686451869950572e+04         2.2378147249422827e+02         4.0013195129034139e-02         2.9478334762441460e-01         2.8553915775851602e-01         0.0000000000000000e+00         4.6108384649608308e-01
6                                      5.6848701682470022e+00         4.5851574914847370e+04         2.1809501677033697e+02         4.2082303401889237e-01         3.0214877165181853e+00        -1.6567685557685443e+00         0.0000000000000000e+00         5.2453696827524920e-01
7                                      5.8124645119233520e+00         4.6880692807541658e+04         2.1330742787980529e+02         6.8207508544376613e-02         4.7897599941104374e-01         6.8542632954167493e-01         0.0000000000000000e+00        -9.3654215127794788e-02
                                                         8                           9                          10

0                                      0.0000000000000000e+00         6.7656255355984060e-02         0.0000000000000000e+00
1                                      0.0000000000000000e+00         1.5286514571381501e-01         0.0000000000000000e+00
2                                      0.0000000000000000e+00         1.7993597502000655e-01         0.0000000000000000e+00
3                                      0.0000000000000000e+00         2.4693743215469857e-01         0.0000000000000000e+00
4                                      0.0000000000000000e+00         4.5932143265917845e-02         0.0000000000000000e+00
5                                      0.0000000000000000e+00        -2.5542582315584202e-02         0.0000000000000000e+00
6                                      0.0000000000000000e+00         3.8296710660414145e-02         0.0000000000000000e+00
7                                      0.0000000000000000e+00        -1.9890554815481309e-02         0.0000000000000000e+00
   &States [&Type "ArrayOfIntegers", &Dim (8,4)] "The initial and Final states. Col1: Initial State  Col2: Initial Irrep Col3: Final State Col4: Final Irrep"
                                                         0                           1                           2                           3

0                                                        0                           0                           1                           0
1                                                        0                           0                           2                           0
2                                                        0                           0                           3                           0
3                                                        0                           0                           4                           0
4                                                        0                           0                           5                           0
5                                                        0                           0                           6                           0
6                                                        0                           0                           7                           0
7                                                        0                           0                           8                           0
   &Multiplicities [&Type "ArrayOfDoubles", &Dim (8,2)] "Col1: Multiplicity of the initial state  Col2: Multiplicity of the final state"
                                                         0                           1

0                                      1.0000000000000000e+00         1.0000000000000000e+00
1                                      1.0000000000000000e+00         1.0000000000000000e+00
2                                      1.0000000000000000e+00         1.0000000000000000e+00
3                                      1.0000000000000000e+00         1.0000000000000000e+00
4                                      1.0000000000000000e+00         1.0000000000000000e+00
5                                      1.0000000000000000e+00         1.0000000000000000e+00
6                                      1.0000000000000000e+00         1.0000000000000000e+00
7                                      1.0000000000000000e+00         1.0000000000000000e+00
   &Temperature [&Type "Double"]       2.9814999999999998e+02
$End
$CIS_Absorption_Spectrum
   &GeometryIndex 1
   &Method [&Type "Integer"] 20
   &RelCorrection [&Type "Integer"] 1 "Type of relativistic treatment in QDPT. 0->Unknow, 1->None, 2->SOC, 3->SSC, 4->SOC/SSC"
   &DensType [&Type "Integer"] 3 "Type of density (electron/spin ...). 0->Unknow, 1->Electronic, 2->Spin, 3->Trans/Electronic, 4->Tran/Spin"
   &DeriType [&Type "Integer"] 0 "Type of derivative (w.r.t. to what perturbation). 0->Unknown, 1->No Derivative, 2->Electric/Dipole, 3->Electric/Quad, 4->Magnetic/Dipole, 5->Magnetic/Quad"
   &DensLevel [&Type "Integer"] 0 "// Source of density: relaxed, unrelaxed, ... 0->Unknown, 1->Linearized, 2->Unrelaxed, 3->Relaxed"
   &Density_name [&Type "String"] "Tdens-CIS"
   &Representation [&Type "String"] "Velocity" "Possible values: Unknown,  Length, Velocity"
   &PointGroup [&Type "String"] "C1"
   &DoHigherMoments [&Type "Boolean"] false
   &NTrans [&Type "Integer"] 8
   &ExcitationEnergies [&Type "ArrayOfDoubles", &Dim (8,11)] 
                                                         0                           1                           2                           3                           4                           5                           6                           7

0                                      4.0901472033545438e+00         3.2989265428588405e+04         3.0312890784570266e+02         1.0009263667550533e-03         2.2567409305697075e-04        -2.2167687625478391e-03         0.0000000000000000e+00        -1.6019384532473099e-03
1                                      4.6994292042594052e+00         3.7903456691002393e+04         2.6382818014521143e+02         1.4139160908625922e-01         3.6627677866087255e-02        -1.8353760517448653e-01         0.0000000000000000e+00         5.2798406435060598e-02
2                                      5.0139637727066431e+00         4.0440349337913067e+04         2.4727778477979021e+02         1.7716331780560524e-01         4.8966113424234355e-02        -2.0289014791449170e-01         0.0000000000000000e+00         8.5522179629579198e-02
3                                      5.2205630699890948e+00         4.2106685221819855e+04         2.3749197894157575e+02         7.4133737044765224e-02         2.1334077957399101e-02        -1.4242247666747779e-01         0.0000000000000000e+00         3.2378294706506418e-02
4                                      5.4882484232950608e+00         4.4265713426064780e+04         2.2590847918225904e+02         4.7651428380571861e-03         1.4416184184746245e-03        -2.4486682429790997e-03         0.0000000000000000e+00         3.2098797856748441e-02
5                                      5.5404133365553578e+00         4.4686451869950572e+04         2.2378147249422827e+02         8.8598950820901624e-03         2.7058977571107370e-03         4.1308779500896032e-03         0.0000000000000000e+00        -4.9849728245094087e-02
6                                      5.6848701682470022e+00         4.5851574914847370e+04         2.1809501677033697e+02         1.8159116999209432e-01         5.6905719010878764e-02         2.2510938185674179e-01         0.0000000000000000e+00        -7.7182425148102154e-02
7                                      5.8124645119233520e+00         4.6880692807541658e+04         2.1330742787980529e+02         3.1256987091261734e-02         1.0014933394617774e-02        -9.1852507145682355e-02         0.0000000000000000e+00         3.9598297021698287e-02
                                                         8                           9                          10

0                                      0.0000000000000000e+00         1.4771385260102401e-02         0.0000000000000000e+00
1                                      0.0000000000000000e+00        -1.2407805237821156e-02         0.0000000000000000e+00
2                                      0.0000000000000000e+00        -2.2082982019555830e-02         0.0000000000000000e+00
3                                      0.0000000000000000e+00         1.2498516709853384e-03         0.0000000000000000e+00
4                                      0.0000000000000000e+00         2.0131806140087180e-02         0.0000000000000000e+00
5                                      0.0000000000000000e+00        -1.4277191543243689e-02         0.0000000000000000e+00
6                                      0.0000000000000000e+00         1.6563769474729491e-02         0.0000000000000000e+00
7                                      0.0000000000000000e+00        -3.1662594100148643e-03         0.0000000000000000e+00
   &States [&Type "ArrayOfIntegers", &Dim (8,4)] "The initial and Final states. Col1: Initial State  Col2: Initial Irrep Col3: Final State Col4: Final Irrep"
                                                         0                           1                           2                           3

0                                                        0                           0                           1                           0
1                                                        0                           0                           2                           0
2                                                        0                           0                           3                           0
3                                                        0                           0                           4                           0
4                                                        0                           0                           5                           0
5                                                        0                           0                           6                           0
6                                                        0                           0                           7                           0
7                                                        0                           0                           8                           0
   &Multiplicities [&Type "ArrayOfDoubles", &Dim (8,2)] "Col1: Multiplicity of the initial state  Col2: Multiplicity of the final state"
                                                         0                           1

0                                      1.0000000000000000e+00         1.0000000000000000e+00
1                                      1.0000000000000000e+00         1.0000000000000000e+00
2                                      1.0000000000000000e+00         1.0000000000000000e+00
3                                      1.0000000000000000e+00         1.0000000000000000e+00
4                                      1.0000000000000000e+00         1.0000000000000000e+00
5                                      1.0000000000000000e+00         1.0000000000000000e+00
6                                      1.0000000000000000e+00         1.0000000000000000e+00
7                                      1.0000000000000000e+00         1.0000000000000000e+00
   &Temperature [&Type "Double"]       2.9814999999999998e+02
$End
$CIS_ECD_Spectrum
   &GeometryIndex 1
   &Method [&Type "Integer"] 20
   &RelCorrection [&Type "Integer"] 1 "Type of relativistic treatment in QDPT. 0->Unknow, 1->None, 2->SOC, 3->SSC, 4->SOC/SSC"
   &DensType [&Type "Integer"] 3 "Type of density (electron/spin ...). 0->Unknow, 1->Electronic, 2->Spin, 3->Trans/Electronic, 4->Tran/Spin"
   &DeriType [&Type "Integer"] 0 "Type of derivative (w.r.t. to what perturbation). 0->Unknown, 1->No Derivative, 2->Electric/Dipole, 3->Electric/Quad, 4->Magnetic/Dipole, 5->Magnetic/Quad"
   &DensLevel [&Type "Integer"] 0 "// Source of density: relaxed, unrelaxed, ... 0->Unknown, 1->Linearized, 2->Unrelaxed, 3->Relaxed"
   &Density_name [&Type "String"] "Tdens-CIS"
   &Representation [&Type "String"] "Length" "Possible values: Unknown,  Length, Velocity"
   &PointGroup [&Type "String"] "C1"
   &DoHigherMoments [&Type "Boolean"] false
   &NTrans [&Type "Integer"] 8
   &ExcitationEnergies [&Type "ArrayOfDoubles", &Dim (8,10)] 
                                                         0                           1                           2                           3                           4                           5                           6                           7

0                                      4.0901472033545438e+00         3.2989265428588405e+04         3.0312890784570266e+02         5.5190830702973620e-02        -1.0326400460496526e-01         0.0000000000000000e+00        -2.4018997623884916e-02         0.0000000000000000e+00
1                                      4.6994292042594052e+00         3.7903456691002393e+04         2.6382818014521143e+02         3.1818147861433665e+01        -6.5479173724671200e-02         0.0000000000000000e+00        -5.9016640231005058e-02         0.0000000000000000e+00
2                                      5.0139637727066431e+00         4.0440349337913067e+04         2.4727778477979021e+02         9.7369514526999396e+01        -7.7173627734012082e-02         0.0000000000000000e+00         8.9492173429232880e-02         0.0000000000000000e+00
3                                      5.2205630699890948e+00         4.2106685221819855e+04         2.3749197894157575e+02        -3.3206642362000458e+01         8.1976150002410528e-02         0.0000000000000000e+00        -2.0728901203543729e-01         0.0000000000000000e+00
4                                      5.4882484232950608e+00         4.4265713426064780e+04         2.2590847918225904e+02        -2.4227800339712957e+01        -1.3459303338170558e-01         0.0000000000000000e+00        -1.8165772168238206e-01         0.0000000000000000e+00
5                                      5.5404133365553578e+00         4.4686451869950572e+04         2.2378147249422827e+02         5.0162189977743431e+01        -1.0451782457810276e-01         0.0000000000000000e+00        -1.5263188851870563e-01         0.0000000000000000e+00
6                                      5.6848701682470022e+00         4.5851574914847370e+04         2.1809501677033697e+02        -2.4341017120847759e+01        -5.2234229395817344e-02         0.0000000000000000e+00        -5.1278005632277156e-02         0.0000000000000000e+00
7                                      5.8124645119233520e+00         4.6880692807541658e+04         2.1330742787980529e+02        -5.2521095833418684e+01         1.7031685967189872e-01         0.0000000000000000e+00         7.5329081734784300e-03         0.0000000000000000e+00
                                                         8                           9

0                                     -2.0717632188819873e-02         0.0000000000000000e+00
1                                     -1.1704914009213967e-01         0.0000000000000000e+00
2                                     -1.2334620184331356e-01         0.0000000000000000e+00
3                                     -1.2685989516689458e-01         0.0000000000000000e+00
4                                      9.4378044169935137e-03         0.0000000000000000e+00
5                                      2.4193494831861614e-01         0.0000000000000000e+00
6                                     -2.0922871016975497e-01         0.0000000000000000e+00
7                                      2.3282368754801452e-01         0.0000000000000000e+00
   &States [&Type "ArrayOfIntegers", &Dim (8,4)] "The initial and Final states. Col1: Initial State  Col2: Initial Irrep Col3: Final State Col4: Final Irrep"
                                                         0                           1                           2                           3

0                                                        0                           0                           1                           0
1                                                        0                           0                           2                           0
2                                                        0                           0                           3                           0
3                                                        0                           0                           4                           0
4                                                        0                           0                           5                           0
5                                                        0                           0                           6                           0
6                                                        0                           0                           7                           0
7                                                        0                           0                           8                           0
   &Multiplicities [&Type "ArrayOfDoubles", &Dim (8,2)] "Col1: Multiplicity of the initial state  Col2: Multiplicity of the final state"
                                                         0                           1

0                                      1.0000000000000000e+00         1.0000000000000000e+00
1                                      1.0000000000000000e+00         1.0000000000000000e+00
2                                      1.0000000000000000e+00         1.0000000000000000e+00
3                                      1.0000000000000000e+00         1.0000000000000000e+00
4                                      1.0000000000000000e+00         1.0000000000000000e+00
5                                      1.0000000000000000e+00         1.0000000000000000e+00
6                                      1.0000000000000000e+00         1.0000000000000000e+00
7                                      1.0000000000000000e+00         1.0000000000000000e+00
   &Temperature [&Type "Double"]       2.9814999999999998e+02
$End
$CIS_ECD_Spectrum
   &GeometryIndex 1
   &Method [&Type "Integer"] 20
   &RelCorrection [&Type "Integer"] 1 "Type of relativistic treatment in QDPT. 0->Unknow, 1->None, 2->SOC, 3->SSC, 4->SOC/SSC"
   &DensType [&Type "Integer"] 3 "Type of density (electron/spin ...). 0->Unknow, 1->Electronic, 2->Spin, 3->Trans/Electronic, 4->Tran/Spin"
   &DeriType [&Type "Integer"] 0 "Type of derivative (w.r.t. to what perturbation). 0->Unknown, 1->No Derivative, 2->Electric/Dipole, 3->Electric/Quad, 4->Magnetic/Dipole, 5->Magnetic/Quad"
   &DensLevel [&Type "Integer"] 0 "// Source of density: relaxed, unrelaxed, ... 0->Unknown, 1->Linearized, 2->Unrelaxed, 3->Relaxed"
   &Density_name [&Type "String"] "Tdens-CIS"
   &Representation [&Type "String"] "Velocity" "Possible values: Unknown,  Length, Velocity"
   &PointGroup [&Type "String"] "C1"
   &DoHigherMoments [&Type "Boolean"] false
   &NTrans [&Type "Integer"] 8
   &ExcitationEnergies [&Type "ArrayOfDoubles", &Dim (8,10)] 
                                                         0                           1                           2                           3                           4                           5                           6                           7

0                                      4.0901472033545438e+00         3.2989265428588405e+04         3.0312890784570266e+02        -1.2119116448909001e-01        -1.0326400460496526e-01         0.0000000000000000e+00        -2.4018997623884916e-02         0.0000000000000000e+00
1                                      4.6994292042594052e+00         3.7903456691002393e+04         2.6382818014521143e+02         2.8265682419552608e+01        -6.5479173724671200e-02         0.0000000000000000e+00        -5.9016640231005058e-02         0.0000000000000000e+00
2                                      5.0139637727066431e+00         4.0440349337913067e+04         2.4727778477979021e+02         6.6614123257614409e+01        -7.7173627734012082e-02         0.0000000000000000e+00         8.9492173429232880e-02         0.0000000000000000e+00
3                                      5.2205630699890948e+00         4.2106685221819855e+04         2.3749197894157575e+02        -4.5572960821269660e+01         8.1976150002410528e-02         0.0000000000000000e+00        -2.0728901203543729e-01         0.0000000000000000e+00
4                                      5.4882484232950608e+00         4.4265713426064780e+04         2.2590847918225904e+02        -1.2415487037384658e+01        -1.3459303338170558e-01         0.0000000000000000e+00        -1.8165772168238206e-01         0.0000000000000000e+00
5                                      5.5404133365553578e+00         4.4686451869950572e+04         2.2378147249422827e+02         8.6200392711053233e+00        -1.0451782457810276e-01         0.0000000000000000e+00        -1.5263188851870563e-01         0.0000000000000000e+00
6                                      5.6848701682470022e+00         4.5851574914847370e+04         2.1809501677033697e+02        -2.5424149591354936e+01        -5.2234229395817344e-02         0.0000000000000000e+00        -5.1278005632277156e-02         0.0000000000000000e+00
7                                      5.8124645119233520e+00         4.6880692807541658e+04         2.1330742787980529e+02        -3.5496980741846308e+01         1.7031685967189872e-01         0.0000000000000000e+00         7.5329081734784300e-03         0.0000000000000000e+00
                                                         8                           9

0                                     -2.0717632188819873e-02         0.0000000000000000e+00
1                                     -1.1704914009213967e-01         0.0000000000000000e+00
2                                     -1.2334620184331356e-01         0.0000000000000000e+00
3                                     -1.2685989516689458e-01         0.0000000000000000e+00
4                                      9.4378044169935137e-03         0.0000000000000000e+00
5                                      2.4193494831861614e-01         0.0000000000000000e+00
6                                     -2.0922871016975497e-01         0.0000000000000000e+00
7                                      2.3282368754801452e-01         0.0000000000000000e+00
   &States [&Type "ArrayOfIntegers", &Dim (8,4)] "The initial and Final states. Col1: Initial State  Col2: Initial Irrep Col3: Final State Col4: Final Irrep"
                                                         0                           1                           2                           3

0                                                        0                           0                           1                           0
1                                                        0                           0                           2                           0
2                                                        0                           0                           3                           0
3                                                        0                           0                           4                           0
4                                                        0                           0                           5                           0
5                                                        0                           0                           6                           0
6                                                        0                           0                           7                           0
7                                                        0                           0                           8                           0
   &Multiplicities [&Type "ArrayOfDoubles", &Dim (8,2)] "Col1: Multiplicity of the initial state  Col2: Multiplicity of the final state"
                                                         0                           1

0                                      1.0000000000000000e+00         1.0000000000000000e+00
1                                      1.0000000000000000e+00         1.0000000000000000e+00
2                                      1.0000000000000000e+00         1.0000000000000000e+00
3                                      1.0000000000000000e+00         1.0000000000000000e+00
4                                      1.0000000000000000e+00         1.0000000000000000e+00
5                                      1.0000000000000000e+00         1.0000000000000000e+00
6                                      1.0000000000000000e+00         1.0000000000000000e+00
7                                      1.0000000000000000e+00         1.0000000000000000e+00
   &Temperature [&Type "Double"]       2.9814999999999998e+02
$End
$CIS_Energies
   &GeometryIndex 1
   &e0 [&Type "Double"]      -1.1336398257912676e+03  "Ground state energy"
   &multP1 [&Type "Boolean"] false "Do the higher multiplicity too?"
   &mode [&Type "String"] "TDA" "CIS mode: CIS, RPA, TDA, TD-DFT, sTDA, sTD-DFT"
   &dCorr [&Type "Integer"] 0 "(D) Correction algorithm"
   &Method [&Type "String"] "TDA/CIS"
   &totalEnergy [&Type "ArrayOfDoubles", &Dim (8,1)] "Total energy of each state"
                                                         0

0                                     -1.1334895156382252e+03
1                                     -1.1334671249353362e+03
2                                     -1.1334555660019359e+03
3                                     -1.1334479736170049e+03
4                                     -1.1334381363606856e+03
5                                     -1.1334362193352815e+03
6                                     -1.1334309106440778e+03
7                                     -1.1334262216379439e+03
   &Mult [&Type "ArrayOfIntegers", &Dim (8,1)] "Multiplicity of each state"
                                                         0

0                                                        1
1                                                        1
2                                                        1
3                                                        1
4                                                        1
5                                                        1
6                                                        1
7                                                        1
   &RelCorr [&Type "String"] "None" "Relativistic correction (SOC and/or SSC)"
   &NBlocks [&Type "Integer"] 1 "Number of multiplicity blocks"
   &NRoots [&Type "ArrayOfIntegers", &Dim (1,1)] "Number of roots in each block"
                                                         0

0                                                        8
   &NTotalRoots [&Type "Integer"] 8 "Total number of roots"
   &Block [&Type "ArrayOfIntegers", &Dim (8,1)] "Block index of each state"
                                                         0

0                                                        0
1                                                        0
2                                                        0
3                                                        0
4                                                        0
5                                                        0
6                                                        0
7                                                        0
   &Root [&Type "ArrayOfIntegers", &Dim (8,1)] "Root index within the block"
                                                         0

0                                                        0
1                                                        1
2                                                        2
3                                                        3
4                                                        4
5                                                        5
6                                                        6
7                                                        7
$End
$Single_Point_Data
   &GeometryIndex 1
   &FinalEnergy [&Type "Double"]      -1.1334895156382252e+03  "Final single point energy"
   &Converged [&Type "Boolean"] true
$End
$Calculation_Info
   &GeometryIndex 1
   &Mult [&Type "Integer"] 1
   &Charge [&Type "Integer"] 0
   &NumOfAtoms [&Type "Integer"] 38
   &NumOfElectrons [&Type "Integer"] 170
   &NumOfBasisFuncts [&Type "Integer"] 364
   &NumOfAuxCBasisFuncts [&Type "Integer"] 0
   &NumOfAuxJBasisFuncts [&Type "Integer"] 1330
   &NumOfAuxJKBasisFuncts [&Type "Integer"] 0
   &NumOfCABSBasisFuncts [&Type "Integer"] 0
$End
$SCF_Dipole_Moment
   &GeometryIndex 1
   &dipoleMagnitude [&Type "Double", &Units "a.u."]       1.5136132862324883e+00
   &dipoleElecContrib [&Type "ArrayOfDoubles", &Dim (3,1)] "Electronic contribution"
                                                         0

0                                     -2.8612820581430142e+01
1                                      3.0687389473633542e+00
2                                     -2.7833123604634094e+00
   &dipoleNucContrib [&Type "ArrayOfDoubles", &Dim (3,1)] "Nuclear contribution"
                                                         0

0                                      2.8304953606110111e+01
1                                     -4.0855579280718883e+00
2                                      1.7052018530303052e+00
   &dipoleTotal [&Type "ArrayOfDoubles", &Dim (3,1)] "Total"
                                                         0

0                                     -3.0786697532003160e-01
1                                     -1.0168189807085342e+00
2                                     -1.0781105074331041e+00
   &doAtomicDipole [&Type "Boolean"] false
   &Method [&Type "String"] "SCF"
   &Level [&Type "String"] "Relaxed density"
   &Mult [&Type "Integer"] 1
   &State [&Type "Integer"] -1
   &Irrep [&Type "Integer"] 0
$End
$Calculation_Timings
   &GeometryIndex 1
   &GTOINT [&Type "Double"]       3.6655829999999998e+00
   &SCF [&Type "Double"]       7.8849008999999995e+01
   &CIS [&Type "Double"]       7.1534919999999985e+01
   &PROPINT [&Type "Double"]       1.6195090000000079e+00
   &PROP [&Type "Double"]       1.4910560000000146e+00
   &SUM [&Type "Double"]       1.5716007700000000e+02
$End
