*************************************************
******************* ORCA 6.1.1 ******************
*************************************************
$Calculation_Status
   &GeometryIndex 1
   &version [&Type "String"] "6.1.1"
   &progName [&Type "String"] "ProgCIS"
   &Status [&Type "String"] "NORMAL TERMINATION"
$End
$Geometry
   &GeometryIndex 1
   &NAtoms [&Type "Integer"] 42
   &NCorelessECP [&Type "Integer"] 0
   &NGhostAtoms [&Type "Integer"] 0
   &CartesianCoordinates [&Type "Coordinates", &Dim(42,4), &Units "Bohr"] 
              O     -5.512622938027   -7.528721854997   -1.979044613921
              C     -3.596338525489   -8.095990377316   -0.195350399845
              C     -3.785608765461   -6.477584601544    2.211211806251
              N     -3.645696145921   -3.781031173508    1.772003107372
              C     -1.489475250243   -2.419843262320    1.356548984202
              C      0.927992282189   -3.525559612052    1.780725147423
              C      3.123607042368   -2.193326227716    1.466727828896
              C      3.134001223366    0.383986293779    0.691316938978
              C      0.752942370143    1.553493864596    0.214587270755
              C     -1.560780074584    0.148017606392    0.544033321450
              C     -4.013220584587    1.344498772781    0.031093261405
              O     -6.070218556754    0.218910833521    0.286510003468
              C     -4.054987799992    4.013082018524   -0.831313660923
              C     -1.804161429218    5.381828864988   -1.140778887455
              C      0.683945142899    4.197134311136   -0.623805354125
              O      2.629020426214    5.499170804987   -0.928646902071
              C     -1.897907478429    7.904527581499   -1.951443014773
              C     -4.212445526908    9.046065670011   -2.448216437236
              C     -6.461400630440    7.678333044636   -2.139955010220
              C     -6.382869024739    5.177462137232   -1.335775362375
              N      5.361185650333    1.664073380152    0.444260052069
              C      7.875181565882    0.647322830679    0.806514870324
              C      8.899375110475   -0.812796018506   -1.494783693088
              O     11.425709850413   -1.631670456007   -1.108265474296
              H     -7.129397898050   -7.990789783237   -1.247204620470
              H     -1.808908218040   -7.714389925916   -1.165426925221
              H     -3.606373411671  -10.111549331758    0.341533411789
              H     -5.612898904799   -6.845640212422    3.125643517669
              H     -2.340984187937   -7.079775520028    3.571881717431
              H     -5.238048213628   -2.864114303934    1.194570227715
              H      1.052276827504   -5.483698506987    2.370725934989
              H      4.903862648168   -3.145804724628    1.816230686693
              H     -0.130980561351    8.919328384780   -2.174866426537
              H     -4.277132063129   11.000731267990   -3.076240718265
              H     -8.268906291107    8.573049691702   -2.529564976111
              H     -8.093943371748    4.077792389425   -1.081599352023
              H      5.144056827345    3.478803921300   -0.164021817711
              H      7.937131588686   -0.567025664270    2.492454520696
              H      9.150579101034    2.231770543037    1.185502830527
              H      7.633909708301   -2.396638610878   -1.967208389897
              H      8.947365066871    0.443737727262   -3.136431516586
              H     11.413163438959   -2.917171829080    0.198375371457
$End
$SCF_Mulliken_Population_Analysis
   &GeometryIndex 1
   &NAtoms [&Type "Integer"] 42
   &ATNO [&Type "ArrayOfIntegers", &Dim (42,1)] 
                                                         0

0                                                        8
1                                                        6
2                                                        6
3                                                        7
4                                                        6
5                                                        6
6                                                        6
7                                                        6
8                                                        6
9                                                        6
10                                                       6
11                                                       8
12                                                       6
13                                                       6
14                                                       6
15                                                       8
16                                                       6
17                                                       6
18                                                       6
19                                                       6
20                                                       7
21                                                       6
22                                                       6
23                                                       8
24                                                       1
25                                                       1
26                                                       1
27                                                       1
28                                                       1
29                                                       1
30                                                       1
31                                                       1
32                                                       1
33                                                       1
34                                                       1
35                                                       1
36                                                       1
37                                                       1
38                                                       1
39                                                       1
40                                                       1
41                                                       1
   &AtomicCharges [&Type "ArrayOfDoubles", &Dim (42,1)] 
                                                         0

0                                     -6.4189389654007556e-01
1                                     -1.5708916624742386e-02
2                                     -1.7513473427319326e-01
3                                     -6.2447996518100535e-01
4                                      2.9100666282303322e-01
5                                     -1.8685332265877896e-01
6                                     -1.8727065850155977e-01
7                                      2.9815281779286629e-01
8                                     -2.3298522702901892e-02
9                                     -2.2833692657248328e-02
10                                     2.9587780262438645e-01
11                                    -5.1805714950123338e-01
12                                     5.6131492357835100e-02
13                                     5.6123035024361556e-02
14                                     2.9533731111792161e-01
15                                    -5.2076801546960105e-01
16                                    -1.8235554741331228e-01
17                                    -1.3400827236281110e-01
18                                    -1.3412326811773934e-01
19                                    -1.8208130094024177e-01
20                                    -6.4613559494944894e-01
21                                    -1.6514662457868479e-01
22                                    -2.3273213465749620e-02
23                                    -6.4568544497361913e-01
24                                     4.1360990746033977e-01
25                                     1.5472182020628167e-01
26                                     1.2937403339731190e-01
27                                     1.5980036495510752e-01
28                                     1.5839628709896747e-01
29                                     3.7619872419401190e-01
30                                     1.5726003475796069e-01
31                                     1.5502057275346059e-01
32                                     1.5999114074730092e-01
33                                     1.5085188266781602e-01
34                                     1.5079361957786297e-01
35                                     1.6002417999093677e-01
36                                     3.8003931587647632e-01
37                                     1.5076031441339577e-01
38                                     1.7085660065167796e-01
39                                     1.3555913067038172e-01
40                                     1.5793134574091550e-01
41                                     4.1528974401110497e-01
   &Method [&Type "String"] "SCF"
   &Level [&Type "String"] "Relaxed density"
   &Mult [&Type "Integer"] 1
   &State [&Type "Integer"] -1
   &Irrep [&Type "Integer"] 0
$End
$SCF_Loewdin_Population_Analysis
   &GeometryIndex 1
   &NAtoms [&Type "Integer"] 42
   &ATNO [&Type "ArrayOfIntegers", &Dim (42,1)] 
                                                         0

0                                                        8
1                                                        6
2                                                        6
3                                                        7
4                                                        6
5                                                        6
6                                                        6
7                                                        6
8                                                        6
9                                                        6
10                                                       6
11                                                       8
12                                                       6
13                                                       6
14                                                       6
15                                                       8
16                                                       6
17                                                       6
18                                                       6
19                                                       6
20                                                       7
21                                                       6
22                                                       6
23                                                       8
24                                                       1
25                                                       1
26                                                       1
27                                                       1
28                                                       1
29                                                       1
30                                                       1
31                                                       1
32                                                       1
33                                                       1
34                                                       1
35                                                       1
36                                                       1
37                                                       1
38                                                       1
39                                                       1
40                                                       1
41                                                       1
   &AtomicCharges [&Type "ArrayOfDoubles", &Dim (42,1)] 
                                                         0

0                                     -4.2222792960631672e-01
1                                     -1.1632953848716721e-01
2                                     -1.8502316207010949e-01
3                                     -2.0223058401598770e-01
4                                      4.9669638121548232e-02
5                                     -1.3341885110065199e-01
6                                     -1.3448526983517617e-01
7                                      4.9473799960484399e-02
8                                     -9.0214551547957988e-02
9                                     -8.8524505729955294e-02
10                                     1.1408053377170813e-01
11                                    -2.8430294197440453e-01
12                                    -4.0207677502097638e-02
13                                    -4.0389639050746773e-02
14                                     1.1363033594399852e-01
15                                    -2.8739820805738781e-01
16                                    -1.0490978494545988e-01
17                                    -1.1879534830759653e-01
18                                    -1.1879778528761520e-01
19                                    -1.0470780850726413e-01
20                                    -2.0198143438850913e-01
21                                    -1.8408026327417204e-01
22                                    -1.1745008634898024e-01
23                                    -4.2185501384453872e-01
24                                     3.2118321367319269e-01
25                                     1.2705503688001585e-01
26                                     1.0988651066712185e-01
27                                     1.3468785010332363e-01
28                                     1.3183031075841489e-01
29                                     2.7246102688217588e-01
30                                     1.4597378276099426e-01
31                                     1.4550550585323185e-01
32                                     1.4957223772297190e-01
33                                     1.4160866455599375e-01
34                                     1.4158221062502374e-01
35                                     1.4960604627985730e-01
36                                     2.7468954655559941e-01
37                                     1.2330400443057310e-01
38                                     1.4107075504358968e-01
39                                     1.0959686629573451e-01
40                                     1.2898373837369026e-01
41                                     3.2187876862262854e-01
   &Method [&Type "String"] "SCF"
   &Level [&Type "String"] "Relaxed density"
   &Mult [&Type "Integer"] 1
   &State [&Type "Integer"] -1
   &Irrep [&Type "Integer"] 0
$End
$SCF_Mayer_Population_Analysis
   &GeometryIndex 1
   &NAtoms [&Type "Integer"] 42 "Total number of atoms"
   &NBondOrdersPrint [&Type "Integer"] 46 "The number of bond orders larger than threshold"
   &bondThresh [&Type "Double"]       1.0000000000000001e-01  "The threshold for printing"
   &components [&Type "ArrayOfIntegers", &Dim (46,4)] "The indices and atomic numbers of the bonding atoms"
                                                         0                           1                           2                           3

0                                                        0                           8                           1                           6
1                                                        0                           8                          24                           1
2                                                        1                           6                           2                           6
3                                                        1                           6                          25                           1
4                                                        1                           6                          26                           1
5                                                        2                           6                           3                           7
6                                                        2                           6                          27                           1
7                                                        2                           6                          28                           1
8                                                        3                           7                           4                           6
9                                                        3                           7                          29                           1
10                                                       4                           6                           5                           6
11                                                       4                           6                           9                           6
12                                                       5                           6                           6                           6
13                                                       5                           6                          30                           1
14                                                       6                           6                           7                           6
15                                                       6                           6                          31                           1
16                                                       7                           6                           8                           6
17                                                       7                           6                          20                           7
18                                                       8                           6                           9                           6
19                                                       8                           6                          14                           6
20                                                       9                           6                          10                           6
21                                                      10                           6                          11                           8
22                                                      10                           6                          12                           6
23                                                      11                           8                          29                           1
24                                                      12                           6                          13                           6
25                                                      12                           6                          19                           6
26                                                      13                           6                          14                           6
27                                                      13                           6                          16                           6
28                                                      14                           6                          15                           8
29                                                      15                           8                          36                           1
30                                                      16                           6                          17                           6
31                                                      16                           6                          32                           1
32                                                      17                           6                          18                           6
33                                                      17                           6                          33                           1
34                                                      18                           6                          19                           6
35                                                      18                           6                          34                           1
36                                                      19                           6                          35                           1
37                                                      20                           7                          21                           6
38                                                      20                           7                          36                           1
39                                                      21                           6                          22                           6
40                                                      21                           6                          37                           1
41                                                      21                           6                          38                           1
42                                                      22                           6                          23                           8
43                                                      22                           6                          39                           1
44                                                      22                           6                          40                           1
45                                                      23                           8                          41                           1
   &BondOrders [&Type "ArrayOfDoubles", &Dim (46,1)] "The bond orders"
                                                         0

0                                      9.7747352399694099e-01
1                                      7.7641491898641812e-01
2                                      9.6432196476726428e-01
3                                      9.3475007023660972e-01
4                                      9.2563928520353111e-01
5                                      9.8101574022369997e-01
6                                      9.3634987096899369e-01
7                                      9.1607314527592498e-01
8                                      1.1392180570239709e+00
9                                      7.1136739211076183e-01
10                                     1.2344076519355085e+00
11                                     1.2965422964138620e+00
12                                     1.5734365200391880e+00
13                                     9.0943416573994607e-01
14                                     1.2354158969849449e+00
15                                     9.0914067324482262e-01
16                                     1.2933040899930386e+00
17                                     1.1343825394960256e+00
18                                     1.2437592261458268e+00
19                                     1.0567422227449776e+00
20                                     1.0534046763812952e+00
21                                     1.6507618862305677e+00
22                                     1.0060623827582693e+00
23                                     1.3381482197803535e-01
24                                     1.3690565955448479e+00
25                                     1.3698838858805491e+00
26                                     1.0065784519519083e+00
27                                     1.3692454939355205e+00
28                                     1.6459820332206441e+00
29                                     1.3719734156182900e-01
30                                     1.4347745675985935e+00
31                                     9.0725987979713429e-01
32                                     1.3977139462202901e+00
33                                     9.2837030362754824e-01
34                                     1.4346455839216592e+00
35                                     9.2837449182573262e-01
36                                     9.0713958171658793e-01
37                                     9.4878861942077308e-01
38                                     7.1180877649568541e-01
39                                     9.6419913947582092e-01
40                                     9.2511536043803744e-01
41                                     9.3361551325101177e-01
42                                     9.5846615256199874e-01
43                                     9.2950481689462050e-01
44                                     9.3767842642019095e-01
45                                     7.7668866210819076e-01
   &ATNO [&Type "ArrayOfIntegers", &Dim (42,1)] "Atomic number of the elements"
                                                         0

0                                                        8
1                                                        6
2                                                        6
3                                                        7
4                                                        6
5                                                        6
6                                                        6
7                                                        6
8                                                        6
9                                                        6
10                                                       6
11                                                       8
12                                                       6
13                                                       6
14                                                       6
15                                                       8
16                                                       6
17                                                       6
18                                                       6
19                                                       6
20                                                       7
21                                                       6
22                                                       6
23                                                       8
24                                                       1
25                                                       1
26                                                       1
27                                                       1
28                                                       1
29                                                       1
30                                                       1
31                                                       1
32                                                       1
33                                                       1
34                                                       1
35                                                       1
36                                                       1
37                                                       1
38                                                       1
39                                                       1
40                                                       1
41                                                       1
   &NA [&Type "ArrayOfDoubles", &Dim (42,1)] "Mulliken gross atomic population"
                                                         0

0                                      8.6418938965400720e+00
1                                      6.0157089166247442e+00
2                                      6.1751347342731950e+00
3                                      7.6244799651810053e+00
4                                      5.7089933371769659e+00
5                                      6.1868533226587745e+00
6                                      6.1872706585015624e+00
7                                      5.7018471822071319e+00
8                                      6.0232985227029054e+00
9                                      6.0228336926572492e+00
10                                     5.7041221973756109e+00
11                                     8.5180571495012369e+00
12                                     5.9438685076421578e+00
13                                     5.9438769649756376e+00
14                                     5.7046626888820784e+00
15                                     8.5207680154696011e+00
16                                     6.1823555474133105e+00
17                                     6.1340082723628102e+00
18                                     6.1341232681177402e+00
19                                     6.1820813009402436e+00
20                                     7.6461355949494498e+00
21                                     6.1651466245786848e+00
22                                     6.0232732134657487e+00
23                                     8.6456854449736191e+00
24                                     5.8639009253966012e-01
25                                     8.4527817979371811e-01
26                                     8.7062596660268810e-01
27                                     8.4019963504489270e-01
28                                     8.4160371290103242e-01
29                                     6.2380127580598810e-01
30                                     8.4273996524203898e-01
31                                     8.4497942724653941e-01
32                                     8.4000885925269886e-01
33                                     8.4914811733218398e-01
34                                     8.4920638042213681e-01
35                                     8.3997582000906323e-01
36                                     6.1996068412352368e-01
37                                     8.4923968558660423e-01
38                                     8.2914339934832226e-01
39                                     8.6444086932961828e-01
40                                     8.4206865425908450e-01
41                                     5.8471025598889492e-01
   &ZA [&Type "ArrayOfDoubles", &Dim (42,1)] "Total nuclear charge"
                                                         0

0                                      8.0000000000000000e+00
1                                      6.0000000000000000e+00
2                                      6.0000000000000000e+00
3                                      7.0000000000000000e+00
4                                      6.0000000000000000e+00
5                                      6.0000000000000000e+00
6                                      6.0000000000000000e+00
7                                      6.0000000000000000e+00
8                                      6.0000000000000000e+00
9                                      6.0000000000000000e+00
10                                     6.0000000000000000e+00
11                                     8.0000000000000000e+00
12                                     6.0000000000000000e+00
13                                     6.0000000000000000e+00
14                                     6.0000000000000000e+00
15                                     8.0000000000000000e+00
16                                     6.0000000000000000e+00
17                                     6.0000000000000000e+00
18                                     6.0000000000000000e+00
19                                     6.0000000000000000e+00
20                                     7.0000000000000000e+00
21                                     6.0000000000000000e+00
22                                     6.0000000000000000e+00
23                                     8.0000000000000000e+00
24                                     1.0000000000000000e+00
25                                     1.0000000000000000e+00
26                                     1.0000000000000000e+00
27                                     1.0000000000000000e+00
28                                     1.0000000000000000e+00
29                                     1.0000000000000000e+00
30                                     1.0000000000000000e+00
31                                     1.0000000000000000e+00
32                                     1.0000000000000000e+00
33                                     1.0000000000000000e+00
34                                     1.0000000000000000e+00
35                                     1.0000000000000000e+00
36                                     1.0000000000000000e+00
37                                     1.0000000000000000e+00
38                                     1.0000000000000000e+00
39                                     1.0000000000000000e+00
40                                     1.0000000000000000e+00
41                                     1.0000000000000000e+00
   &QA [&Type "ArrayOfDoubles", &Dim (42,1)] "Mulliken gross atomic charge"
                                                         0

0                                     -6.4189389654007201e-01
1                                     -1.5708916624744163e-02
2                                     -1.7513473427319504e-01
3                                     -6.2447996518100535e-01
4                                      2.9100666282303411e-01
5                                     -1.8685332265877452e-01
6                                     -1.8727065850156244e-01
7                                      2.9815281779286806e-01
8                                     -2.3298522702905444e-02
9                                     -2.2833692657249216e-02
10                                     2.9587780262438912e-01
11                                    -5.1805714950123694e-01
12                                     5.6131492357842205e-02
13                                     5.6123035024362444e-02
14                                     2.9533731111792161e-01
15                                    -5.2076801546960105e-01
16                                    -1.8235554741331050e-01
17                                    -1.3400827236281021e-01
18                                    -1.3412326811774022e-01
19                                    -1.8208130094024355e-01
20                                    -6.4613559494944983e-01
21                                    -1.6514662457868479e-01
22                                    -2.3273213465748732e-02
23                                    -6.4568544497361913e-01
24                                     4.1360990746033988e-01
25                                     1.5472182020628189e-01
26                                     1.2937403339731190e-01
27                                     1.5980036495510730e-01
28                                     1.5839628709896758e-01
29                                     3.7619872419401190e-01
30                                     1.5726003475796102e-01
31                                     1.5502057275346059e-01
32                                     1.5999114074730114e-01
33                                     1.5085188266781602e-01
34                                     1.5079361957786319e-01
35                                     1.6002417999093677e-01
36                                     3.8003931587647632e-01
37                                     1.5076031441339577e-01
38                                     1.7085660065167774e-01
39                                     1.3555913067038172e-01
40                                     1.5793134574091550e-01
41                                     4.1528974401110508e-01
   &VA [&Type "ArrayOfDoubles", &Dim (42,1)] "Mayer's total valence"
                                                         0

0                                      1.7948559293052946e+00
1                                      3.7939521796348932e+00
2                                      3.8354699430720069e+00
3                                      2.9939824342946735e+00
4                                      3.8485111095578741e+00
5                                      3.9058577417395410e+00
6                                      3.9071463990423427e+00
7                                      3.8418361130341228e+00
8                                      3.8043943646568072e+00
9                                      3.8047022149682999e+00
10                                     3.8577967649514933e+00
11                                     2.0440554926436292e+00
12                                     3.8908467765053345e+00
13                                     3.8902270277073683e+00
14                                     3.8568401679419781e+00
15                                     2.0426020776205966e+00
16                                     3.8825072792093809e+00
17                                     3.8915994692270508e+00
18                                     3.8914444998610862e+00
19                                     3.8829576004422210e+00
20                                     2.9759982690952977e+00
21                                     3.8184553027343746e+00
22                                     3.7899764695660050e+00
23                                     1.7912067788795087e+00
24                                     7.9387455861523537e-01
25                                     9.3445087150564110e-01
26                                     9.2906048992473766e-01
27                                     9.3184610480349916e-01
28                                     9.3121094134372595e-01
29                                     8.7276713953372842e-01
30                                     9.3703151540945817e-01
31                                     9.3861324023893156e-01
32                                     9.4778686101711029e-01
33                                     9.3451327496071390e-01
34                                     9.3453046496045611e-01
35                                     9.4782888360221684e-01
36                                     8.6754106042731327e-01
37                                     9.3437924194854793e-01
38                                     9.3093445226408056e-01
39                                     9.3106259800644264e-01
40                                     9.3188661999231170e-01
41                                     7.9146009742267620e-01
   &BVA [&Type "ArrayOfDoubles", &Dim (42,1)] "Mayer's bonded valence"
                                                         0

0                                      1.7948559293053528e+00
1                                      3.7939521796349136e+00
2                                      3.8354699430720394e+00
3                                      2.9939824342947645e+00
4                                      3.8485111095579407e+00
5                                      3.9058577417395721e+00
6                                      3.9071463990423019e+00
7                                      3.8418361130341014e+00
8                                      3.8043943646568525e+00
9                                      3.8047022149683327e+00
10                                     3.8577967649515217e+00
11                                     2.0440554926436825e+00
12                                     3.8908467765053678e+00
13                                     3.8902270277073310e+00
14                                     3.8568401679420328e+00
15                                     2.0426020776206091e+00
16                                     3.8825072792093405e+00
17                                     3.8915994692270561e+00
18                                     3.8914444998610476e+00
19                                     3.8829576004422095e+00
20                                     2.9759982690953652e+00
21                                     3.8184553027343782e+00
22                                     3.7899764695659801e+00
23                                     1.7912067788795962e+00
24                                     7.9387455861524148e-01
25                                     9.3445087150564810e-01
26                                     9.2906048992474055e-01
27                                     9.3184610480350638e-01
28                                     9.3121094134373594e-01
29                                     8.7276713953373231e-01
30                                     9.3703151540944907e-01
31                                     9.3861324023892179e-01
32                                     9.4778686101710574e-01
33                                     9.3451327496071102e-01
34                                     9.3453046496044867e-01
35                                     9.4782888360221851e-01
36                                     8.6754106042731560e-01
37                                     9.3437924194854283e-01
38                                     9.3093445226408522e-01
39                                     9.3106259800644320e-01
40                                     9.3188661999231170e-01
41                                     7.9146009742267809e-01
   &FA [&Type "ArrayOfDoubles", &Dim (42,1)] "Mayer's free valence"
                                                         0

0                                      0.0000000000000000e+00
1                                      0.0000000000000000e+00
2                                      0.0000000000000000e+00
3                                      0.0000000000000000e+00
4                                      0.0000000000000000e+00
5                                      0.0000000000000000e+00
6                                      0.0000000000000000e+00
7                                      0.0000000000000000e+00
8                                      0.0000000000000000e+00
9                                      0.0000000000000000e+00
10                                     0.0000000000000000e+00
11                                     0.0000000000000000e+00
12                                     0.0000000000000000e+00
13                                     0.0000000000000000e+00
14                                     0.0000000000000000e+00
15                                     0.0000000000000000e+00
16                                     0.0000000000000000e+00
17                                     0.0000000000000000e+00
18                                     0.0000000000000000e+00
19                                     0.0000000000000000e+00
20                                     0.0000000000000000e+00
21                                     0.0000000000000000e+00
22                                     0.0000000000000000e+00
23                                     0.0000000000000000e+00
24                                     0.0000000000000000e+00
25                                     0.0000000000000000e+00
26                                     0.0000000000000000e+00
27                                     0.0000000000000000e+00
28                                     0.0000000000000000e+00
29                                     0.0000000000000000e+00
30                                     0.0000000000000000e+00
31                                     0.0000000000000000e+00
32                                     0.0000000000000000e+00
33                                     0.0000000000000000e+00
34                                     0.0000000000000000e+00
35                                     0.0000000000000000e+00
36                                     0.0000000000000000e+00
37                                     0.0000000000000000e+00
38                                     0.0000000000000000e+00
39                                     0.0000000000000000e+00
40                                     0.0000000000000000e+00
41                                     0.0000000000000000e+00
   &Method [&Type "String"] "SCF"
   &Level [&Type "String"] "Relaxed density"
   &Mult [&Type "Integer"] 1
   &State [&Type "Integer"] -1
   &Irrep [&Type "Integer"] 0
$End
$SCF_Energy
   &GeometryIndex 1
   &Method [&Type "String"] "SCF"
   &totalEnergy [&Type "ArrayOfDoubles", &Dim (1,1)] "Total energy of each state"
                                                         0

0                                     -1.1065094298527486e+03
   &Mult [&Type "ArrayOfIntegers", &Dim (1,1)] "Multiplicity of each state"
                                                         0

0                                                        1
$End
$DFT_Energy
   &GeometryIndex 1
   &nAlphaEl [&Type "Integer"] 85
   &nBetaEl [&Type "Integer"] 85
   &nTotalEl [&Type "Integer"] 171
   &finalEn [&Type "Double"]      -1.1065094298527486e+03  "No Van der Waals correction"
   &eExchange [&Type "Double"]      -1.1606565285827577e+02
   &eCorr [&Type "Double"]      -6.9505796770215760e+00
   &eXC [&Type "Double"]      -1.2301623253529735e+02
   &eCNL [&Type "Double"]       0.0000000000000000e+00
$End
$Solvation_Details
   &GeometryIndex 1
   &Solvent [&Type "String"] "TOLUENE"
   &Epsilon [&Type "Double"]       2.3870000000000000e+00
   &Refrac [&Type "Double"]       1.4961000000000000e+00
   &RSolv [&Type "Double"]       1.3000000000000000e+00
   &SurfaceType [&Type "String"] "GAUSSIAN VDW"
   &CPCMDielEnergy [&Type "Double"]      -1.6766316999999999e-02
   &NPoints [&Type "Integer"] 3563
   &SurfaceArea [&Type "Double"]       1.2798638928870000e+03
$End
$SCF_Timings
   &GeometryIndex 1
   &TOTAL [&Type "Double"]       5.0053991000000003e+01
   &PREP [&Type "Double"]       1.0756650000000001e+00
   &FOCK [&Type "Double"]       4.6949411999999995e+01
   &DENS [&Type "Double"]       1.0178399999999499e-01
   &ETOT [&Type "Double"]       5.5820000000005976e-02
   &POP [&Type "Double"]       4.8475000000003376e-02
   &TRAFO [&Type "Double"]       9.9577999999997502e-02
   &DIIS [&Type "Double"]       4.1373999999999800e-01
   &SOSCF [&Type "Double"]       3.0454899999999885e-01
   &XC [&Type "Double"]       4.4424020000000048e+00
   &FOCKSTART [&Type "Double"]       1.2749999999997819e-02
   &SOLV [&Type "Double"]       8.2880089999999953e+00
   &SOLV_INIT [&Type "Double"]       4.2895800000000006e-01
   &INT_PREP [&Type "Double"]       8.0000000011182237e-06
   &INT_BF [&Type "Double"]       1.2560309999998669e+00
   &INT_DENS [&Type "Double"]       1.0679580000001714e+00
   &INT_DENSIO [&Type "Double"]       1.3929760818300024e+05
   &INT_FUNC [&Type "Double"]       1.4616199999996038e-01
   &INT_POT [&Type "Double"]       1.1017949999999104e+00
   &INT_POTIO [&Type "Double"]       3.7255000000048000e-02
   &INT_SUM [&Type "Double"]       1.0669999999972646e-03
   &SPLITRIJ [&Type "Double"]       4.9115669999999918e+00
   &COSX [&Type "Double"]       3.1165557000000007e+01
   &FROZCORE [&Type "Double"]       7.7690000000032455e-03
$End
$CIS_Absorption_Spectrum
   &GeometryIndex 1
   &Method [&Type "Integer"] 20
   &RelCorrection [&Type "Integer"] 1 "Type of relativistic treatment in QDPT. 0->Unknow, 1->None, 2->SOC, 3->SSC, 4->SOC/SSC"
   &DensType [&Type "Integer"] 3 "Type of density (electron/spin ...). 0->Unknow, 1->Electronic, 2->Spin, 3->Trans/Electronic, 4->Tran/Spin"
   &DeriType [&Type "Integer"] 0 "Type of derivative (w.r.t. to what perturbation). 0->Unknown, 1->No Derivative, 2->Electric/Dipole, 3->Electric/Quad, 4->Magnetic/Dipole, 5->Magnetic/Quad"
   &DensLevel [&Type "Integer"] 0 "// Source of density: relaxed, unrelaxed, ... 0->Unknown, 1->Linearized, 2->Unrelaxed, 3->Relaxed"
   &Density_name [&Type "String"] "Tdens-CIS"
   &Representation [&Type "String"] "Length" "Possible values: Unknown,  Length, Velocity"
   &PointGroup [&Type "String"] "C1"
   &DoHigherMoments [&Type "Boolean"] false
   &NTrans [&Type "Integer"] 8
   &ExcitationEnergies [&Type "ArrayOfDoubles", &Dim (8,11)] 
                                                         0                           1                           2                           3                           4                           5                           6                           7

0                                      2.3637057190753721e+00         1.9064574325759451e+04         5.2453308577093776e+02         4.4051856158045283e-01         7.6069872259762317e+00        -1.4630850779028663e+00         0.0000000000000000e+00         2.2288286352425550e+00
1                                      3.0862670383168980e+00         2.4892425002952663e+04         4.0172863828308533e+02         5.7032933166635828e-04         7.5428259685052729e-03        -7.2436807721207752e-02         0.0000000000000000e+00         4.7727282232221779e-02
2                                      3.3404335481991709e+00         2.6942416370179606e+04         3.7116195750980211e+02         1.0936984438035435e-04         1.3364005262594928e-03        -2.7842349847252437e-02         0.0000000000000000e+00         2.1121579615594313e-02
3                                      3.3755909316591852e+00         2.7225979820850978e+04         3.6729623931997162e+02         8.8066362467924750e-03         1.0648835725098557e-01         2.7752876682744609e-01         0.0000000000000000e+00         1.6767218878579154e-01
4                                      3.5504496802240202e+00         2.8636310887709678e+04         3.4920699245138678e+02         4.4906138012590899e-02         5.1625494593553456e-01         6.2045671300590477e-01         0.0000000000000000e+00         3.5346953821961169e-01
5                                      3.9150790240306899e+00         3.1577245188564360e+04         3.1668373666812079e+02         4.4517980947864945e-02         4.6412697176636325e-01        -3.4831216754033661e-01         0.0000000000000000e+00         5.5120825334570156e-01
6                                      4.0085172433864527e+00         3.2330875331013474e+04         3.0930186385666690e+02         3.3990792715734956e-02         3.4611420002638865e-01         5.3547310997425723e-01         0.0000000000000000e+00         2.3842994716489896e-01
7                                      4.0087979407651684e+00         3.2333139308291349e+04         3.0928020643623830e+02         2.5282429782066587e-02         2.5742251177870967e-01        -4.1690504506771631e-01         0.0000000000000000e+00        -2.7968410686970113e-01
                                                         8                           9                          10

0                                      0.0000000000000000e+00        -7.0618141827508063e-01         0.0000000000000000e+00
1                                      0.0000000000000000e+00         4.2239065320977352e-03         0.0000000000000000e+00
2                                      0.0000000000000000e+00        -1.0727672430905302e-02         0.0000000000000000e+00
3                                      0.0000000000000000e+00        -3.6771972234359587e-02         0.0000000000000000e+00
4                                      0.0000000000000000e+00        -7.9672446757064530e-02         0.0000000000000000e+00
5                                      0.0000000000000000e+00        -1.9742104030041130e-01         0.0000000000000000e+00
6                                      0.0000000000000000e+00        -5.0337946082742890e-02         0.0000000000000000e+00
7                                      0.0000000000000000e+00         7.3413183695387574e-02         0.0000000000000000e+00
   &States [&Type "ArrayOfIntegers", &Dim (8,4)] "The initial and Final states. Col1: Initial State  Col2: Initial Irrep Col3: Final State Col4: Final Irrep"
                                                         0                           1                           2                           3

0                                                        0                           0                           1                           0
1                                                        0                           0                           2                           0
2                                                        0                           0                           3                           0
3                                                        0                           0                           4                           0
4                                                        0                           0                           5                           0
5                                                        0                           0                           6                           0
6                                                        0                           0                           7                           0
7                                                        0                           0                           8                           0
   &Multiplicities [&Type "ArrayOfDoubles", &Dim (8,2)] "Col1: Multiplicity of the initial state  Col2: Multiplicity of the final state"
                                                         0                           1

0                                      1.0000000000000000e+00         1.0000000000000000e+00
1                                      1.0000000000000000e+00         1.0000000000000000e+00
2                                      1.0000000000000000e+00         1.0000000000000000e+00
3                                      1.0000000000000000e+00         1.0000000000000000e+00
4                                      1.0000000000000000e+00         1.0000000000000000e+00
5                                      1.0000000000000000e+00         1.0000000000000000e+00
6                                      1.0000000000000000e+00         1.0000000000000000e+00
7                                      1.0000000000000000e+00         1.0000000000000000e+00
   &Temperature [&Type "Double"]       2.9814999999999998e+02
$End
$CIS_Absorption_Spectrum
   &GeometryIndex 1
   &Method [&Type "Integer"] 20
   &RelCorrection [&Type "Integer"] 1 "Type of relativistic treatment in QDPT. 0->Unknow, 1->None, 2->SOC, 3->SSC, 4->SOC/SSC"
   &DensType [&Type "Integer"] 3 "Type of density (electron/spin ...). 0->Unknow, 1->Electronic, 2->Spin, 3->Trans/Electronic, 4->Tran/Spin"
   &DeriType [&Type "Integer"] 0 "Type of derivative (w.r.t. to what perturbation). 0->Unknown, 1->No Derivative, 2->Electric/Dipole, 3->Electric/Quad, 4->Magnetic/Dipole, 5->Magnetic/Quad"
   &DensLevel [&Type "Integer"] 0 "// Source of density: relaxed, unrelaxed, ... 0->Unknown, 1->Linearized, 2->Unrelaxed, 3->Relaxed"
   &Density_name [&Type "String"] "Tdens-CIS"
   &Representation [&Type "String"] "Velocity" "Possible values: Unknown,  Length, Velocity"
   &PointGroup [&Type "String"] "C1"
   &DoHigherMoments [&Type "Boolean"] false
   &NTrans [&Type "Integer"] 8
   &ExcitationEnergies [&Type "ArrayOfDoubles", &Dim (8,11)] 
                                                         0                           1                           2                           3                           4                           5                           6                           7

0                                      2.3637057190753721e+00         1.9064574325759451e+04         5.2453308577093776e+02         7.2143278965881175e-03         9.4000447484325622e-04         8.3626378506709963e-03         0.0000000000000000e+00        -2.0143507804518096e-02
1                                      3.0862670383168980e+00         2.4892425002952663e+04         4.0172863828308533e+02         5.7100320430195411e-05         9.7143262195029595e-06         2.6361030502175921e-03         0.0000000000000000e+00        -1.6448286638127386e-03
2                                      3.3404335481991709e+00         2.6942416370179606e+04         3.7116195750980211e+02         3.7712114632359675e-04         6.9442342037340403e-05         7.6503669720192338e-03         0.0000000000000000e+00         3.2957853946665575e-03
3                                      3.3755909316591852e+00         2.7225979820850978e+04         3.6729623931997162e+02         1.1305698857247290e-02         2.1037196443268796e-03        -3.9776575828405852e-02         0.0000000000000000e+00        -2.2823206345237552e-02
4                                      3.5504496802240202e+00         2.8636310887709678e+04         3.4920699245138678e+02         3.1335713770070323e-03         6.1328676292807087e-04        -2.2410356517474094e-02         0.0000000000000000e+00        -1.0195230776099143e-02
5                                      3.9150790240306899e+00         3.1577245188564360e+04         3.1668373666812079e+02         1.4076689419976886e-02         3.0379575341222590e-03         2.8562941527225771e-02         0.0000000000000000e+00        -4.4309339717894011e-02
6                                      4.0085172433864527e+00         3.2330875331013474e+04         3.0930186385666690e+02         1.6183126879345859e-02         3.5759120839719237e-03        -5.9426105031296889e-02         0.0000000000000000e+00         3.8764172689854173e-03
7                                      4.0087979407651684e+00         3.2333139308291349e+04         3.0928020643623830e+02         1.2424499653827853e-02         2.7455775343253577e-03         1.9550355399856421e-02         0.0000000000000000e+00         4.7958808275015086e-02
                                                         8                           9                          10

0                                      0.0000000000000000e+00        -2.1547850388173286e-02         0.0000000000000000e+00
1                                      0.0000000000000000e+00         2.4459271214913157e-04         0.0000000000000000e+00
2                                      0.0000000000000000e+00        -2.2809178652520267e-04         0.0000000000000000e+00
3                                      0.0000000000000000e+00         8.0306401778900652e-04         0.0000000000000000e+00
4                                      0.0000000000000000e+00        -2.6683240263990007e-03         0.0000000000000000e+00
5                                      0.0000000000000000e+00         1.6087209801541120e-02         0.0000000000000000e+00
6                                      0.0000000000000000e+00        -5.4243445629777272e-03         0.0000000000000000e+00
7                                      0.0000000000000000e+00        -7.9569998683553713e-03         0.0000000000000000e+00
   &States [&Type "ArrayOfIntegers", &Dim (8,4)] "The initial and Final states. Col1: Initial State  Col2: Initial Irrep Col3: Final State Col4: Final Irrep"
                                                         0                           1                           2                           3

0                                                        0                           0                           1                           0
1                                                        0                           0                           2                           0
2                                                        0                           0                           3                           0
3                                                        0                           0                           4                           0
4                                                        0                           0                           5                           0
5                                                        0                           0                           6                           0
6                                                        0                           0                           7                           0
7                                                        0                           0                           8                           0
   &Multiplicities [&Type "ArrayOfDoubles", &Dim (8,2)] "Col1: Multiplicity of the initial state  Col2: Multiplicity of the final state"
                                                         0                           1

0                                      1.0000000000000000e+00         1.0000000000000000e+00
1                                      1.0000000000000000e+00         1.0000000000000000e+00
2                                      1.0000000000000000e+00         1.0000000000000000e+00
3                                      1.0000000000000000e+00         1.0000000000000000e+00
4                                      1.0000000000000000e+00         1.0000000000000000e+00
5                                      1.0000000000000000e+00         1.0000000000000000e+00
6                                      1.0000000000000000e+00         1.0000000000000000e+00
7                                      1.0000000000000000e+00         1.0000000000000000e+00
   &Temperature [&Type "Double"]       2.9814999999999998e+02
$End
$CIS_ECD_Spectrum
   &GeometryIndex 1
   &Method [&Type "Integer"] 20
   &RelCorrection [&Type "Integer"] 1 "Type of relativistic treatment in QDPT. 0->Unknow, 1->None, 2->SOC, 3->SSC, 4->SOC/SSC"
   &DensType [&Type "Integer"] 3 "Type of density (electron/spin ...). 0->Unknow, 1->Electronic, 2->Spin, 3->Trans/Electronic, 4->Tran/Spin"
   &DeriType [&Type "Integer"] 0 "Type of derivative (w.r.t. to what perturbation). 0->Unknown, 1->No Derivative, 2->Electric/Dipole, 3->Electric/Quad, 4->Magnetic/Dipole, 5->Magnetic/Quad"
   &DensLevel [&Type "Integer"] 0 "// Source of density: relaxed, unrelaxed, ... 0->Unknown, 1->Linearized, 2->Unrelaxed, 3->Relaxed"
   &Density_name [&Type "String"] "Tdens-CIS"
   &Representation [&Type "String"] "Length" "Possible values: Unknown,  Length, Velocity"
   &PointGroup [&Type "String"] "C1"
   &DoHigherMoments [&Type "Boolean"] false
   &NTrans [&Type "Integer"] 8
   &ExcitationEnergies [&Type "ArrayOfDoubles", &Dim (8,10)] 
                                                         0                           1                           2                           3                           4                           5                           6                           7

0                                      2.3637057190753721e+00         1.9064574325759451e+04         5.2453308577093776e+02         3.0230006167701649e+01         7.0296069755453036e-02         0.0000000000000000e+00         1.0329427802744123e-02         0.0000000000000000e+00
1                                      3.0862670383168980e+00         2.4892425002952663e+04         4.0172863828308533e+02        -4.9146475039491504e+00        -2.3089893997774677e-01         0.0000000000000000e+00        -1.3552080745812181e-01         0.0000000000000000e+00
2                                      3.3404335481991709e+00         2.6942416370179606e+04         3.7116195750980211e+02        -4.8920224208044955e-01        -7.5116524234400267e-03         0.0000000000000000e+00         2.4650319973028398e-02         0.0000000000000000e+00
3                                      3.3755909316591852e+00         2.7225979820850978e+04         3.6729623931997162e+02        -2.4192914653713737e+00         4.0385450537372976e-02         0.0000000000000000e+00        -7.6270823147305111e-03         0.0000000000000000e+00
4                                      3.5504496802240202e+00         2.8636310887709678e+04         3.4920699245138678e+02        -3.6111474314403575e+00         1.9786180800311748e-02         0.0000000000000000e+00         7.5958505220393269e-02         0.0000000000000000e+00
5                                      3.9150790240306899e+00         3.1577245188564360e+04         3.1668373666812079e+02         8.1079163309022706e-01         1.3221027319251271e-02         0.0000000000000000e+00         2.3256062455542866e-03         0.0000000000000000e+00
6                                      4.0085172433864527e+00         3.2330875331013474e+04         3.0930186385666690e+02        -2.5804842208591410e+00         5.1998616125752094e-02         0.0000000000000000e+00        -1.6977807219269045e-01         0.0000000000000000e+00
7                                      4.0087979407651684e+00         3.2333139308291349e+04         3.0928020643623830e+02        -8.0986364229603929e+00        -6.7334631035776638e-02         0.0000000000000000e+00         1.2244328669725002e-01         0.0000000000000000e+00
                                                         8                           9

0                                     -2.2239819389044849e-02         0.0000000000000000e+00
1                                      3.9532222019101948e-02         0.0000000000000000e+00
2                                     -2.8697509728752266e-02         0.0000000000000000e+00
3                                      1.3047122126010444e-01         0.0000000000000000e+00
4                                      3.9493998228054999e-01         0.0000000000000000e+00
5                                     -8.1215794006805793e-03         0.0000000000000000e+00
6                                     -3.5976467304960708e-01         0.0000000000000000e+00
7                                      3.1808206245860871e-01         0.0000000000000000e+00
   &States [&Type "ArrayOfIntegers", &Dim (8,4)] "The initial and Final states. Col1: Initial State  Col2: Initial Irrep Col3: Final State Col4: Final Irrep"
                                                         0                           1                           2                           3

0                                                        0                           0                           1                           0
1                                                        0                           0                           2                           0
2                                                        0                           0                           3                           0
3                                                        0                           0                           4                           0
4                                                        0                           0                           5                           0
5                                                        0                           0                           6                           0
6                                                        0                           0                           7                           0
7                                                        0                           0                           8                           0
   &Multiplicities [&Type "ArrayOfDoubles", &Dim (8,2)] "Col1: Multiplicity of the initial state  Col2: Multiplicity of the final state"
                                                         0                           1

0                                      1.0000000000000000e+00         1.0000000000000000e+00
1                                      1.0000000000000000e+00         1.0000000000000000e+00
2                                      1.0000000000000000e+00         1.0000000000000000e+00
3                                      1.0000000000000000e+00         1.0000000000000000e+00
4                                      1.0000000000000000e+00         1.0000000000000000e+00
5                                      1.0000000000000000e+00         1.0000000000000000e+00
6                                      1.0000000000000000e+00         1.0000000000000000e+00
7                                      1.0000000000000000e+00         1.0000000000000000e+00
   &Temperature [&Type "Double"]       2.9814999999999998e+02
$End
$CIS_ECD_Spectrum
   &GeometryIndex 1
   &Method [&Type "Integer"] 20
   &RelCorrection [&Type "Integer"] 1 "Type of relativistic treatment in QDPT. 0->Unknow, 1->None, 2->SOC, 3->SSC, 4->SOC/SSC"
   &DensType [&Type "Integer"] 3 "Type of density (electron/spin ...). 0->Unknow, 1->Electronic, 2->Spin, 3->Trans/Electronic, 4->Tran/Spin"
   &DeriType [&Type "Integer"] 0 "Type of derivative (w.r.t. to what perturbation). 0->Unknown, 1->No Derivative, 2->Electric/Dipole, 3->Electric/Quad, 4->Magnetic/Dipole, 5->Magnetic/Quad"
   &DensLevel [&Type "Integer"] 0 "// Source of density: relaxed, unrelaxed, ... 0->Unknown, 1->Linearized, 2->Unrelaxed, 3->Relaxed"
   &Density_name [&Type "String"] "Tdens-CIS"
   &Representation [&Type "String"] "Velocity" "Possible values: Unknown,  Length, Velocity"
   &PointGroup [&Type "String"] "C1"
   &DoHigherMoments [&Type "Boolean"] false
   &NTrans [&Type "Integer"] 8
   &ExcitationEnergies [&Type "ArrayOfDoubles", &Dim (8,10)] 
                                                         0                           1                           2                           3                           4                           5                           6                           7

0                                      2.3637057190753721e+00         1.9064574325759451e+04         5.2453308577093776e+02         4.6622076429669725e+00         7.0296069755453036e-02         0.0000000000000000e+00         1.0329427802744123e-02         0.0000000000000000e+00
1                                      3.0862670383168980e+00         2.4892425002952663e+04         4.0172863828308533e+02        -1.5633332530469670e+00        -2.3089893997774677e-01         0.0000000000000000e+00        -1.3552080745812181e-01         0.0000000000000000e+00
2                                      3.3404335481991709e+00         2.6942416370179606e+04         3.7116195750980211e+02         1.1644652772321853e-01        -7.5116524234400267e-03         0.0000000000000000e+00         2.4650319973028398e-02         0.0000000000000000e+00
3                                      3.3755909316591852e+00         2.7225979820850978e+04         3.6729623931997162e+02        -5.0452865451133482e+00         4.0385450537372976e-02         0.0000000000000000e+00        -7.6270823147305111e-03         0.0000000000000000e+00
4                                      3.5504496802240202e+00         2.8636310887709678e+04         3.4920699245138678e+02        -8.2081700528585486e+00         1.9786180800311748e-02         0.0000000000000000e+00         7.5958505220393269e-02         0.0000000000000000e+00
5                                      3.9150790240306899e+00         3.1577245188564360e+04         3.1668373666812079e+02         4.7163176125388007e-01         1.3221027319251271e-02         0.0000000000000000e+00         2.3256062455542866e-03         0.0000000000000000e+00
6                                      4.0085172433864527e+00         3.2330875331013474e+04         3.0930186385666690e+02        -5.7502014186281691e+00         5.1998616125752094e-02         0.0000000000000000e+00        -1.6977807219269045e-01         0.0000000000000000e+00
7                                      4.0087979407651684e+00         3.2333139308291349e+04         3.0928020643623830e+02         6.4798237389728515e+00        -6.7334631035776638e-02         0.0000000000000000e+00         1.2244328669725002e-01         0.0000000000000000e+00
                                                         8                           9

0                                     -2.2239819389044849e-02         0.0000000000000000e+00
1                                      3.9532222019101948e-02         0.0000000000000000e+00
2                                     -2.8697509728752266e-02         0.0000000000000000e+00
3                                      1.3047122126010444e-01         0.0000000000000000e+00
4                                      3.9493998228054999e-01         0.0000000000000000e+00
5                                     -8.1215794006805793e-03         0.0000000000000000e+00
6                                     -3.5976467304960708e-01         0.0000000000000000e+00
7                                      3.1808206245860871e-01         0.0000000000000000e+00
   &States [&Type "ArrayOfIntegers", &Dim (8,4)] "The initial and Final states. Col1: Initial State  Col2: Initial Irrep Col3: Final State Col4: Final Irrep"
                                                         0                           1                           2                           3

0                                                        0                           0                           1                           0
1                                                        0                           0                           2                           0
2                                                        0                           0                           3                           0
3                                                        0                           0                           4                           0
4                                                        0                           0                           5                           0
5                                                        0                           0                           6                           0
6                                                        0                           0                           7                           0
7                                                        0                           0                           8                           0
   &Multiplicities [&Type "ArrayOfDoubles", &Dim (8,2)] "Col1: Multiplicity of the initial state  Col2: Multiplicity of the final state"
                                                         0                           1

0                                      1.0000000000000000e+00         1.0000000000000000e+00
1                                      1.0000000000000000e+00         1.0000000000000000e+00
2                                      1.0000000000000000e+00         1.0000000000000000e+00
3                                      1.0000000000000000e+00         1.0000000000000000e+00
4                                      1.0000000000000000e+00         1.0000000000000000e+00
5                                      1.0000000000000000e+00         1.0000000000000000e+00
6                                      1.0000000000000000e+00         1.0000000000000000e+00
7                                      1.0000000000000000e+00         1.0000000000000000e+00
   &Temperature [&Type "Double"]       2.9814999999999998e+02
$End
$CIS_Energies
   &GeometryIndex 1
   &e0 [&Type "Double"]      -1.1065094298527486e+03  "Ground state energy"
   &multP1 [&Type "Boolean"] false "Do the higher multiplicity too?"
   &mode [&Type "String"] "TDA" "CIS mode: CIS, RPA, TDA, TD-DFT, sTDA, sTD-DFT"
   &dCorr [&Type "Integer"] 0 "(D) Correction algorithm"
   &Method [&Type "String"] "TDA/CIS"
   &totalEnergy [&Type "ArrayOfDoubles", &Dim (8,1)] "Total energy of each state"
                                                         0

0                                     -1.1064225652606649e+03
1                                     -1.1063960116191752e+03
2                                     -1.1063866711712403e+03
3                                     -1.1063853791610936e+03
4                                     -1.1063789532199353e+03
5                                     -1.1063655533373035e+03
6                                     -1.1063621195457179e+03
7                                     -1.1063621092302783e+03
   &Mult [&Type "ArrayOfIntegers", &Dim (8,1)] "Multiplicity of each state"
                                                         0

0                                                        1
1                                                        1
2                                                        1
3                                                        1
4                                                        1
5                                                        1
6                                                        1
7                                                        1
   &RelCorr [&Type "String"] "None" "Relativistic correction (SOC and/or SSC)"
   &NBlocks [&Type "Integer"] 1 "Number of multiplicity blocks"
   &NRoots [&Type "ArrayOfIntegers", &Dim (1,1)] "Number of roots in each block"
                                                         0

0                                                        8
   &NTotalRoots [&Type "Integer"] 8 "Total number of roots"
   &Block [&Type "ArrayOfIntegers", &Dim (8,1)] "Block index of each state"
                                                         0

0                                                        0
1                                                        0
2                                                        0
3                                                        0
4                                                        0
5                                                        0
6                                                        0
7                                                        0
   &Root [&Type "ArrayOfIntegers", &Dim (8,1)] "Root index within the block"
                                                         0

0                                                        0
1                                                        1
2                                                        2
3                                                        3
4                                                        4
5                                                        5
6                                                        6
7                                                        7
$End
$Single_Point_Data
   &GeometryIndex 1
   &FinalEnergy [&Type "Double"]      -1.1064225652606649e+03  "Final single point energy"
   &Converged [&Type "Boolean"] true
$End
$Calculation_Info
   &GeometryIndex 1
   &Mult [&Type "Integer"] 1
   &Charge [&Type "Integer"] 0
   &NumOfAtoms [&Type "Integer"] 42
   &NumOfElectrons [&Type "Integer"] 172
   &NumOfBasisFuncts [&Type "Integer"] 372
   &NumOfAuxCBasisFuncts [&Type "Integer"] 0
   &NumOfAuxJBasisFuncts [&Type "Integer"] 1374
   &NumOfAuxJKBasisFuncts [&Type "Integer"] 0
   &NumOfCABSBasisFuncts [&Type "Integer"] 0
$End
$SCF_Dipole_Moment
   &GeometryIndex 1
   &dipoleMagnitude [&Type "Double", &Units "a.u."]       2.1109863898323495e+00
   &dipoleElecContrib [&Type "ArrayOfDoubles", &Dim (3,1)] "Electronic contribution"
                                                         0

0                                     -7.3281523500245260e+00
1                                      1.2494215477584437e+01
2                                     -4.6562839690107838e-01
   &dipoleNucContrib [&Type "ArrayOfDoubles", &Dim (3,1)] "Nuclear contribution"
                                                         0

0                                      7.3893046706407421e+00
1                                     -1.4234217577663543e+01
2                                      1.6593271124323330e+00
   &dipoleTotal [&Type "ArrayOfDoubles", &Dim (3,1)] "Total"
                                                         0

0                                      6.1152320616216116e-02
1                                     -1.7400021000791064e+00
2                                      1.1936987155312546e+00
   &doAtomicDipole [&Type "Boolean"] false
   &Method [&Type "String"] "SCF"
   &Level [&Type "String"] "Relaxed density"
   &Mult [&Type "Integer"] 1
   &State [&Type "Integer"] -1
   &Irrep [&Type "Integer"] 0
$End
$Calculation_Timings
   &GeometryIndex 1
   &GTOINT [&Type "Double"]       3.9639940000000000e+00
   &SCF [&Type "Double"]       5.4586830999999997e+01
   &CIS [&Type "Double"]       3.3325557999999994e+01
   &PROPINT [&Type "Double"]       1.7866479999999996e+00
   &PROP [&Type "Double"]       1.7067640000000068e+00
   &SUM [&Type "Double"]       9.5369794999999996e+01
$End
